-0.00131
-0.02230
0.04393
-0.45787
0.17897
4.03519
4.66732
4.16265
4.23051
4.20862
4.20665
4.20397
4.20111
4.20207
4.20024
4.20074
4.20118
4.19750
4.19525
4.19459
4.19885
4.19439
4.19029
4.19386
4.19189
4.19230
4.19288
4.18872
4.18899
4.18662
4.18267
4.18143
4.18285
4.18254
4.17943
4.18128
4.18124
4.17789
4.17747
4.17930
4.17647
4.17248
4.17301
4.17346
4.16858
4.16897
4.16884
4.16765
4.16944
4.16734
4.16567
4.16622
4.15870
4.16016
4.15983
4.15754
4.15927
4.15838
4.15788
4.15598
4.15605
4.15505
4.15102
4.14893
4.14973
4.14913
4.14965
4.14575
4.14525
4.14609
4.14469
4.14072
4.14195
4.14072
4.13743
4.13912
4.13601
4.13416
4.13539
4.13665
4.13242
4.12871
4.13069
4.12982
4.12739
4.12531
4.12547
4.12498
4.12110
4.11855
4.12176
4.12195
4.11783
4.11499
4.11634
4.11697
4.11658
4.11291
4.11127
4.10966
