-0.00079
-0.01355
0.02667
-0.27817
0.10832
2.45205
2.84023
2.53261
2.57190
2.56351
2.56001
2.55813
2.56402
2.56297
2.55956
2.56206
2.56436
2.56504
2.56465
2.56205
2.56331
2.56731
2.56656
2.56649
2.56857
2.56843
2.56539
2.56756
2.57364
2.57169
2.56981
2.57086
2.57031
2.57093
2.57133
2.57619
2.57747
2.57257
2.57132
2.57364
2.57323
2.57452
2.57493
2.57374
2.57810
2.58456
2.57916
2.57551
2.57750
2.57700
2.57694
2.58121
2.58405
2.58215
2.58212
2.58424
2.58256
2.58735
2.58348
2.57989
2.58507
2.58865
2.58891
2.58295
2.58630
2.59200
2.58803
2.58952
2.59119
2.58758
2.58876
2.59461
2.59126
2.58948
2.59209
2.59152
2.59228
2.59669
2.59560
2.59386
2.59779
2.60203
2.59785
2.59863
2.60259
2.60113
2.60051
2.60037
2.59892
2.60272
2.60130
2.60326
2.60388
2.60544
2.60622
2.60359
2.60463
2.60446
2.60551
2.60108
