-0.00170
-0.02907
0.05723
-0.59684
0.23250
5.25974
6.09266
5.44258
5.53161
5.50646
5.50436
5.50449
5.50629
5.50869
5.50859
5.50856
5.50850
5.51435
5.51643
5.51684
5.52132
5.52299
5.51978
5.51805
5.51915
5.51902
5.52101
5.52330
5.52622
5.52920
5.53113
5.53149
5.53525
5.53495
5.53543
5.53654
5.53745
5.54278
5.54258
5.53976
5.54156
5.53979
5.54135
5.54116
5.54250
5.54615
5.54538
5.54680
5.55291
5.55411
5.55245
5.55428
5.55739
5.55639
5.55569
5.55498
5.55957
5.55588
5.55735
5.56255
5.56187
5.56452
5.56604
5.57161
5.57304
5.57464
5.57391
5.57255
5.57448
5.57497
5.57884
5.57986
5.57879
5.58395
5.58559
5.58474
5.58605
5.58472
5.58467
5.58312
5.58676
5.59247
5.59339
5.59458
5.59376
5.59815
5.60067
5.60161
5.59835
5.59802
5.60163
5.59918
5.59678
5.59882
5.60213
5.60689
5.60713
5.60514
5.60378
5.60501
