-0.00020
-0.00340
0.00670
-0.06984
0.02728
0.61571
0.71229
0.63484
0.64370
0.63779
0.63792
0.63828
0.63784
0.63744
0.63778
0.63728
0.63686
0.63771
0.63414
0.63489
0.63776
0.63381
0.63241
0.63151
0.62877
0.62972
0.63188
0.63138
0.62867
0.62743
0.62857
0.62755
0.62428
0.62428
0.62654
0.62532
0.62381
0.62379
0.62373
0.62342
0.62089
0.62120
0.62291
0.62241
0.62003
0.61981
0.61918
0.61881
0.62071
0.61881
0.61583
0.61763
0.61715
0.61697
0.61529
0.61459
0.61374
0.61158
0.61322
0.61770
0.61300
0.60947
0.61242
0.61587
0.61424
0.61240
0.61282
0.61218
0.61113
0.61021
0.60834
0.60834
0.61078
0.60941
0.60934
0.60846
0.60739
0.60831
0.60894
0.60555
0.60524
0.60524
0.60414
0.60525
0.60152
0.60142
0.60221
0.60057
0.60085
0.60037
0.59915
0.59921
0.59816
0.59682
0.59747
0.59685
0.59574
0.59737
0.59396
0.59317
