-0.00003
-0.00058
0.00114
-0.01196
0.00453
0.10571
0.12328
0.10821
0.11106
0.11931
0.11951
0.11057
0.10751
0.10922
0.11026
0.11552
0.11245
0.11014
0.11150
0.11303
0.11215
0.11072
0.10919
0.11299
0.11512
0.11026
0.10824
0.10758
0.11023
0.11337
0.11639
0.11598
0.12364
0.11296
0.10691
0.10957
0.11120
0.11588
0.11846
0.11213
0.11063
0.11018
0.11873
0.12445
0.11613
0.11516
0.11019
0.10920
0.11869
0.11783
0.10845
0.11237
0.11941
0.11236
0.11156
0.11275
0.11461
0.11335
0.11001
0.10771
0.11554
0.11738
0.11307
0.11031
0.11076
0.11134
0.11635
0.11713
0.11251
0.11136
0.11315
0.11161
0.10977
0.10909
0.11147
0.11127
0.11381
0.11406
0.11291
0.11200
0.11224
0.11346
0.11284
0.11185
0.10902
0.11170
0.11606
0.11433
0.11092
0.11240
0.11492
0.11314
0.11426
0.11533
0.11360
0.11358
0.11469
0.11192
0.11351
0.11753
