-0.00158
-0.02694
0.05308
-0.55326
0.21627
4.87553
5.64074
5.03244
5.10875
5.07839
5.07439
5.07132
5.06928
5.06595
5.06260
5.05993
5.05626
5.05438
5.05114
5.04751
5.04536
5.04057
5.03766
5.03388
5.02986
5.02799
5.02421
5.02099
5.01765
5.01419
5.01178
5.00746
5.00444
5.00120
4.99701
4.99471
4.99130
4.98800
4.98517
4.98138
4.97870
4.97601
4.97268
4.96930
4.96552
4.96182
4.95869
4.95654
4.95205
4.94881
4.94675
4.94212
4.93926
4.93632
4.93201
4.92896
4.92513
4.92371
4.91952
4.91516
4.91302
4.90827
4.90534
4.90136
4.89719
4.89508
4.89034
4.88823
4.88513
4.88045
4.87762
4.87415
4.87009
4.86650
4.86290
4.86074
4.85750
4.85360
4.84945
4.84594
4.84370
4.84024
4.83657
4.83261
4.82866
4.82611
4.82374
4.82099
4.81722
4.81428
4.81185
4.80785
4.80494
4.80271
4.79985
4.79617
4.79170
4.78915
4.78576
4.78146
