-0.00120
-0.02041
0.04023
-0.41913
0.16406
3.69337
4.26973
3.80956
3.87411
3.85069
3.84473
3.83760
3.83732
3.83404
3.83440
3.83840
3.83327
3.83383
3.83044
3.82172
3.81671
3.81801
3.81307
3.80807
3.80585
3.80500
3.80475
3.80448
3.80188
3.79895
3.79649
3.78991
3.79188
3.79511
3.78936
3.78244
3.78384
3.77800
3.77695
3.77036
3.77191
3.77038
3.76809
3.76267
3.76028
3.75879
3.75716
3.75793
3.75024
3.74303
3.74626
3.74644
3.74942
3.74273
3.73519
3.73774
3.73610
3.73624
3.73284
3.72663
3.72547
3.72125
3.71727
3.71616
3.71525
3.71308
3.71238
3.70383
3.70092
3.70032
3.70180
3.70252
3.70329
3.69350
3.69157
3.69592
3.68759
3.68492
3.68815
3.68029
3.68202
3.68047
3.67598
3.67139
3.66786
3.66562
3.66071
3.66974
3.66268
3.65547
3.65544
3.65192
3.64962
3.64646
3.64252
3.63992
3.63608
3.63615
3.63317
3.62934
