-0.00126
-0.02155
0.04244
-0.44251
0.17263
3.90017
4.51448
4.02827
4.08954
4.06335
4.06483
4.06466
4.06797
4.06397
4.06165
4.06563
4.06054
4.05982
4.06341
4.05973
4.06027
4.05852
4.05830
4.06066
4.05565
4.06011
4.05977
4.05031
4.05310
4.05373
4.05245
4.05209
4.05094
4.04649
4.04648
4.04902
4.04781
4.04778
4.04623
4.04326
4.04734
4.05129
4.04735
4.04502
4.04157
4.04283
4.04333
4.03768
4.03882
4.03647
4.04502
4.04060
4.03274
4.03447
4.03711
4.03338
4.03441
4.03743
4.03479
4.03126
4.03128
4.02936
4.02968
4.03288
4.03522
4.02791
4.02437
4.02814
4.02551
4.02465
4.02586
4.02225
4.02082
4.02487
4.02504
4.01927
4.01934
4.02277
4.01951
4.01693
4.01803
4.02189
4.01970
4.01753
4.01713
4.01473
4.01241
4.00849
4.00801
4.00926
4.01127
4.00809
4.00471
4.00660
4.00725
4.00685
4.00739
4.00714
4.00459
4.00550
