-0.00007
-0.00114
0.00225
-0.02346
0.00905
0.20706
0.23936
0.21556
0.21933
0.20692
0.21905
0.22616
0.21300
0.21319
0.22205
0.23215
0.22687
0.22416
0.22987
0.22169
0.22940
0.24580
0.22142
0.20660
0.21417
0.22429
0.21691
0.22893
0.22239
0.20694
0.20948
0.21265
0.21506
0.21743
0.22107
0.21436
0.22384
0.21776
0.21500
0.22428
0.22458
0.22147
0.22070
0.22069
0.22697
0.22031
0.20959
0.21645
0.22586
0.20871
0.21570
0.22011
0.21731
0.22393
0.21839
0.22004
0.22266
0.21960
0.21435
0.21638
0.21340
0.20992
0.20851
0.20733
0.20661
0.21953
0.21768
0.21295
0.21616
0.22323
0.21323
0.20735
0.22171
0.22836
0.22031
0.22235
0.21617
0.20413
0.21546
0.22087
0.21573
0.21638
0.20612
0.21360
0.22348
0.22027
0.22096
0.22510
0.21902
0.20724
0.22471
0.22294
0.21795
0.21700
0.20721
0.20494
0.20727
0.20803
0.20869
0.21124
