-0.00189
-0.03224
0.06348
-0.66193
0.25796
5.83423
6.75716
6.02857
6.11841
6.08958
6.08556
6.08312
6.08123
6.07617
6.07607
6.07336
6.07379
6.07382
6.07277
6.07394
6.06710
6.06881
6.07289
6.06826
6.06579
6.06385
6.06377
6.06368
6.05790
6.05678
6.05617
6.05650
6.05218
6.04698
6.05009
6.04779
6.04715
6.04671
6.04435
6.04764
6.04326
6.04012
6.03979
6.03389
6.03384
6.02952
6.03015
6.02950
6.02817
6.02858
6.02693
6.02329
6.01966
6.01702
6.02147
6.02031
6.02019
6.01845
6.01218
6.01447
6.01084
6.00830
6.00866
6.00535
6.00561
6.00153
6.00051
6.00134
5.99992
6.00023
5.99458
5.99180
5.99230
5.99107
5.99210
5.99089
5.98747
5.98697
5.98140
5.98229
5.97837
5.97798
5.97849
5.97593
5.97834
5.97199
5.96683
5.97072
5.96715
5.96707
5.96755
5.96543
5.96410
5.95730
5.95899
5.95881
5.95701
5.95403
5.94919
5.95028
