-0.00053
-0.00898
0.01766
-0.18431
0.07154
1.62453
1.88132
1.68491
1.72388
1.71993
1.72419
1.70536
1.71674
1.72349
1.74268
1.74697
1.74236
1.74973
1.71807
1.67768
1.68757
1.69004
1.68401
1.69160
1.69254
1.68806
1.69593
1.68699
1.69766
1.73982
1.69203
1.64734
1.70645
1.71563
1.65386
1.63910
1.64269
1.64374
1.65327
1.67303
1.68285
1.65698
1.66826
1.70308
1.70378
1.69315
1.69737
1.68511
1.66422
1.66251
1.68003
1.69100
1.66847
1.66654
1.68202
1.66384
1.65643
1.65686
1.65260
1.63606
1.63429
1.64357
1.65312
1.65861
1.65646
1.65483
1.64787
1.65906
1.69380
1.66820
1.63873
1.65336
1.66775
1.69719
1.68038
1.64945
1.65813
1.66344
1.65186
1.64865
1.65918
1.64485
1.63809
1.63367
1.63815
1.67446
1.71674
1.66813
1.66567
1.70564
1.66983
1.65991
1.66748
1.64952
1.66661
1.67492
1.65790
1.64909
1.66607
1.68468
