-0.00103
-0.01758
0.03463
-0.36092
0.14108
3.18056
3.67986
3.28272
3.33356
3.31699
3.31492
3.31589
3.31496
3.31277
3.31135
3.30980
3.31149
3.31098
3.31090
3.30886
3.30850
3.30807
3.30750
3.30801
3.30653
3.30542
3.30410
3.30370
3.30306
3.30134
3.30200
3.30232
3.30372
3.30618
3.30496
3.30402
3.30284
3.30160
3.30195
3.30089
3.30170
3.30204
3.30029
3.30034
3.29937
3.29727
3.29764
3.29678
3.29617
3.29637
3.29637
3.29515
3.29233
3.29173
3.29000
3.28901
3.28840
3.28731
3.28575
3.28337
3.28479
3.28655
3.28262
3.28220
3.28011
3.27909
3.27901
3.27641
3.27613
3.27413
3.27226
3.27286
3.27195
3.27129
3.27087
3.27050
3.26854
3.26634
3.26634
3.26424
3.26126
3.26157
3.26284
3.26134
3.25999
3.25915
3.25873
3.25659
3.25377
3.25105
3.24938
3.24802
3.24594
3.24717
3.24582
3.24516
3.24413
3.24192
3.24156
3.24150
