-0.00179
-0.03051
0.06008
-0.62644
0.24435
5.52095
6.39087
5.70370
5.79706
5.77274
5.77886
5.77959
5.78142
5.78629
5.78219
5.77735
5.79050
5.79301
5.78899
5.78479
5.78654
5.78907
5.78222
5.78072
5.78563
5.78482
5.78173
5.78842
5.79721
5.79657
5.79581
5.79806
5.79879
5.79872
5.80121
5.79995
5.79731
5.79770
5.79867
5.80274
5.80641
5.80376
5.79674
5.80119
5.80836
5.80500
5.79898
5.79929
5.80168
5.80076
5.79826
5.80365
5.80207
5.79351
5.80024
5.79860
5.78887
5.78340
5.76384
5.74164
5.72649
5.71079
5.70214
5.69253
5.68815
5.68619
5.68277
5.68548
5.68979
5.69450
5.70477
5.70501
5.70166
5.69379
5.67147
5.65662
5.66844
5.67797
5.68573
5.68657
5.68349
5.69061
5.69067
5.68522
5.69003
5.69376
5.69286
5.69202
5.69944
5.71285
5.71979
5.73104
5.74784
5.75427
5.75654
5.77095
5.76552
5.74466
5.74566
5.74760
