-0.00247
-0.04224
0.08317
-0.86718
0.33829
7.64237
8.84767
7.89759
8.02312
7.98345
7.98116
7.98103
7.98112
7.98152
7.98139
7.98138
7.98153
7.98187
7.98214
7.98180
7.98190
7.98230
7.98142
7.98114
7.98123
7.98041
7.97953
7.97936
7.97936
7.97956
7.97963
7.97994
7.98060
7.98146
7.98187
7.98223
7.98200
7.98177
7.98125
7.98108
7.98082
7.98059
7.98082
7.98078
7.98084
7.98070
7.98067
7.98071
7.98093
7.98089
7.98082
7.98065
7.98015
7.98035
7.98072
7.98034
7.98042
7.98071
7.98077
7.98107
7.98111
7.98115
7.98100
7.98090
7.98130
7.98137
7.98112
7.98145
7.98165
7.98168
7.98164
7.98192
7.98164
7.98136
7.98160
7.98182
7.98143
7.98082
7.98046
7.98010
7.97955
7.97921
7.97974
7.97979
7.97979
7.98043
7.98112
7.98165
7.98190
7.98211
7.98196
7.98117
7.98074
7.98074
7.98070
7.98096
7.98084
7.98053
7.98058
7.98069
