-0.00021
-0.00355
0.00699
-0.07287
0.02844
0.64216
0.74317
0.66354
0.67496
0.67073
0.67006
0.67154
0.67051
0.67147
0.67545
0.67378
0.67246
0.67216
0.67379
0.67416
0.67117
0.67147
0.67372
0.67087
0.67218
0.67629
0.67663
0.67417
0.67304
0.67443
0.67490
0.67352
0.67265
0.67523
0.67614
0.67460
0.67649
0.67549
0.67399
0.67679
0.67540
0.67493
0.67538
0.67629
0.67471
0.67496
0.67718
0.67556
0.67661
0.67824
0.67752
0.67641
0.67643
0.67529
0.67623
0.67717
0.67715
0.67706
0.67606
0.67776
0.67892
0.67817
0.68046
0.67864
0.67765
0.67891
0.67788
0.67910
0.67955
0.68135
0.67898
0.67934
0.68069
0.67836
0.67938
0.68034
0.67948
0.67760
0.67847
0.68092
0.68180
0.68112
0.68102
0.68102
0.68269
0.68138
0.68250
0.68232
0.68293
0.68296
0.68486
0.68411
0.68151
0.67994
0.68211
0.68254
0.68135
0.68200
0.68416
0.68410
