-0.00025
-0.00420
0.00827
-0.08618
0.03362
0.75963
0.87890
0.78342
0.79732
0.79529
0.79469
0.79258
0.79257
0.79349
0.79281
0.79317
0.79172
0.79415
0.79387
0.79047
0.79237
0.79062
0.79074
0.79311
0.79320
0.79365
0.79386
0.79180
0.79391
0.79474
0.79226
0.79176
0.79205
0.79171
0.79220
0.79097
0.79279
0.79459
0.79367
0.79263
0.79142
0.79140
0.79178
0.79199
0.79293
0.79432
0.79150
0.78978
0.79080
0.79160
0.79185
0.79223
0.79278
0.79358
0.79056
0.79150
0.79053
0.78860
0.79121
0.79067
0.78970
0.79138
0.79315
0.79091
0.79180
0.79166
0.78941
0.79019
0.79137
0.79362
0.79119
0.79059
0.79044
0.79136
0.79297
0.79110
0.78795
0.78862
0.78958
0.78960
0.79112
0.79216
0.78974
0.78915
0.79038
0.79010
0.78806
0.78879
0.79203
0.79191
0.79112
0.79149
0.79007
0.78903
0.79210
0.79125
0.78948
0.78960
0.79121
0.79144
