-0.00012
-0.00197
0.00390
-0.04050
0.01618
0.35651
0.40923
0.36453
0.37055
0.36422
0.36040
0.36188
0.36844
0.36858
0.36781
0.36722
0.36602
0.37208
0.37403
0.37316
0.37322
0.37237
0.37186
0.37384
0.37302
0.36999
0.36681
0.37046
0.36860
0.36845
0.36646
0.36572
0.36915
0.37103
0.37240
0.36837
0.36296
0.36333
0.36936
0.36635
0.36395
0.36479
0.36320
0.36064
0.36208
0.36542
0.36694
0.36849
0.36735
0.36763
0.36839
0.36449
0.36119
0.36022
0.35841
0.35882
0.36089
0.36524
0.36155
0.35899
0.36048
0.35949
0.36173
0.36559
0.35945
0.35762
0.36005
0.35898
0.35718
0.36403
0.36756
0.36250
0.36298
0.36697
0.36729
0.36527
0.36376
0.36631
0.36618
0.36343
0.36056
0.36029
0.36449
0.36333
0.36051
0.36111
0.36539
0.36666
0.36214
0.36229
0.36370
0.36393
0.36450
0.36265
0.35876
0.36045
0.36269
0.36161
0.36036
0.35919
