-0.00004
-0.00066
0.00129
-0.01347
0.00523
0.11896
0.13661
0.12168
0.12899
0.12655
0.11944
0.11844
0.12503
0.12553
0.12358
0.12483
0.12169
0.12397
0.12872
0.12597
0.12516
0.12350
0.12335
0.12506
0.12546
0.12521
0.12417
0.12418
0.12356
0.12531
0.12813
0.12595
0.12500
0.12468
0.12823
0.12758
0.12518
0.13091
0.13248
0.12520
0.12520
0.12489
0.12426
0.12438
0.12980
0.12747
0.12661
0.12808
0.12965
0.12905
0.12604
0.13061
0.13048
0.12491
0.12869
0.12997
0.12367
0.13175
0.12890
0.12590
0.13378
0.13267
0.13165
0.13305
0.12845
0.12486
0.13027
0.12937
0.12672
0.12915
0.12512
0.12834
0.13019
0.12721
0.12580
0.12717
0.13153
0.13371
0.13746
0.13276
0.13026
0.12918
0.12803
0.12998
0.13259
0.13025
0.12951
0.12951
0.12585
0.13268
0.13536
0.12658
0.13165
0.13155
0.12417
0.12972
0.13241
0.12631
0.12576
0.12690
