-0.00000
-0.00007
0.00013
-0.00135
0.00043
0.01260
0.01411
0.00880
0.00973
0.01094
0.01037
0.01144
0.01326
0.01168
0.01200
0.01244
0.01129
0.01261
0.01198
0.01159
0.01200
0.01117
0.01159
0.01036
0.01105
0.01145
0.01147
0.01137
0.01041
0.01146
0.01092
0.00949
0.01152
0.01140
0.00882
0.00999
0.01415
0.01084
0.00955
0.01114
0.01300
0.01249
0.00884
0.01305
0.01243
0.01128
0.01411
0.01193
0.01123
0.01054
0.01001
0.01372
0.01252
0.00983
0.01044
0.01169
0.01016
0.01332
0.01258
0.01218
0.01325
0.01171
0.01243
0.01285
0.01123
0.01284
0.01261
0.01282
0.01242
0.01237
0.01208
0.00992
0.01289
0.01238
0.01020
0.00993
0.01598
0.01802
0.01377
0.01336
0.01584
0.01245
0.00927
0.01014
0.01485
0.01232
0.01094
0.00944
0.01096
0.01302
0.01661
0.01726
0.01314
0.01034
0.01133
0.01265
0.01477
0.01290
0.01214
0.01232
