-0.00004
-0.00073
0.00143
-0.01499
0.00566
0.13219
0.15505
0.13685
0.14370
0.15699
0.14291
0.13678
0.14172
0.14161
0.14316
0.14099
0.14300
0.14358
0.14125
0.14397
0.13980
0.14552
0.15630
0.15017
0.14064
0.14146
0.14669
0.13949
0.14069
0.14644
0.14265
0.13747
0.14122
0.15119
0.15054
0.14193
0.14100
0.14362
0.14555
0.14351
0.14387
0.14355
0.13979
0.14016
0.14324
0.14227
0.14071
0.14182
0.14158
0.14162
0.14405
0.14476
0.14841
0.15184
0.14381
0.14173
0.14454
0.14280
0.14086
0.14336
0.14907
0.14485
0.14478
0.14223
0.14848
0.15304
0.14880
0.15164
0.14774
0.14281
0.14067
0.14219
0.14295
0.14157
0.14513
0.14765
0.14344
0.14128
0.14329
0.14457
0.14699
0.15185
0.15461
0.14366
0.14512
0.15139
0.14633
0.14415
0.14292
0.14293
0.14575
0.14473
0.14342
0.14404
0.14379
0.14347
0.14352
0.14201
0.14580
0.15031
