-0.00002
-0.00029
0.00056
-0.00590
0.00232
0.05095
0.06147
0.05844
0.05751
0.06542
0.06619
0.07019
0.06580
0.05771
0.05433
0.05698
0.06263
0.07034
0.06308
0.05029
0.05496
0.04897
0.05903
0.08101
0.06590
0.06308
0.05927
0.06423
0.09274
0.06669
0.06359
0.05958
0.05389
0.06297
0.07202
0.06074
0.06148
0.06604
0.07032
0.07244
0.06178
0.06011
0.05595
0.06111
0.05725
0.06342
0.05849
0.05828
0.08433
0.08267
0.06740
0.06592
0.06916
0.06040
0.06606
0.07523
0.05838
0.05418
0.06480
0.05763
0.06164
0.06661
0.06710
0.06174
0.05190
0.04822
0.05170
0.05972
0.06287
0.05540
0.04218
0.05238
0.07629
0.07196
0.06532
0.06390
0.05386
0.06121
0.05826
0.05959
0.06143
0.06606
0.04424
0.04344
0.06369
0.07030
0.05251
0.06097
0.06185
0.05789
0.06190
0.08012
0.06887
0.05945
0.05288
0.05846
0.07269
0.04947
0.04835
0.05530
