-0.00023
-0.00391
0.00779
-0.08042
0.03300
0.70790
0.80183
0.70858
0.72349
0.70022
0.71193
0.74150
0.75096
0.74468
0.73733
0.73423
0.74133
0.74450
0.75525
0.76650
0.76019
0.74684
0.75137
0.72830
0.67957
0.71278
0.73225
0.72146
0.72664
0.72149
0.71864
0.71886
0.71735
0.72473
0.72672
0.71249
0.70809
0.73145
0.74309
0.74230
0.73747
0.73496
0.73937
0.74006
0.71850
0.70721
0.71413
0.72157
0.71926
0.70476
0.70660
0.71102
0.71304
0.71512
0.70988
0.70433
0.70911
0.71418
0.71314
0.71377
0.70934
0.70152
0.69456
0.70919
0.70972
0.70352
0.70287
0.70751
0.70263
0.69875
0.69679
0.69772
0.70030
0.69694
0.70045
0.70242
0.70921
0.70773
0.69806
0.68307
0.69047
0.69931
0.68883
0.69501
0.68874
0.70462
0.70926
0.70038
0.71551
0.71135
0.70589
0.70125
0.71720
0.72233
0.71531
0.70880
0.68394
0.68521
0.69933
0.68302
