-0.00175
-0.02993
0.05893
-0.61439
0.23959
5.41491
6.26941
5.59520
5.68374
5.65496
5.65291
5.65339
5.65147
5.65092
5.64984
5.64952
5.64940
5.64783
5.64779
5.64681
5.64747
5.64624
5.64453
5.64536
5.64521
5.64450
5.64366
5.64266
5.64158
5.64186
5.64055
5.63953
5.63943
5.64122
5.63887
5.63765
5.63945
5.63656
5.63579
5.63664
5.63622
5.63482
5.63398
5.63284
5.63218
5.63143
5.63024
5.62850
5.62888
5.62866
5.62725
5.62808
5.62837
5.62696
5.62501
5.62455
5.62431
5.62340
5.62257
5.62303
5.62174
5.62210
5.62077
5.61994
5.61872
5.61763
5.61791
5.61644
5.61720
5.61665
5.61456
5.61420
5.61341
5.61405
5.61479
5.61356
5.61239
5.61139
5.61077
5.61114
5.60963
5.60875
5.60751
5.60659
5.60691
5.60589
5.60529
5.60448
5.60369
5.60235
5.60077
5.60141
5.60068
5.60135
5.60028
5.59857
5.59700
5.59648
5.59640
5.59667
