-0.00229
-0.03905
0.07690
-0.80181
0.31275
7.06636
8.18101
7.30219
7.41830
7.38159
7.37937
7.37956
7.37950
7.37953
7.37944
7.37947
7.37956
7.37971
7.38006
7.37989
7.37948
7.37900
7.37839
7.37821
7.37808
7.37823
7.37835
7.37807
7.37855
7.37942
7.38000
7.38031
7.38010
7.37992
7.37957
7.37942
7.37938
7.37929
7.37927
7.37927
7.37927
7.37918
7.37910
7.37929
7.37915
7.37907
7.37946
7.37932
7.37920
7.37918
7.37911
7.37915
7.37919
7.37938
7.37948
7.37934
7.37913
7.37912
7.37917
7.37909
7.37920
7.37945
7.37947
7.37928
7.37930
7.37932
7.37931
7.37928
7.37941
7.37954
7.37959
7.37951
7.37961
7.37988
7.37979
7.37938
7.37899
7.37866
7.37856
7.37844
7.37820
7.37804
7.37809
7.37845
7.37918
7.37996
7.38049
7.38036
7.37986
7.37942
7.37934
7.37921
7.37927
7.37923
7.37916
7.37917
7.37929
7.37932
7.37933
7.37923
