-0.00034
-0.00576
0.01136
-0.11836
0.04635
1.04274
1.20560
1.07711
1.09589
1.08762
1.08566
1.08758
1.08637
1.08457
1.08734
1.08722
1.08780
1.08697
1.08713
1.09008
1.08742
1.08627
1.08690
1.08508
1.08362
1.08442
1.08324
1.08325
1.08508
1.08573
1.08512
1.08413
1.08357
1.08482
1.08417
1.08404
1.08658
1.08427
1.08254
1.08340
1.08389
1.08468
1.08288
1.08263
1.08396
1.08320
1.08211
1.08246
1.08430
1.08319
1.07991
1.08037
1.08025
1.08023
1.08148
1.08108
1.07900
1.08243
1.08077
1.08020
1.08150
1.08030
1.08025
1.07895
1.07932
1.08050
1.07896
1.07814
1.07879
1.07722
1.08058
1.08223
1.07963
1.07920
1.07989
1.07968
1.07916
1.07624
1.07524
1.07762
1.07779
1.07780
1.07821
1.07736
1.07729
1.07678
1.07506
1.07493
1.07727
1.07538
1.07511
1.07706
1.07393
1.07400
1.07516
1.07670
1.07569
1.07385
1.07528
1.07630
