-0.00032
-0.00545
0.01073
-0.11193
0.04348
0.98736
1.14473
1.01673
1.02572
1.02317
1.02540
1.02466
1.03186
1.03306
1.03517
1.04002
1.03086
1.02920
1.03227
1.03188
1.02096
1.01479
1.01551
1.01335
1.01657
1.01692
1.01171
1.01453
1.01679
1.01320
1.00995
1.01250
1.01135
1.01203
1.01562
1.02759
1.03207
1.02210
1.01726
1.02258
1.02436
1.02742
1.02869
1.02771
1.03109
1.02686
1.03099
1.02612
1.02239
1.03918
1.03800
1.01783
1.01370
1.01509
1.01201
1.01708
1.02564
1.02493
1.02600
1.02727
1.02394
1.01908
1.01781
1.01991
1.02251
1.02187
1.01954
1.01258
1.01272
1.01539
1.01493
1.01593
1.02013
1.00955
1.00127
1.01598
1.01870
1.01612
1.01945
1.01381
1.00569
1.00517
1.00934
1.01040
1.01020
1.00907
1.00310
1.00411
1.01497
1.01627
1.01254
1.01179
1.01608
1.01746
1.01588
1.01211
1.01883
1.01930
1.01624
1.01589
