-0.00007
-0.00114
0.00225
-0.02346
0.00908
0.20681
0.23996
0.21319
0.21984
0.22462
0.21982
0.21970
0.21518
0.21560
0.21489
0.21300
0.21692
0.22300
0.21510
0.21501
0.22251
0.21789
0.21729
0.21675
0.21605
0.21474
0.21910
0.22049
0.22007
0.21931
0.22004
0.22085
0.21276
0.21025
0.20435
0.18145
0.17373
0.17524
0.17514
0.17156
0.17208
0.17844
0.17832
0.17963
0.18754
0.18250
0.18657
0.18657
0.18616
0.19656
0.18657
0.18807
0.19097
0.18766
0.18538
0.18538
0.18783
0.18778
0.18803
0.18984
0.18564
0.19023
0.19242
0.19124
0.19176
0.18753
0.18676
0.19436
0.19448
0.19066
0.19097
0.19299
0.19449
0.19511
0.19217
0.19283
0.19549
0.19700
0.19523
0.19633
0.19730
0.19548
0.19379
0.19680
0.20097
0.19394
0.19165
0.19702
0.19702
0.19263
0.19838
0.19886
0.19483
0.19284
0.19734
0.19442
0.19608
0.20333
0.19610
0.19541
