-0.00228
-0.03898
0.07675
-0.80022
0.31218
7.05215
8.16458
7.28825
7.40323
7.36659
7.36481
7.36461
7.36437
7.36424
7.36435
7.36463
7.36468
7.36439
7.36432
7.36454
7.36487
7.36464
7.36448
7.36445
7.36458
7.36432
7.36432
7.36417
7.36490
7.36453
7.36407
7.36421
7.36402
7.36403
7.36400
7.36443
7.36442
7.36436
7.36455
7.36495
7.36503
7.36502
7.36442
7.36430
7.36469
7.36440
7.36458
7.36415
7.36441
7.36483
7.36464
7.36462
7.36443
7.36402
7.36434
7.36480
7.36425
7.36406
7.36445
7.36441
7.36435
7.36409
7.36433
7.36452
7.36453
7.36462
7.36451
7.36457
7.36429
7.36439
7.36469
7.36454
7.36431
7.36465
7.36473
7.36429
7.36474
7.36490
7.36407
7.36407
7.36458
7.36444
7.36478
7.36461
7.36439
7.36415
7.36465
7.36424
7.36405
7.36478
7.36430
7.36397
7.36430
7.36400
7.36356
7.36362
7.36428
7.36470
7.36459
7.36438
