-0.00001
-0.00020
0.00039
-0.00417
0.00144
0.03722
0.04389
0.03882
0.04154
0.04180
0.04206
0.04079
0.03921
0.03909
0.04125
0.04323
0.04260
0.04035
0.03897
0.04147
0.04168
0.04103
0.04098
0.04020
0.04125
0.04010
0.03959
0.04126
0.04168
0.03968
0.03834
0.03809
0.04188
0.04279
0.03949
0.03882
0.03844
0.04023
0.03898
0.03840
0.03906
0.03799
0.04024
0.04017
0.03724
0.03806
0.03908
0.03894
0.03926
0.04082
0.03719
0.03720
0.03878
0.03470
0.03567
0.03939
0.03581
0.03578
0.03736
0.03824
0.03809
0.03745
0.03992
0.03836
0.03822
0.04068
0.03793
0.03890
0.03860
0.03724
0.03626
0.03796
0.03905
0.03901
0.03906
0.03618
0.03670
0.03789
0.03732
0.03522
0.03950
0.03958
0.03645
0.03540
0.03469
0.03917
0.03764
0.03266
0.03255
0.03603
0.03749
0.03512
0.03535
0.03638
0.03418
0.03602
0.03766
0.03544
0.03565
0.03715
