-0.00129
-0.02209
0.04348
-0.45348
0.17670
3.99602
4.62986
4.13680
4.20009
4.18059
4.17799
4.18050
4.18575
4.18760
4.19298
4.18987
4.18340
4.18171
4.17547
4.17051
4.16442
4.15909
4.15925
4.15081
4.14030
4.13023
4.11960
4.11314
4.11699
4.09694
4.04974
4.04819
4.06450
4.07150
4.07497
4.06991
4.06364
4.06093
4.05928
4.06062
4.05552
4.05617
4.05897
4.05359
4.04918
4.04461
4.04324
4.04431
4.04149
4.03534
4.02887
4.02930
4.02328
4.02225
4.02265
4.02265
4.03034
4.03440
4.03443
4.04324
4.05226
4.05321
4.05726
4.05629
4.02286
3.98027
3.98647
4.01008
3.96243
3.93258
3.94524
3.94886
3.94276
3.93826
3.93993
3.93715
3.92858
3.92302
3.92424
3.92973
3.91133
3.89441
3.96820
4.03251
4.02881
3.93896
3.89770
3.95859
3.95949
3.98146
4.00630
3.97855
3.99719
4.04786
4.05733
4.03655
3.98770
3.99180
4.00618
4.00594
