-0.00090
-0.01530
0.03017
-0.31431
0.12327
2.76888
3.20131
2.85681
2.89851
2.88360
2.88009
2.87644
2.87616
2.87472
2.87314
2.86892
2.86444
2.86375
2.86478
2.86450
2.86087
2.85908
2.85839
2.85482
2.85271
2.85275
2.85071
2.84834
2.84554
2.84707
2.84660
2.84368
2.84063
2.83985
2.83815
2.83331
2.83210
2.83091
2.82938
2.82759
2.82351
2.82327
2.82132
2.81707
2.81737
2.81664
2.81602
2.81251
2.80916
2.80693
2.80456
2.80503
2.80288
2.80127
2.80146
2.79828
2.79439
2.79198
2.79224
2.78813
2.78429
2.77836
2.77442
2.77673
2.77990
2.77973
2.77781
2.77122
2.77367
2.77925
2.77567
2.77066
2.76670
2.76345
2.76260
2.76127
2.75954
2.75642
2.75484
2.75216
2.75215
2.75015
2.74090
2.73372
2.73234
2.73854
2.73858
2.73059
2.72856
2.72342
2.71942
2.72158
2.71971
2.71600
2.70916
2.70824
2.71055
2.70886
2.70442
2.70039
