-0.00142
-0.02423
0.04772
-0.49743
0.19427
4.38362
5.07334
4.52718
4.59707
4.57330
4.57037
4.56859
4.56635
4.56350
4.56097
4.56031
4.55886
4.55728
4.55574
4.55537
4.55341
4.55054
4.54907
4.54599
4.54722
4.54579
4.54310
4.54125
4.53971
4.53870
4.53611
4.53431
4.53345
4.53182
4.53104
4.52803
4.52600
4.52660
4.52398
4.52133
4.52009
4.51804
4.51671
4.51458
4.51275
4.51152
4.51048
4.50755
4.50581
4.50491
4.50346
4.50185
4.50057
4.49893
4.49879
4.49751
4.49382
4.49316
4.49231
4.49002
4.48799
4.48533
4.48584
4.48349
4.48231
4.47982
4.47747
4.47616
4.47394
4.47235
4.47118
4.46897
4.46813
4.46538
4.46305
4.46304
4.46122
4.45919
4.45750
4.45587
4.45393
4.44912
4.44709
4.44632
4.44559
4.44363
4.44208
4.43735
4.43581
4.43652
4.43579
4.43477
4.43361
4.43164
4.43047
4.42806
4.42574
4.42399
4.42214
4.42136
