-0.00079
-0.01347
0.02654
-0.27670
0.10821
2.43736
2.82072
2.52103
2.56116
2.56186
2.57912
2.55014
2.50007
2.48879
2.48825
2.47979
2.47878
2.47504
2.46627
2.46239
2.46628
2.49814
2.50416
2.49454
2.48638
2.45664
2.43249
2.43517
2.42053
2.39095
2.39056
2.39672
2.39264
2.38508
2.38517
2.40365
2.43016
2.44627
2.47390
2.42949
2.33280
2.42196
2.46358
2.43741
2.42437
2.43080
2.44081
2.45159
2.45096
2.45538
2.46398
2.46919
2.45749
2.44365
2.44371
2.45080
2.44913
2.44939
2.45264
2.44966
2.44606
2.43875
2.41974
2.41721
2.41075
2.40561
2.42447
2.42833
2.42284
2.41727
2.41716
2.41737
2.41491
2.41798
2.41547
2.41269
2.40590
2.39787
2.39471
2.39552
2.38820
2.37845
2.37393
2.37558
2.36186
2.34163
2.34401
2.32711
2.32125
2.31248
2.22705
2.17533
2.27202
2.41778
2.44090
2.42533
2.42036
2.41105
2.40779
2.40964
