-0.00003
-0.00052
0.00105
-0.01077
0.00472
0.09425
0.10389
0.09270
0.09752
0.09298
0.09215
0.09216
0.09280
0.09348
0.09520
0.09155
0.09310
0.09245
0.09287
0.09295
0.08970
0.09315
0.09727
0.09402
0.09447
0.09300
0.09075
0.09441
0.09568
0.09160
0.09369
0.09324
0.09136
0.09155
0.09255
0.09174
0.09252
0.09612
0.09648
0.09241
0.09209
0.09539
0.09441
0.09313
0.09344
0.09303
0.09249
0.09208
0.09025
0.09137
0.09277
0.09305
0.09350
0.09376
0.09174
0.09359
0.09234
0.09118
0.09545
0.09305
0.09547
0.09611
0.09406
0.09313
0.09419
0.09113
0.09072
0.09338
0.09377
0.09231
0.09343
0.09220
0.09132
0.09324
0.09589
0.09352
0.09458
0.09272
0.09188
0.09391
0.09397
0.09178
0.09243
0.09305
0.09288
0.09378
0.09430
0.09265
0.09487
0.09587
0.09673
0.09472
0.09260
0.09157
0.09309
0.09444
0.09517
0.09547
0.09220
0.09155
