-0.00032
-0.00554
0.01090
-0.11373
0.04430
1.00226
1.16105
1.03665
1.05357
1.05064
1.04900
1.04812
1.04939
1.04850
1.04855
1.04810
1.04819
1.04829
1.04797
1.04853
1.04870
1.04874
1.04812
1.04946
1.04921
1.04916
1.04966
1.04885
1.04834
1.04679
1.04693
1.04817
1.04910
1.04989
1.04872
1.04923
1.05008
1.05177
1.05094
1.05137
1.04958
1.04827
1.04982
1.05147
1.05107
1.05034
1.04893
1.04835
1.04929
1.04984
1.05014
1.05007
1.05000
1.05172
1.05220
1.05311
1.05362
1.05179
1.04995
1.05301
1.05352
1.05179
1.05184
1.05170
1.05327
1.05353
1.05197
1.05314
1.05297
1.05298
1.05385
1.05490
1.05376
1.05223
1.05317
1.05282
1.05430
1.05472
1.05437
1.05370
1.05398
1.05466
1.05535
1.05516
1.05451
1.05435
1.05396
1.05321
1.05342
1.05161
1.05234
1.05244
1.05211
1.05299
1.05415
1.05424
1.05237
1.05563
1.05659
1.05525
