-0.00006
-0.00100
0.00197
-0.02049
0.00819
0.17984
0.20748
0.18862
0.18731
0.18358
0.19774
0.19086
0.18340
0.18811
0.18510
0.18543
0.19143
0.19172
0.19253
0.19533
0.18375
0.18357
0.18850
0.18401
0.18967
0.19133
0.19053
0.18662
0.18883
0.19830
0.18858
0.18949
0.19040
0.18392
0.18422
0.18977
0.19008
0.18475
0.18495
0.18654
0.19651
0.20051
0.19284
0.19140
0.19358
0.18886
0.18475
0.18940
0.19378
0.18935
0.18445
0.18568
0.19221
0.20199
0.19071
0.17930
0.17962
0.19105
0.20182
0.19257
0.18636
0.18981
0.18907
0.18893
0.19086
0.19114
0.18964
0.18804
0.18757
0.18865
0.18796
0.18578
0.18568
0.18671
0.18435
0.18465
0.18634
0.18777
0.18817
0.18989
0.19508
0.19854
0.18977
0.18530
0.18638
0.19114
0.18724
0.18653
0.18718
0.18367
0.18759
0.19697
0.19595
0.19695
0.19320
0.18870
0.19768
0.19367
0.19115
0.18720
