-0.00004
-0.00067
0.00132
-0.01377
0.00538
0.12097
0.13969
0.12888
0.13766
0.12298
0.11129
0.13270
0.12633
0.12725
0.12374
0.11942
0.13272
0.13525
0.14695
0.12288
0.13836
0.15518
0.13905
0.12346
0.11455
0.12205
0.12571
0.13501
0.17625
0.12896
0.12058
0.14476
0.13763
0.13704
0.11906
0.11202
0.11581
0.12948
0.13304
0.11362
0.10980
0.11730
0.13085
0.12556
0.13560
0.12763
0.11540
0.11319
0.12329
0.12908
0.11298
0.10812
0.13623
0.13738
0.11527
0.12188
0.14434
0.12725
0.12774
0.13564
0.14220
0.15598
0.13100
0.12819
0.13657
0.13423
0.11256
0.12529
0.14181
0.11394
0.12184
0.14621
0.15114
0.13285
0.11447
0.12461
0.13968
0.14922
0.15108
0.13467
0.13484
0.13178
0.13438
0.13338
0.11806
0.11726
0.13020
0.13639
0.14417
0.13805
0.11212
0.11504
0.12001
0.12328
0.12915
0.12558
0.12143
0.11637
0.11180
0.12551
