-0.00113
-0.01921
0.03787
-0.39447
0.15481
3.47525
4.01579
3.58120
3.63871
3.62349
3.61623
3.61420
3.61596
3.61467
3.61220
3.61034
3.60640
3.60886
3.61167
3.60465
3.60272
3.60217
3.60064
3.60079
3.59157
3.58979
3.59316
3.58990
3.58634
3.58501
3.58679
3.59010
3.58469
3.57974
3.57804
3.57768
3.57613
3.57274
3.56937
3.56890
3.56840
3.56542
3.56714
3.56535
3.56432
3.56463
3.55792
3.55638
3.55208
3.55234
3.55420
3.55348
3.55116
3.55428
3.55144
3.54501
3.54267
3.54065
3.53879
3.53972
3.54228
3.53881
3.53257
3.53314
3.53288
3.53391
3.53607
3.52682
3.52311
3.52050
3.52131
3.52519
3.51880
3.51574
3.51478
3.51385
3.51162
3.50398
3.50203
3.50717
3.50488
3.50581
3.50132
3.49368
3.49229
3.49415
3.49103
3.49048
3.48662
3.48434
3.48839
3.48733
3.48484
3.48177
3.47979
3.47997
3.47512
3.47569
3.47778
3.46866
