-0.00163
-0.02786
0.05487
-0.57204
0.22332
5.04108
5.83494
5.20851
5.29024
5.26235
5.26283
5.26418
5.26256
5.26349
5.26255
5.26065
5.26467
5.26433
5.26219
5.26268
5.26291
5.26138
5.26049
5.26174
5.26317
5.26284
5.26173
5.26015
5.26006
5.26060
5.26014
5.26049
5.26102
5.25830
5.25707
5.25879
5.25990
5.25932
5.25921
5.25932
5.25765
5.25583
5.25776
5.25745
5.25587
5.25788
5.25745
5.25744
5.25752
5.25800
5.25654
5.25680
5.25671
5.25699
5.25394
5.25203
5.25168
5.25300
5.25159
5.25217
5.25244
5.25315
5.25217
5.25225
5.25179
5.25094
5.25133
5.25117
5.25004
5.25096
5.25030
5.24990
5.24972
5.24803
5.24820
5.24803
5.24723
5.24851
5.24532
5.24496
5.24743
5.24621
5.24489
5.24385
5.24630
5.24634
5.24401
5.24512
5.24309
5.24404
5.24389
5.24439
5.24265
5.24183
5.24196
5.24333
5.24068
5.24027
5.24208
5.24135
