-0.00048
-0.00820
0.01614
-0.16837
0.06555
1.48403
1.71955
1.53485
1.55791
1.55216
1.54796
1.53922
1.53853
1.53358
1.53150
1.52746
1.52489
1.52977
1.53238
1.53260
1.53423
1.54116
1.54241
1.53391
1.53289
1.54262
1.54481
1.54734
1.54132
1.53243
1.53499
1.52863
1.52513
1.53729
1.53928
1.52932
1.52565
1.53121
1.53147
1.53363
1.53048
1.52566
1.52314
1.52803
1.52825
1.52438
1.52867
1.52890
1.52896
1.52400
1.52538
1.53102
1.53132
1.52730
1.52879
1.53218
1.53766
1.53584
1.53762
1.53571
1.53571
1.52898
1.53090
1.53398
1.53409
1.53092
1.52784
1.52620
1.52540
1.52224
1.51065
1.51327
1.52159
1.52399
1.52218
1.52459
1.52846
1.52273
1.52334
1.51936
1.51481
1.52145
1.52037
1.51944
1.51771
1.51636
1.51804
1.51738
1.51980
1.52729
1.52800
1.51778
1.51300
1.51977
1.52248
1.51790
1.51607
1.51073
1.50776
1.51474
