-0.00001
-0.00013
0.00025
-0.00266
0.00099
0.02331
0.02733
0.02638
0.02853
0.02574
0.02406
0.02351
0.02355
0.02458
0.02701
0.02649
0.02384
0.02362
0.02612
0.02644
0.02505
0.02583
0.02649
0.02385
0.02299
0.02401
0.02420
0.02480
0.02602
0.02323
0.02485
0.02585
0.02437
0.02596
0.02464
0.02541
0.02403
0.02337
0.02392
0.02613
0.02516
0.02498
0.02437
0.02403
0.02605
0.02759
0.02490
0.02481
0.02501
0.02546
0.02604
0.02460
0.02502
0.02598
0.02576
0.02605
0.02579
0.02723
0.02500
0.02565
0.02541
0.02352
0.02424
0.02784
0.02686
0.02472
0.02315
0.02474
0.02522
0.02375
0.02394
0.02549
0.02704
0.02741
0.02688
0.02483
0.02300
0.02498
0.02663
0.02474
0.02581
0.02461
0.02365
0.02475
0.02637
0.02727
0.02604
0.02510
0.02521
0.02492
0.02337
0.02149
0.02445
0.02718
0.02571
0.02347
0.02447
0.02662
0.02710
0.02669
