-0.00149
-0.02539
0.05000
-0.52125
0.20345
4.59328
5.31727
4.74824
4.82356
4.79796
4.79755
4.79742
4.79424
4.79399
4.79312
4.79414
4.79437
4.79358
4.79409
4.79394
4.79490
4.79603
4.79368
4.79170
4.78998
4.79186
4.79492
4.79376
4.79747
4.79640
4.79387
4.79348
4.79086
4.78742
4.78858
4.79294
4.79122
4.79114
4.79327
4.79589
4.79626
4.79512
4.79238
4.79272
4.79026
4.79156
4.79463
4.79582
4.79662
4.79549
4.79645
4.79590
4.79461
4.79426
4.79467
4.79545
4.79515
4.79481
4.79148
4.79362
4.79536
4.79362
4.79343
4.79761
4.79600
4.79620
4.79552
4.79461
4.79454
4.79475
4.79562
4.79640
4.79625
4.79749
4.79716
4.79484
4.79181
4.79223
4.79500
4.79307
4.79210
4.79235
4.79158
4.79178
4.79080
4.79080
4.78937
4.79041
4.79146
4.78794
4.78762
4.78639
4.78571
4.78901
4.78663
4.78419
4.78361
4.78382
4.78565
4.78649
