-0.00061
-0.01033
0.02042
-0.21220
0.08390
1.87226
2.15448
1.89460
1.91045
1.90169
1.89012
1.88542
1.90699
1.94478
1.95768
1.94558
1.94116
1.95410
1.97350
1.98216
1.98673
1.96660
1.97141
2.00756
2.03330
1.99462
1.95928
1.96673
1.92169
1.90324
1.94228
1.95120
1.98701
2.03521
2.01066
1.96108
1.97786
1.97498
1.92995
1.88975
1.90091
1.91657
1.95988
1.96353
1.96640
1.95137
1.88217
1.86192
1.87075
1.87582
1.88769
1.89806
1.87880
1.89319
1.89178
1.86785
1.89739
1.91050
1.92322
1.88673
1.87699
1.90305
1.88163
1.84164
1.83465
1.83176
1.85062
1.85994
1.85998
1.84708
1.84982
1.83543
1.82661
1.81949
1.81490
1.83519
1.86938
1.87333
1.83094
1.85402
1.89029
1.86853
1.86488
1.85239
1.87036
1.88757
1.90907
1.89570
1.87664
1.90493
1.92330
1.92889
1.93608
1.91953
1.94175
1.96840
1.97807
1.96686
1.96502
1.91245
