-0.00107
-0.01835
0.03614
-0.37674
0.14715
3.32003
3.84223
3.42864
3.48039
3.45992
3.45902
3.45827
3.45564
3.45385
3.45237
3.44832
3.44598
3.44259
3.44337
3.44435
3.43977
3.43927
3.43604
3.43371
3.43248
3.43161
3.43028
3.42970
3.42785
3.42463
3.42215
3.42233
3.42066
3.41887
3.41657
3.41460
3.41267
3.40991
3.40852
3.40884
3.40685
3.40215
3.40214
3.40207
3.39864
3.39630
3.39432
3.39408
3.39156
3.39071
3.38970
3.38849
3.38687
3.38432
3.37947
3.37860
3.37837
3.37705
3.37616
3.37394
3.37043
3.36686
3.36498
3.36465
3.36221
3.35965
3.36068
3.35827
3.35397
3.35385
3.35118
3.34960
3.34929
3.34882
3.34372
3.34038
3.34103
3.34048
3.33845
3.33667
3.33800
3.33596
3.33229
3.32976
3.32671
3.32741
3.32576
3.32485
3.32433
3.32195
3.31885
3.31695
3.31545
3.31230
3.31121
3.31115
3.30793
3.30548
3.30529
3.30267
