-0.00014
-0.00234
0.00469
-0.04831
0.02008
0.42481
0.47760
0.42109
0.44532
0.43879
0.41837
0.42332
0.42609
0.42350
0.42771
0.46567
0.46216
0.44588
0.41653
0.40507
0.43401
0.42724
0.42926
0.46131
0.45818
0.42912
0.43284
0.42227
0.42014
0.43088
0.43315
0.41675
0.41824
0.40791
0.39309
0.39167
0.42242
0.43316
0.42492
0.42375
0.41793
0.42589
0.42271
0.41827
0.40717
0.39718
0.42136
0.41197
0.38881
0.38787
0.39169
0.37836
0.37430
0.37735
0.38993
0.38378
0.38757
0.38568
0.38614
0.39154
0.41335
0.42586
0.44406
0.43733
0.41154
0.41737
0.42294
0.42367
0.44035
0.44018
0.43558
0.41546
0.40629
0.41379
0.40980
0.41470
0.40129
0.39502
0.41528
0.41139
0.38362
0.37832
0.38150
0.40771
0.40479
0.36792
0.34303
0.33504
0.34616
0.36148
0.35284
0.32802
0.33140
0.37190
0.34846
0.32929
0.35334
0.36507
0.35910
0.36729
