-0.00016
-0.00265
0.00523
-0.05444
0.02145
0.47967
0.55259
0.49257
0.50238
0.49623
0.49597
0.49605
0.49718
0.49927
0.50050
0.49841
0.49848
0.50074
0.49885
0.49529
0.49801
0.49863
0.49821
0.49560
0.49523
0.49856
0.50049
0.49883
0.50005
0.49820
0.49836
0.49949
0.49852
0.49878
0.49990
0.50067
0.50117
0.50087
0.50300
0.50020
0.49925
0.49891
0.49936
0.49735
0.49605
0.49764
0.50037
0.49938
0.49797
0.49534
0.49788
0.50178
0.50138
0.50110
0.49982
0.50084
0.49797
0.49802
0.49766
0.49823
0.50024
0.50191
0.49992
0.49847
0.49806
0.50148
0.49920
0.49764
0.49748
0.49854
0.49959
0.49915
0.49768
0.49692
0.49584
0.49533
0.49968
0.49955
0.49796
0.49805
0.49674
0.49754
0.49758
0.49823
0.49942
0.49775
0.49680
0.49642
0.49724
0.49930
0.49666
0.49436
0.49587
0.49566
0.49603
0.49658
0.49835
0.49779
0.49592
0.49771
