-0.00247
-0.04224
0.08316
-0.86709
0.33800
7.64208
8.84941
7.89866
8.02302
7.98317
7.98071
7.98160
7.98180
7.98156
7.98166
7.98116
7.98167
7.98242
7.98080
7.98100
7.98101
7.98024
7.98046
7.98089
7.98193
7.98200
7.98213
7.98181
7.98097
7.98078
7.98158
7.98223
7.98194
7.98168
7.98085
7.98157
7.98107
7.98213
7.98237
7.98054
7.98264
7.98197
7.98102
7.98019
7.98081
7.98119
7.98142
7.98076
7.98011
7.98027
7.97984
7.98016
7.98058
7.98068
7.98321
7.98319
7.98173
7.98223
7.98215
7.98176
7.98231
7.98183
7.98168
7.98164
7.98018
7.97989
7.98178
7.98209
7.98006
7.98086
7.98132
7.98122
7.98220
7.98054
7.98050
7.98032
7.98122
7.98180
7.98204
7.98117
7.98158
7.98216
7.98289
7.98186
7.98140
7.98250
7.98099
7.98101
7.98216
7.98143
7.98074
7.98140
7.98204
7.98131
7.98336
7.98319
7.98331
7.98246
7.98194
7.98251
