-0.00057
-0.00976
0.01941
-0.20082
0.08169
1.76755
2.01921
1.77474
1.77494
1.76672
1.79005
1.84911
1.88020
1.86564
1.86663
1.86650
1.86547
1.81697
1.75066
1.77167
1.82108
1.84113
1.84722
1.85208
1.86077
1.90888
1.89077
1.83300
1.83763
1.86761
1.86173
1.86952
1.86286
1.85244
1.81049
1.78301
1.75892
1.76011
1.82516
1.83277
1.84931
1.85635
1.86326
1.84466
1.80861
1.80897
1.79872
1.79034
1.79076
1.80288
1.83473
1.85268
1.82413
1.80200
1.82399
1.81849
1.80752
1.81931
1.83230
1.82962
1.74348
1.72354
1.75505
1.78236
1.77355
1.75230
1.76345
1.78456
1.79622
1.80055
1.74321
1.73746
1.76401
1.74274
1.74820
1.77733
1.75985
1.74727
1.74201
1.78091
1.81877
1.79781
1.79452
1.80279
1.80118
1.82458
1.84868
1.82778
1.83563
1.83946
1.85242
1.81188
1.75364
1.77132
1.80221
1.81283
1.80461
1.79666
1.79240
1.77759
