-0.00176
-0.03012
0.05928
-0.61834
0.24071
5.44932
6.31388
5.64135
5.73368
5.70872
5.70607
5.70168
5.70210
5.70506
5.70956
5.71071
5.70998
5.71279
5.71660
5.72311
5.72573
5.72819
5.72765
5.72868
5.73093
5.72880
5.73000
5.73387
5.73609
5.73617
5.73322
5.73652
5.73864
5.74119
5.74227
5.74026
5.74518
5.74855
5.74795
5.74853
5.74645
5.75158
5.74939
5.74512
5.75084
5.75530
5.74862
5.75880
5.76893
5.76456
5.76289
5.77151
5.77714
5.77580
5.77953
5.78507
5.78692
5.78616
5.78474
5.78051
5.77934
5.77997
5.77792
5.78221
5.78497
5.78492
5.78258
5.77939
5.77639
5.76768
5.75901
5.76305
5.75813
5.75194
5.74804
5.73598
5.73546
5.73268
5.72544
5.72033
5.70898
5.70741
5.70276
5.69046
5.69197
5.69178
5.68958
5.68792
5.68264
5.68718
5.68996
5.68963
5.68686
5.68291
5.68343
5.68856
5.69216
5.69358
5.70390
5.71382
