-0.00043
-0.00729
0.01436
-0.14972
0.05836
1.31955
1.52778
1.36367
1.38670
1.38125
1.37926
1.37564
1.37678
1.37762
1.37698
1.37726
1.37699
1.37806
1.37681
1.37745
1.37804
1.37980
1.37943
1.37663
1.37620
1.37489
1.37584
1.37970
1.37582
1.37472
1.37544
1.37592
1.37554
1.37696
1.37843
1.37419
1.37399
1.37430
1.37330
1.37540
1.37237
1.37355
1.37531
1.37216
1.37287
1.37251
1.37052
1.37168
1.37324
1.37384
1.37203
1.37394
1.37505
1.37407
1.37160
1.37558
1.37762
1.37528
1.37138
1.37062
1.37181
1.37148
1.37168
1.37516
1.37624
1.37240
1.37431
1.37576
1.37125
1.37185
1.36995
1.36720
1.36392
1.36279
1.36288
1.36218
1.36181
1.36038
1.35963
1.36030
1.35843
1.35771
1.35668
1.35689
1.35421
1.35548
1.35428
1.35369
1.35351
1.35456
1.35245
1.35259
1.35541
1.35142
1.35324
1.35469
1.35393
1.35519
1.35131
1.35306
