-0.00046
-0.00780
0.01549
-0.16041
0.06489
1.41160
1.61266
1.42733
1.45386
1.44789
1.43912
1.43946
1.44796
1.44716
1.43377
1.43602
1.42491
1.41841
1.42951
1.42599
1.42395
1.42539
1.44187
1.43643
1.43163
1.43726
1.44549
1.45687
1.44806
1.44040
1.44223
1.44649
1.44207
1.43596
1.43273
1.44551
1.43999
1.42850
1.43029
1.44017
1.44668
1.44145
1.44515
1.45248
1.44836
1.43407
1.42313
1.41973
1.43625
1.48175
1.49773
1.49443
1.49215
1.47948
1.45729
1.45742
1.45971
1.45319
1.45213
1.46621
1.47242
1.46198
1.47122
1.47066
1.45308
1.46301
1.47794
1.46858
1.45101
1.42729
1.43013
1.42875
1.41607
1.42816
1.43769
1.42786
1.43371
1.43723
1.43667
1.42693
1.42126
1.44386
1.46136
1.46629
1.44886
1.43739
1.44571
1.43773
1.43799
1.46059
1.47341
1.48062
1.45389
1.44408
1.43018
1.42383
1.43444
1.43420
1.42896
1.42845
