-0.00119
-0.02028
0.03994
-0.41635
0.16266
3.66805
4.24643
3.79463
3.85526
3.84080
3.84027
3.84146
3.84375
3.84541
3.84891
3.85221
3.85337
3.85313
3.85630
3.86128
3.86140
3.86379
3.86724
3.87163
3.87522
3.87595
3.87760
3.87829
3.88219
3.88292
3.88305
3.88495
3.88567
3.88729
3.89375
3.89486
3.89477
3.89586
3.89873
3.90024
3.90543
3.90793
3.90976
3.91006
3.91526
3.91583
3.91076
3.91585
3.91863
3.91700
3.92045
3.92384
3.92564
3.92797
3.92856
3.92851
3.92927
3.93463
3.93882
3.94153
3.94560
3.94772
3.94884
3.95148
3.95238
3.95270
3.95393
3.95526
3.95520
3.96275
3.96845
3.96210
3.96131
3.96871
3.97010
3.97174
3.97518
3.97748
3.98188
3.97953
3.97938
3.98349
3.98636
3.98813
3.99030
3.99400
4.00029
4.00398
4.00412
4.00667
4.00783
4.00611
4.00979
4.00958
4.01694
4.01970
4.01708
4.02732
4.03144
4.02556
