-0.00042
-0.00718
0.01414
-0.14736
0.05755
1.29852
1.50305
1.34192
1.36329
1.35723
1.35659
1.35741
1.35769
1.35832
1.35966
1.35864
1.35839
1.35999
1.35994
1.36119
1.36204
1.36191
1.36237
1.36266
1.36278
1.36390
1.36618
1.36698
1.36679
1.36756
1.36904
1.36918
1.36826
1.36855
1.36932
1.36908
1.36950
1.37069
1.37170
1.37235
1.37179
1.37029
1.37170
1.37263
1.37349
1.37341
1.37331
1.37452
1.37568
1.37647
1.37695
1.37817
1.37792
1.37774
1.37992
1.38031
1.38030
1.38114
1.38125
1.38137
1.38204
1.38291
1.38403
1.38418
1.38437
1.38439
1.38588
1.38735
1.38696
1.38774
1.38839
1.38822
1.38826
1.38858
1.38953
1.39020
1.39092
1.39190
1.39200
1.39204
1.39330
1.39444
1.39415
1.39537
1.39594
1.39555
1.39591
1.39654
1.39706
1.39862
1.39906
1.40005
1.40096
1.40057
1.40117
1.40100
1.40094
1.40238
1.40321
1.40265
