-0.00086
-0.01475
0.02907
-0.30295
0.11842
2.66962
3.08747
2.75458
2.80587
2.79601
2.79253
2.79997
2.80011
2.79988
2.79882
2.80125
2.80614
2.80606
2.81307
2.81354
2.81482
2.81641
2.81811
2.81683
2.82014
2.82081
2.82021
2.82237
2.82396
2.82817
2.82675
2.82774
2.83468
2.83414
2.83894
2.84153
2.84047
2.84191
2.83901
2.84229
2.84682
2.84895
2.84883
2.85370
2.85812
2.85886
2.85371
2.85238
2.85732
2.85941
2.85912
2.85971
2.86163
2.86563
2.86601
2.86990
2.87418
2.87646
2.87640
2.87911
2.88093
2.88013
2.87530
2.88183
2.89237
2.88832
2.88818
2.89283
2.89150
2.89479
2.89682
2.89803
2.90614
2.90887
2.90687
2.90724
2.90648
2.90629
2.91375
2.91180
2.91121
2.91495
2.91431
2.91722
2.92194
2.92492
2.91973
2.92281
2.92428
2.92902
2.93439
2.93117
2.93312
2.93467
2.93758
2.93688
2.94102
2.94804
2.94470
2.94173
