-0.00167
-0.02851
0.05615
-0.58536
0.22853
5.15880
5.97064
5.32745
5.41062
5.38137
5.37819
5.37660
5.37502
5.37372
5.37230
5.37047
5.36803
5.36693
5.36665
5.36453
5.36297
5.36146
5.35996
5.35833
5.35645
5.35435
5.35284
5.35190
5.35056
5.34845
5.34824
5.34610
5.34436
5.34254
5.34088
5.34005
5.33802
5.33688
5.33521
5.33314
5.33175
5.32855
5.32751
5.32614
5.32491
5.32341
5.32071
5.32033
5.31973
5.31650
5.31546
5.31404
5.31101
5.30908
5.30819
5.30674
5.30570
5.30291
5.30112
5.30061
5.29966
5.29708
5.29446
5.29388
5.29188
5.29049
5.28873
5.28807
5.28633
5.28485
5.28317
5.28141
5.28039
5.27822
5.27621
5.27489
5.27247
5.27301
5.26972
5.26640
5.26604
5.26307
5.26182
5.26059
5.25860
5.25740
5.25556
5.25513
5.25372
5.25083
5.24926
5.24807
5.24640
5.24421
5.24065
5.24020
5.23986
5.23799
5.23691
5.23416
