-0.00141
-0.02408
0.04741
-0.49434
0.19282
4.35660
5.04421
4.50198
4.57118
4.54956
4.55217
4.55340
4.55225
4.55325
4.55525
4.55527
4.55621
4.55999
4.55831
4.56175
4.55808
4.55216
4.55625
4.55993
4.55860
4.56197
4.55949
4.55971
4.56233
4.56536
4.56395
4.56345
4.56323
4.56266
4.55908
4.56210
4.56183
4.56057
4.56181
4.56222
4.56265
4.56371
4.56764
4.56817
4.56735
4.56700
4.56661
4.56878
4.56792
4.56880
4.56935
4.56854
4.57172
4.57051
4.56777
4.56881
4.56826
4.56724
4.56757
4.57435
4.57001
4.56819
4.56770
4.56982
4.57295
4.57507
4.56996
4.56961
4.57085
4.57108
4.57084
4.57430
4.57442
4.57342
4.57383
4.57298
4.57296
4.57625
4.57602
4.57413
4.57369
4.57602
4.57504
4.57461
4.57431
4.57638
4.57720
4.58110
4.57985
4.57896
4.57689
4.57760
4.58308
4.58139
4.58098
4.58274
4.58355
4.58531
4.58362
4.58102
