-0.00011
-0.00180
0.00355
-0.03697
0.01467
0.32506
0.37537
0.33710
0.34180
0.34024
0.34027
0.34122
0.34027
0.34207
0.34144
0.34128
0.34177
0.34230
0.34224
0.34300
0.34563
0.34373
0.34204
0.34297
0.34437
0.34310
0.34545
0.34633
0.34464
0.34485
0.34433
0.34557
0.34382
0.34383
0.34537
0.34664
0.34493
0.34492
0.34600
0.34682
0.34525
0.34515
0.34674
0.34553
0.34572
0.34794
0.34687
0.34658
0.34800
0.34862
0.34955
0.35010
0.35111
0.34968
0.34948
0.35135
0.35164
0.35174
0.35026
0.35046
0.35231
0.35427
0.35205
0.35409
0.35483
0.35329
0.35281
0.35299
0.35445
0.35408
0.35405
0.35428
0.35547
0.35552
0.35457
0.35790
0.35687
0.35592
0.35798
0.35631
0.35728
0.35759
0.35656
0.35785
0.35810
0.35883
0.35954
0.35981
0.36053
0.36032
0.35868
0.35693
0.36028
0.36118
0.36183
0.36156
0.36027
0.36219
0.36046
0.36165
