-0.00228
-0.03898
0.07675
-0.80022
0.31221
7.05223
8.16400
7.28738
7.40340
7.36649
7.36473
7.36387
7.36450
7.36522
7.36464
7.36439
7.36458
7.36437
7.36406
7.36414
7.36435
7.36449
7.36489
7.36425
7.36391
7.36470
7.36462
7.36426
7.36435
7.36427
7.36464
7.36422
7.36391
7.36409
7.36360
7.36372
7.36387
7.36439
7.36481
7.36475
7.36465
7.36478
7.36455
7.36469
7.36449
7.36466
7.36422
7.36404
7.36443
7.36421
7.36455
7.36479
7.36445
7.36436
7.36441
7.36405
7.36429
7.36426
7.36439
7.36456
7.36432
7.36433
7.36444
7.36450
7.36394
7.36396
7.36470
7.36426
7.36393
7.36448
7.36478
7.36468
7.36443
7.36459
7.36449
7.36430
7.36469
7.36478
7.36455
7.36449
7.36469
7.36486
7.36471
7.36482
7.36390
7.36432
7.36442
7.36361
7.36368
7.36419
7.36409
7.36390
7.36366
7.36414
7.36455
7.36449
7.36447
7.36469
7.36449
7.36437
