-0.00099
-0.01691
0.03331
-0.34717
0.13569
3.05944
3.53992
3.15787
3.20490
3.18585
3.18335
3.18012
3.17486
3.17031
3.16779
3.16293
3.15976
3.15895
3.15909
3.15481
3.15127
3.15133
3.15046
3.14754
3.14335
3.13670
3.13600
3.13769
3.13307
3.13090
3.12815
3.12493
3.12135
3.12061
3.11745
3.11205
3.10982
3.10939
3.10538
3.10166
3.09974
3.09840
3.09498
3.09224
3.08833
3.08402
3.08047
3.07734
3.07482
3.07331
3.07021
3.06756
3.06374
3.06189
3.06033
3.05681
3.05564
3.05451
3.05206
3.04729
3.04461
3.04325
3.03884
3.03533
3.03233
3.03218
3.03296
3.03087
3.02610
3.02144
3.01940
3.01680
3.00982
3.00404
3.00208
2.99929
2.99453
2.99389
2.99634
2.99459
2.99037
2.99040
2.98724
2.98406
2.98194
2.97829
2.97507
2.97118
2.96900
2.96687
2.96574
2.96476
2.95925
2.95500
2.95144
2.94998
2.94982
2.94913
2.94565
2.94169
