-0.00180
-0.03073
0.06052
-0.63093
0.24644
5.55972
6.43411
5.74406
5.83554
5.80527
5.80671
5.81095
5.81193
5.80863
5.81148
5.81523
5.81539
5.81824
5.81803
5.81329
5.81684
5.81826
5.81236
5.81156
5.81421
5.81625
5.81908
5.81702
5.82045
5.82451
5.82260
5.82074
5.82957
5.83138
5.83089
5.82863
5.82954
5.82834
5.82923
5.82999
5.83493
5.83938
5.83591
5.83425
5.83194
5.83415
5.84091
5.83902
5.83591
5.84487
5.84403
5.84203
5.84247
5.84410
5.85073
5.84730
5.85067
5.85007
5.84707
5.84620
5.84343
5.84601
5.84808
5.84990
5.84439
5.84370
5.84436
5.84278
5.84712
5.85373
5.85375
5.85570
5.84952
5.84897
5.85551
5.85006
5.84376
5.84823
5.84859
5.85292
5.84994
5.84922
5.84813
5.85168
5.85855
5.84766
5.85356
5.85902
5.85485
5.85699
5.85697
5.86219
5.86351
5.86659
5.86919
5.86276
5.85676
5.85869
5.86106
5.86131
