-0.00096
-0.01645
0.03238
-0.33772
0.13137
2.97683
3.44859
3.07991
3.13091
3.11423
3.11861
3.11937
3.12181
3.11853
3.11702
3.12838
3.13148
3.12653
3.12603
3.12976
3.12973
3.13034
3.13717
3.13422
3.13637
3.14024
3.14271
3.14436
3.14300
3.14761
3.15224
3.14968
3.15277
3.15347
3.15821
3.15846
3.16141
3.16266
3.16222
3.16680
3.16275
3.16485
3.16633
3.16733
3.17100
3.17108
3.17191
3.17220
3.17337
3.18334
3.18635
3.18419
3.17804
3.18374
3.19096
3.19332
3.18972
3.18883
3.19176
3.19400
3.19591
3.20128
3.20073
3.20108
3.20429
3.20328
3.20166
3.19816
3.20775
3.21304
3.21079
3.21049
3.21184
3.21330
3.21929
3.22308
3.22140
3.21874
3.22151
3.22631
3.22136
3.22557
3.23331
3.23041
3.22566
3.22481
3.22949
3.23503
3.23521
3.23361
3.23945
3.24230
3.24435
3.25035
3.25059
3.24498
3.24649
3.24696
3.25233
3.25227
