-0.00006
-0.00097
0.00187
-0.01970
0.00689
0.17627
0.20752
0.17743
0.18214
0.18054
0.17704
0.18564
0.19460
0.18431
0.17289
0.18169
0.18659
0.17825
0.18994
0.19969
0.17365
0.17628
0.18698
0.18074
0.17540
0.18316
0.18917
0.18442
0.18605
0.18605
0.18817
0.19246
0.18248
0.18806
0.19055
0.17976
0.19071
0.19319
0.18595
0.17930
0.18487
0.18108
0.18083
0.17191
0.18074
0.18936
0.19452
0.18754
0.18651
0.19615
0.19245
0.18386
0.18678
0.18631
0.19158
0.19656
0.19143
0.17576
0.18730
0.20322
0.18301
0.17778
0.17763
0.17996
0.18142
0.19128
0.19608
0.18086
0.17700
0.18370
0.18529
0.19345
0.18549
0.17965
0.18884
0.18840
0.17980
0.18499
0.19442
0.19486
0.17799
0.17926
0.19151
0.18877
0.18911
0.18629
0.18684
0.19081
0.18825
0.18285
0.18978
0.19306
0.17678
0.17945
0.18973
0.18505
0.18459
0.19304
0.19025
0.18199
