-0.00123
-0.02095
0.04122
-0.42998
0.16723
3.79051
4.39156
3.91862
3.98210
3.96377
3.96576
3.96875
3.96489
3.96494
3.96763
3.97027
3.97404
3.97337
3.97070
3.97220
3.97658
3.97234
3.97196
3.97164
3.97129
3.97493
3.97526
3.97401
3.97770
3.98045
3.98163
3.98304
3.98428
3.98474
3.98599
3.99099
3.98933
3.98783
3.99257
3.99230
3.99203
3.99364
3.99343
3.99481
3.99451
3.99446
3.99736
3.99596
3.99555
4.00311
4.00374
4.00440
4.00358
4.00407
4.00237
4.00635
4.00740
4.00748
4.00993
4.00909
4.00574
4.01067
4.01173
4.00832
4.01074
4.01241
4.01184
4.00882
4.01387
4.01922
4.01890
4.01649
4.01701
4.01870
4.02224
4.02231
4.02101
4.01817
4.02015
4.01768
4.02055
4.02292
4.02080
4.02115
4.02296
4.02390
4.02712
4.02700
4.02728
4.02845
4.03057
4.03394
4.03796
4.04226
4.03674
4.03563
4.03499
4.03058
4.03439
4.03911
