-0.00001
-0.00024
0.00045
-0.00490
0.00148
0.04272
0.05275
0.05636
0.06906
0.06795
0.05468
0.05274
0.07728
0.06134
0.04365
0.06184
0.07636
0.05941
0.04602
0.05184
0.04430
0.04584
0.05715
0.06436
0.06522
0.05947
0.05630
0.06168
0.06764
0.07809
0.05876
0.03701
0.06581
0.06289
0.04954
0.04007
0.04815
0.05493
0.05272
0.05842
0.05064
0.05601
0.05238
0.06051
0.06116
0.05095
0.05954
0.06405
0.05158
0.06188
0.05523
0.05482
0.05725
0.06138
0.06140
0.05534
0.04869
0.05202
0.05824
0.04630
0.04763
0.06134
0.06178
0.06001
0.06070
0.06168
0.05307
0.06318
0.04975
0.05159
0.06268
0.06388
0.06528
0.06532
0.04251
0.04895
0.05486
0.05169
0.04683
0.05097
0.05349
0.06996
0.05525
0.04095
0.05944
0.03644
0.02875
0.04885
0.05028
0.04690
0.04432
0.03955
0.05133
0.04886
0.04681
0.04626
0.05361
0.04073
0.03891
0.04836
