-0.00002
-0.00038
0.00067
-0.00749
0.00160
0.06862
0.08785
0.07519
0.08850
0.09574
0.07586
0.07857
0.07613
0.08132
0.08730
0.07961
0.08896
0.08700
0.08535
0.07759
0.07692
0.06976
0.08363
0.09588
0.08275
0.07887
0.07532
0.08421
0.09015
0.07899
0.07846
0.08589
0.07840
0.08879
0.08777
0.08635
0.07599
0.06637
0.07661
0.08357
0.08687
0.07771
0.08792
0.09522
0.08545
0.08210
0.06971
0.08655
0.09447
0.07465
0.07599
0.07893
0.08104
0.08270
0.08223
0.07775
0.08078
0.08329
0.08412
0.08501
0.09171
0.10118
0.08789
0.08320
0.07985
0.08411
0.08012
0.07434
0.08209
0.07141
0.07750
0.07871
0.07562
0.07742
0.08436
0.08224
0.08228
0.08751
0.08617
0.07910
0.07051
0.08174
0.08995
0.07678
0.08452
0.08640
0.08329
0.08421
0.08159
0.08358
0.06833
0.05496
0.06852
0.08320
0.08043
0.07011
0.07267
0.08237
0.10005
0.08355
