-0.00002
-0.00032
0.00059
-0.00649
0.00206
0.05659
0.07302
0.07204
0.06934
0.07242
0.06491
0.07384
0.08253
0.05997
0.07120
0.08852
0.06931
0.06938
0.07310
0.06250
0.06305
0.06813
0.07261
0.07998
0.07101
0.06008
0.05802
0.06056
0.07935
0.07014
0.06635
0.06643
0.06724
0.07399
0.07063
0.06898
0.07929
0.06377
0.07619
0.07210
0.06965
0.06717
0.06554
0.07742
0.06304
0.07399
0.07868
0.06919
0.08777
0.07711
0.06564
0.07111
0.07123
0.06089
0.05608
0.07518
0.06758
0.06249
0.06655
0.06348
0.07201
0.07577
0.06198
0.06699
0.07349
0.06842
0.06542
0.08021
0.06434
0.06422
0.06831
0.07222
0.06159
0.07365
0.06671
0.05695
0.06586
0.06703
0.07629
0.06954
0.07108
0.06856
0.07890
0.06859
0.07025
0.06841
0.07629
0.07352
0.07448
0.07353
0.08481
0.06709
0.07354
0.07792
0.06890
0.05943
0.06774
0.06436
0.05971
0.06766
