-0.00004
-0.00060
0.00119
-0.01231
0.00494
0.10821
0.12436
0.11111
0.11204
0.11215
0.11413
0.11262
0.11097
0.11005
0.11284
0.11552
0.11259
0.11234
0.11456
0.12132
0.11689
0.11405
0.11639
0.11363
0.11091
0.11161
0.11292
0.11253
0.11068
0.10918
0.11260
0.11724
0.11514
0.11296
0.11205
0.11970
0.11632
0.10868
0.11032
0.11252
0.11542
0.11850
0.11354
0.11641
0.11318
0.11072
0.11304
0.11270
0.11255
0.11324
0.11240
0.11012
0.11050
0.11425
0.11338
0.11145
0.11215
0.11095
0.11138
0.11807
0.11239
0.10851
0.10973
0.11290
0.11342
0.11264
0.12139
0.11325
0.11321
0.12056
0.11682
0.11087
0.11029
0.12000
0.12396
0.11495
0.11121
0.11149
0.11438
0.11240
0.11264
0.11503
0.11200
0.11443
0.11933
0.11410
0.11636
0.11226
0.10927
0.11538
0.12425
0.11392
0.11136
0.11314
0.11276
0.11559
0.11443
0.11133
0.11425
0.11589
