-0.00003
-0.00052
0.00104
-0.01078
0.00428
0.09477
0.10837
0.09868
0.10325
0.10112
0.10426
0.09910
0.09919
0.10045
0.09942
0.10212
0.09902
0.09994
0.10088
0.09980
0.09602
0.09867
0.10522
0.10085
0.09716
0.09848
0.09940
0.09769
0.09823
0.10435
0.10380
0.09649
0.09549
0.09859
0.09884
0.09919
0.10003
0.10583
0.10864
0.10095
0.09803
0.10366
0.10138
0.09636
0.10144
0.11392
0.10097
0.09486
0.09824
0.10094
0.10199
0.10900
0.10280
0.09695
0.10212
0.11141
0.09725
0.09736
0.11367
0.10783
0.10713
0.09895
0.09521
0.10463
0.11703
0.11782
0.10119
0.09760
0.10100
0.10366
0.09987
0.09672
0.09697
0.10069
0.09920
0.09720
0.09764
0.09877
0.10152
0.09968
0.10121
0.09784
0.10150
0.09922
0.09846
0.09945
0.10356
0.10526
0.09798
0.09729
0.09750
0.09825
0.10148
0.10282
0.09867
0.10187
0.09708
0.09835
0.10401
0.10331
