-0.00141
-0.02405
0.04737
-0.49372
0.19296
4.35094
5.03283
4.49018
4.56506
4.54591
4.55060
4.55152
4.54933
4.54732
4.55446
4.55872
4.55464
4.55416
4.55963
4.56419
4.56718
4.57350
4.56991
4.57393
4.57453
4.56904
4.57517
4.58053
4.58234
4.58382
4.58677
4.58767
4.58687
4.58964
4.59468
4.59498
4.59799
4.59806
4.59677
4.59992
4.60476
4.60643
4.60396
4.60911
4.61535
4.60752
4.60861
4.61444
4.61608
4.62261
4.62212
4.62464
4.62662
4.62677
4.63477
4.62983
4.63269
4.63867
4.63357
4.63739
4.63466
4.63745
4.64517
4.64419
4.64561
4.64722
4.65276
4.65435
4.65472
4.65679
4.65598
4.65664
4.65992
4.66573
4.66823
4.66445
4.66602
4.66994
4.67080
4.67424
4.67497
4.67195
4.67262
4.67644
4.68597
4.68502
4.68392
4.68557
4.68796
4.69157
4.69283
4.69380
4.69427
4.69897
4.69484
4.69964
4.70240
4.70103
4.70473
4.71468
