-0.00040
-0.00682
0.01338
-0.13988
0.05378
1.23383
1.43756
1.27997
1.28934
1.30028
1.30452
1.28857
1.27176
1.28079
1.32231
1.34491
1.32626
1.30021
1.30996
1.37886
1.37219
1.32107
1.34844
1.37108
1.35798
1.35142
1.37720
1.38493
1.38674
1.39141
1.39078
1.39711
1.39048
1.38056
1.39515
1.38885
1.36660
1.36667
1.37496
1.34839
1.35956
1.36600
1.34290
1.35797
1.38151
1.36187
1.36046
1.40185
1.40779
1.39066
1.39354
1.38771
1.39907
1.38785
1.37269
1.37218
1.39760
1.41000
1.40074
1.39571
1.38687
1.37097
1.36933
1.37125
1.37055
1.38431
1.41190
1.40945
1.41133
1.40887
1.38583
1.35571
1.34790
1.34930
1.33395
1.32511
1.36947
1.39331
1.39343
1.38800
1.38589
1.38885
1.39610
1.38434
1.37532
1.37632
1.36618
1.35535
1.34818
1.37911
1.39616
1.40870
1.39794
1.37950
1.37818
1.36569
1.36545
1.36465
1.36739
1.38214
