-0.00035
-0.00593
0.01169
-0.12179
0.04789
1.07218
1.24045
1.10819
1.12142
1.11981
1.11795
1.11571
1.11206
1.12139
1.12363
1.12607
1.12470
1.11661
1.10927
1.09832
1.10518
1.11663
1.12630
1.12221
1.10128
1.09671
1.09712
1.08868
1.11088
1.13061
1.10218
1.10606
1.09604
1.07313
1.07011
1.08870
1.08513
1.07763
1.08337
1.07217
1.07570
1.08334
1.07877
1.07111
1.07817
1.08496
1.08919
1.09029
1.07917
1.08677
1.08644
1.09018
1.09149
1.08512
1.07455
1.07640
1.07568
1.07657
1.07351
1.06875
1.07348
1.08852
1.08802
1.08788
1.08270
1.08429
1.06876
1.05755
1.07038
1.06879
1.06904
1.06966
1.07154
1.07784
1.07218
1.05873
1.05576
1.05556
1.06170
1.07885
1.05998
1.04232
1.04272
1.04238
1.05266
1.05966
1.05233
1.05559
1.05787
1.06338
1.06745
1.06384
1.04926
1.03713
1.03035
1.02964
1.03732
1.05207
1.04016
1.03515
