-0.00077
-0.01310
0.02579
-0.26890
0.10493
2.37007
2.74328
2.44643
2.48388
2.47052
2.46808
2.46519
2.46262
2.46550
2.46350
2.45932
2.45541
2.45846
2.45786
2.45886
2.45497
2.44898
2.44974
2.45034
2.45287
2.44807
2.44333
2.44745
2.44546
2.44119
2.44002
2.43713
2.43809
2.43206
2.43353
2.43629
2.43283
2.42940
2.42702
2.42566
2.42727
2.42568
2.42419
2.42154
2.42021
2.42022
2.41885
2.41758
2.41453
2.41255
2.41369
2.41108
2.41068
2.40870
2.40751
2.40598
2.40383
2.40400
2.40400
2.40503
2.39873
2.39715
2.39651
2.39168
2.39068
2.39050
2.39335
2.38930
2.38831
2.39059
2.39016
2.38304
2.38118
2.38081
2.37870
2.37712
2.37496
2.37409
2.37203
2.37078
2.36643
2.36799
2.36438
2.35714
2.36230
2.36343
2.36116
2.36303
2.35947
2.35721
2.35370
2.35416
2.35217
2.34810
2.34912
2.34652
2.34567
2.34519
2.34213
2.34349
