-0.00126
-0.02145
0.04225
-0.44039
0.17199
3.88108
4.49107
4.00720
4.07167
4.05115
4.04688
4.04650
4.05006
4.04780
4.04545
4.04202
4.04456
4.04411
4.04252
4.04305
4.04137
4.03991
4.03937
4.03790
4.03780
4.03711
4.03535
4.03731
4.03174
4.03188
4.03356
4.03009
4.03021
4.03259
4.03538
4.02955
4.02674
4.03016
4.02907
4.02923
4.02645
4.02223
4.02545
4.02453
4.02143
4.02138
4.02101
4.02130
4.02000
4.01599
4.01786
4.01465
4.01398
4.01597
4.01574
4.01077
4.01149
4.01290
4.01168
4.01263
4.01077
4.00872
4.00734
4.00573
4.00517
4.00405
4.00535
4.00652
4.00222
4.00326
4.00288
3.99726
3.99879
3.99853
3.99706
3.99717
3.99562
3.99803
3.99511
3.99217
3.99586
3.99493
3.99242
3.99102
3.99143
3.98952
3.98673
3.98853
3.98760
3.98447
3.98385
3.98275
3.98364
3.98347
3.98107
3.98261
3.98251
3.98052
3.97686
3.97595
