-0.00110
-0.01876
0.03698
-0.38531
0.15089
3.39543
3.92559
3.49918
3.55291
3.53600
3.53208
3.52635
3.52526
3.52586
3.52326
3.51213
3.51220
3.51519
3.50507
3.50436
3.50102
3.49521
3.49834
3.49115
3.48636
3.48666
3.48408
3.48646
3.47815
3.47752
3.47563
3.46897
3.46912
3.46570
3.46458
3.45927
3.45322
3.45608
3.45055
3.44766
3.44382
3.44502
3.44994
3.43936
3.43608
3.43822
3.43570
3.43328
3.42554
3.42638
3.42376
3.41900
3.41820
3.40763
3.40811
3.40986
3.39894
3.39634
3.40198
3.40231
3.39635
3.39182
3.38935
3.37954
3.38508
3.38378
3.37400
3.37110
3.37248
3.37281
3.36454
3.35383
3.35574
3.35556
3.35473
3.34680
3.33964
3.34473
3.34125
3.34001
3.33683
3.33064
3.32962
3.32285
3.32521
3.32864
3.31940
3.31116
3.31117
3.31345
3.30403
3.30283
3.30671
3.29699
3.29364
3.29065
3.28811
3.28377
3.27785
3.28061
