-0.00008
-0.00144
0.00283
-0.02949
0.01151
0.26005
0.29992
0.26812
0.27549
0.26841
0.26680
0.26748
0.26411
0.26348
0.26133
0.26126
0.26145
0.26091
0.26361
0.26174
0.25968
0.26056
0.25946
0.25827
0.25905
0.25769
0.25677
0.25460
0.25448
0.25434
0.25637
0.25494
0.25305
0.25253
0.25196
0.24977
0.25082
0.25093
0.24999
0.24946
0.24797
0.24736
0.24663
0.24679
0.24749
0.24527
0.24380
0.24295
0.24432
0.24397
0.24227
0.24166
0.24199
0.24033
0.23864
0.23775
0.23729
0.23590
0.23525
0.23545
0.23434
0.23244
0.23342
0.23492
0.23311
0.23377
0.23237
0.23075
0.23042
0.22804
0.22873
0.23032
0.22837
0.22941
0.22526
0.22568
0.22718
0.22407
0.22362
0.22243
0.22174
0.22271
0.22148
0.22110
0.21972
0.21861
0.21818
0.22187
0.21819
0.21532
0.21929
0.21600
0.21370
0.21416
0.21393
0.21126
0.21080
0.21323
0.21103
0.20881
