-0.00107
-0.01826
0.03596
-0.37486
0.14616
3.30453
3.82475
3.40910
3.46416
3.44717
3.44530
3.44769
3.44541
3.44419
3.44154
3.43415
3.44200
3.44393
3.43978
3.43775
3.44082
3.43761
3.43058
3.43438
3.43709
3.43377
3.43379
3.43248
3.43146
3.43368
3.43238
3.42607
3.43317
3.43513
3.42857
3.41994
3.42517
3.42040
3.41819
3.41984
3.42089
3.42085
3.41836
3.41374
3.41650
3.41723
3.41639
3.41545
3.41443
3.41622
3.41385
3.41109
3.41160
3.40935
3.41000
3.41091
3.40797
3.40940
3.40739
3.40336
3.40504
3.40382
3.40286
3.40458
3.39986
3.39864
3.40059
3.39973
3.39694
3.39770
3.39683
3.39543
3.39548
3.39405
3.39697
3.39026
3.39141
3.38676
3.38937
3.39374
3.39084
3.38893
3.38783
3.39127
3.39246
3.38605
3.38704
3.38522
3.38163
3.38372
3.38755
3.38458
3.38341
3.38523
3.38189
3.38248
3.38304
3.38047
3.37708
3.38159
