-0.00055
-0.00941
0.01864
-0.19373
0.07845
1.69780
1.95803
1.77728
1.76600
1.71643
1.71663
1.71533
1.70379
1.69687
1.70591
1.70533
1.69790
1.69134
1.70549
1.70368
1.70341
1.71026
1.73506
1.76011
1.76168
1.73816
1.71248
1.70451
1.68021
1.68645
1.71712
1.69648
1.68584
1.68241
1.67379
1.67361
1.67488
1.68084
1.67703
1.67952
1.69039
1.69225
1.66377
1.67588
1.67117
1.66275
1.66366
1.66822
1.64624
1.64223
1.65214
1.65107
1.64992
1.66698
1.69193
1.67341
1.65476
1.67254
1.69097
1.71189
1.73465
1.72435
1.70792
1.71670
1.70898
1.68788
1.69774
1.71722
1.70978
1.67838
1.68368
1.70781
1.70638
1.70869
1.71574
1.71737
1.68586
1.70447
1.69205
1.68441
1.71405
1.72023
1.67587
1.66147
1.65350
1.64681
1.64223
1.65929
1.66379
1.65214
1.65899
1.66894
1.68520
1.67440
1.66255
1.68000
1.65667
1.63654
1.65119
1.64209
