-0.00135
-0.02305
0.04537
-0.47320
0.18416
4.17139
4.83214
4.31015
4.37811
4.35855
4.35365
4.35081
4.35296
4.35187
4.35075
4.35355
4.35142
4.34845
4.34769
4.34696
4.35191
4.35022
4.34480
4.34617
4.34571
4.34734
4.34702
4.34022
4.33601
4.34312
4.34423
4.33803
4.33567
4.33710
4.33571
4.33667
4.33810
4.33613
4.33649
4.34002
4.33697
4.33765
4.33775
4.33370
4.33062
4.33073
4.33261
4.33035
4.33062
4.32880
4.32601
4.32696
4.32859
4.32983
4.32759
4.32790
4.32669
4.32527
4.32399
4.32442
4.32365
4.32191
4.32056
4.32168
4.32018
4.31733
4.31486
4.31049
4.31215
4.31146
4.30654
4.30302
4.30446
4.30767
4.30913
4.30794
4.30875
4.30800
4.31014
4.30702
4.30074
4.30502
4.31061
4.30616
4.30435
4.30664
4.30143
4.29985
4.29781
4.29882
4.29927
4.29975
4.29658
4.29980
4.30485
4.29888
4.28793
4.29225
4.29399
4.29097
