-0.00162
-0.02758
0.05432
-0.56626
0.22137
4.98932
5.77423
5.15565
5.23199
5.20383
5.20200
5.19929
5.19902
5.19786
5.19511
5.19917
5.19482
5.19426
5.19513
5.19139
5.18643
5.18589
5.19170
5.18605
5.18533
5.18808
5.18571
5.18183
5.17707
5.18045
5.18131
5.17182
5.17111
5.16938
5.16979
5.16864
5.16202
5.16663
5.16108
5.16193
5.16724
5.15967
5.16057
5.16161
5.15670
5.15527
5.15645
5.15329
5.14513
5.14598
5.14467
5.14028
5.14115
5.14281
5.14162
5.13730
5.14105
5.13453
5.13155
5.13998
5.13465
5.13394
5.14094
5.13351
5.12758
5.12555
5.12197
5.11834
5.11007
5.11237
5.11276
5.11615
5.11979
5.11576
5.11243
5.10754
5.10926
5.11039
5.10905
5.11022
5.10149
5.09713
5.10733
5.10787
5.09960
5.09825
5.09770
5.09157
5.08392
5.08820
5.08944
5.09223
5.09194
5.08870
5.09042
5.08878
5.08355
5.07960
5.08282
5.08180
