-0.00005
-0.00088
0.00168
-0.01797
0.00601
0.15942
0.19588
0.17621
0.16406
0.16624
0.18188
0.18881
0.17810
0.16594
0.16974
0.16796
0.16929
0.17022
0.16743
0.17597
0.17408
0.17127
0.17021
0.17305
0.17254
0.17650
0.16639
0.16076
0.16902
0.16595
0.16539
0.18135
0.17494
0.16129
0.16432
0.16097
0.16626
0.17545
0.17106
0.17048
0.17188
0.15704
0.17211
0.17954
0.17258
0.16940
0.17151
0.16782
0.15968
0.16138
0.16382
0.16401
0.18347
0.17294
0.16954
0.16256
0.16845
0.15753
0.15306
0.17632
0.17564
0.16500
0.16011
0.15955
0.16943
0.16835
0.16606
0.16265
0.16885
0.16590
0.16428
0.16737
0.17041
0.17112
0.16880
0.16729
0.17459
0.17580
0.16568
0.17428
0.17245
0.16313
0.16725
0.16151
0.16595
0.17124
0.16405
0.15306
0.15697
0.16243
0.16128
0.15859
0.16869
0.16559
0.15864
0.16348
0.16950
0.16218
0.15998
0.16506
