-0.00005
-0.00094
0.00181
-0.01902
0.00649
0.17145
0.20371
0.16183
0.15901
0.17753
0.17405
0.17538
0.16592
0.17826
0.17058
0.16290
0.15590
0.15932
0.16968
0.18133
0.17217
0.16648
0.17525
0.17780
0.17949
0.18264
0.15881
0.17137
0.17183
0.16742
0.17183
0.15079
0.16044
0.18752
0.16823
0.17845
0.18065
0.16828
0.18602
0.17762
0.16714
0.17573
0.18244
0.17051
0.17216
0.16874
0.17036
0.17569
0.16440
0.16887
0.16277
0.16721
0.17945
0.18416
0.18128
0.17034
0.15668
0.18954
0.18265
0.19807
0.19108
0.17311
0.17861
0.17880
0.17404
0.17159
0.16474
0.17192
0.17217
0.15838
0.16250
0.18499
0.17945
0.17917
0.17813
0.17218
0.17548
0.17095
0.19041
0.17244
0.16611
0.18224
0.17200
0.17091
0.17713
0.18435
0.19212
0.18081
0.17884
0.17774
0.17452
0.16538
0.17306
0.17944
0.17937
0.16963
0.17580
0.20675
0.18756
0.18391
