-0.00053
-0.00903
0.01776
-0.18531
0.07206
1.63315
1.89178
1.69217
1.72458
1.71743
1.72107
1.71833
1.72472
1.72929
1.72235
1.70395
1.70627
1.70211
1.68225
1.67669
1.68108
1.69423
1.71874
1.72830
1.72421
1.72256
1.72570
1.70897
1.67907
1.68085
1.68680
1.70065
1.71483
1.69259
1.68312
1.68237
1.67863
1.68451
1.68327
1.68191
1.68925
1.68254
1.68167
1.70768
1.71502
1.68989
1.68014
1.67626
1.66701
1.67393
1.67414
1.67697
1.67637
1.67088
1.67025
1.67969
1.70927
1.71393
1.71789
1.70762
1.69222
1.68606
1.69501
1.69702
1.69447
1.69181
1.69498
1.71960
1.70089
1.70731
1.72001
1.70666
1.70805
1.70171
1.69853
1.69357
1.69234
1.70292
1.68820
1.68874
1.70218
1.69902
1.69268
1.69137
1.68561
1.68943
1.69234
1.69337
1.67502
1.66412
1.67853
1.68146
1.67551
1.68002
1.66369
1.65477
1.65749
1.67072
1.68841
1.70176
