-0.00204
-0.03476
0.06844
-0.71365
0.27827
6.28945
7.28290
6.50082
6.60245
6.56995
6.56596
6.56738
6.56969
6.56639
6.56433
6.56733
6.56740
6.56676
6.56794
6.56712
6.56625
6.56584
6.56343
6.56364
6.56528
6.56337
6.56296
6.56579
6.56636
6.56748
6.56798
6.56568
6.56415
6.56711
6.56874
6.56901
6.56938
6.56671
6.56612
6.56520
6.56169
6.56431
6.56504
6.55942
6.56079
6.56392
6.56313
6.56434
6.56643
6.56630
6.56638
6.56556
6.56448
6.56616
6.56618
6.56454
6.56421
6.56139
6.55908
6.56308
6.56429
6.56295
6.56330
6.56139
6.55988
6.56167
6.56349
6.55983
6.56080
6.56372
6.56042
6.55904
6.55938
6.55695
6.55607
6.55843
6.55805
6.55569
6.55774
6.55881
6.55640
6.55708
6.55632
6.55462
6.55647
6.55974
6.55723
6.55369
6.55388
6.55519
6.55297
6.55493
6.55708
6.55579
6.55688
6.55865
6.55859
6.55705
6.55618
6.55549
