-0.00179
-0.03060
0.06027
-0.62823
0.24546
5.53649
6.40540
5.71397
5.80639
5.77778
5.77372
5.77212
5.77114
5.77092
5.76912
5.76952
5.76815
5.76666
5.76407
5.76247
5.76244
5.76036
5.75753
5.75810
5.75746
5.75490
5.75447
5.75348
5.75058
5.75032
5.75045
5.74998
5.74968
5.74806
5.74652
5.74495
5.74510
5.74262
5.74129
5.74109
5.73846
5.73759
5.73718
5.73683
5.73450
5.73276
5.73016
5.73054
5.72953
5.72865
5.72819
5.72609
5.72608
5.72271
5.72155
5.72235
5.72078
5.71954
5.71781
5.71734
5.71731
5.71463
5.71397
5.71362
5.71221
5.71112
5.71013
5.70764
5.70750
5.70709
5.70440
5.70442
5.70465
5.70360
5.70060
5.69977
5.69930
5.69869
5.69733
5.69615
5.69541
5.69380
5.69278
5.69198
5.69097
5.68952
5.68624
5.68537
5.68454
5.68325
5.68248
5.68126
5.68010
5.68100
5.68015
5.67792
5.67494
5.67621
5.67408
5.67017
