-0.00004
-0.00071
0.00139
-0.01459
0.00535
0.12945
0.15241
0.13385
0.13281
0.13570
0.14096
0.13559
0.13267
0.13680
0.14730
0.13579
0.13449
0.14523
0.13541
0.13532
0.14064
0.13318
0.13353
0.13947
0.13547
0.13582
0.13566
0.13334
0.13784
0.13951
0.13544
0.13028
0.13286
0.14894
0.14279
0.13672
0.13472
0.13255
0.13380
0.13668
0.13402
0.13258
0.13527
0.13512
0.14105
0.13945
0.13754
0.14127
0.14421
0.13431
0.13324
0.13290
0.13351
0.13626
0.14355
0.13902
0.13124
0.13290
0.13483
0.13376
0.13490
0.14312
0.13685
0.13140
0.13097
0.13403
0.13374
0.13150
0.13267
0.13708
0.13667
0.13655
0.15271
0.13861
0.12992
0.13410
0.13024
0.13376
0.13435
0.13168
0.13768
0.14771
0.13323
0.13006
0.13550
0.13659
0.14295
0.14184
0.13464
0.13251
0.13524
0.13738
0.13381
0.13732
0.13509
0.13236
0.13309
0.13027
0.13676
0.13320
