-0.00028
-0.00482
0.00950
-0.09892
0.03890
0.87190
1.00662
0.89403
0.90281
0.89828
0.90520
0.90739
0.90592
0.90549
0.90514
0.90375
0.90394
0.90356
0.90598
0.90384
0.89852
0.90081
0.90040
0.89951
0.89966
0.89518
0.89241
0.89262
0.89188
0.89555
0.89865
0.89526
0.89284
0.89364
0.89299
0.89089
0.89466
0.89528
0.89431
0.89440
0.89344
0.89273
0.89140
0.89297
0.89208
0.88961
0.88981
0.89383
0.89533
0.89568
0.89076
0.88791
0.88556
0.88640
0.88632
0.88425
0.88428
0.88424
0.88704
0.88794
0.88762
0.88485
0.88164
0.88223
0.88181
0.88310
0.88306
0.88116
0.88132
0.87861
0.87878
0.88268
0.87885
0.87968
0.88005
0.87745
0.87848
0.87714
0.87768
0.87816
0.87576
0.87442
0.87376
0.87373
0.87341
0.87354
0.87325
0.87271
0.87348
0.87058
0.86989
0.87268
0.87200
0.87206
0.87148
0.87020
0.86986
0.87142
0.87015
0.87128
