-0.00039
-0.00657
0.01293
-0.13496
0.05242
1.18900
1.37987
1.23707
1.25583
1.24017
1.23450
1.24386
1.23765
1.23717
1.23800
1.23706
1.23289
1.23888
1.23690
1.23165
1.23274
1.23966
1.24212
1.23616
1.23542
1.23641
1.23425
1.22872
1.22886
1.23115
1.23136
1.22778
1.22703
1.22567
1.22708
1.22042
1.21654
1.21465
1.21210
1.22047
1.22492
1.21902
1.22102
1.21842
1.21124
1.21822
1.22366
1.22258
1.21545
1.21122
1.20566
1.19918
1.20297
1.20452
1.19964
1.19909
1.20336
1.20226
1.19673
1.19853
1.20096
1.20400
1.20746
1.21263
1.21050
1.20301
1.19564
1.18484
1.17795
1.18697
1.19943
1.19229
1.18054
1.18190
1.18536
1.18054
1.18025
1.19745
1.19643
1.19652
1.19470
1.19096
1.18729
1.19107
1.19183
1.19169
1.18775
1.18938
1.19071
1.18432
1.17880
1.18176
1.18089
1.17874
1.18596
1.19057
1.19178
1.18854
1.17986
1.16939
