-0.00153
-0.02605
0.05132
-0.53494
0.20898
4.71458
5.45499
4.86473
4.93950
4.91328
4.90963
4.90642
4.90488
4.90197
4.89934
4.89919
4.89861
4.89499
4.89206
4.89001
4.88830
4.88568
4.88284
4.88129
4.87878
4.87713
4.87507
4.87263
4.87106
4.86887
4.86638
4.86511
4.86243
4.86108
4.85902
4.85762
4.85515
4.85298
4.85237
4.84795
4.84530
4.84429
4.84127
4.83917
4.83760
4.83482
4.83199
4.82966
4.82893
4.82674
4.82473
4.82377
4.82097
4.81834
4.81730
4.81582
4.81188
4.80936
4.80879
4.80583
4.80270
4.79937
4.79646
4.79527
4.79201
4.79059
4.78970
4.78816
4.78822
4.78434
4.78046
4.77953
4.77862
4.77680
4.77353
4.77222
4.76954
4.76461
4.76299
4.75891
4.75788
4.75772
4.75499
4.75162
4.74865
4.74758
4.74638
4.74288
4.74022
4.73834
4.73707
4.73481
4.73164
4.72953
4.72537
4.72278
4.72055
4.71878
4.71892
4.71670
