-0.00125
-0.02142
0.04220
-0.43976
0.17192
3.87537
4.48312
3.99865
4.06071
4.03972
4.03628
4.03311
4.03284
4.03151
4.03087
4.03007
4.02964
4.02705
4.02420
4.02328
4.02182
4.01835
4.01616
4.01639
4.01338
4.01152
4.01088
4.01013
4.00775
4.00596
4.00451
4.00237
4.00032
4.00008
3.99806
3.99742
3.99638
3.99457
3.99278
3.98901
3.98802
3.98752
3.98475
3.98318
3.98293
3.98037
3.97752
3.97626
3.97546
3.97370
3.97398
3.97272
3.96892
3.96730
3.96653
3.96494
3.96260
3.96100
3.95945
3.95811
3.95593
3.95429
3.95263
3.95020
3.94771
3.94722
3.94659
3.94472
3.94521
3.94214
3.93892
3.93979
3.93920
3.93677
3.93529
3.93553
3.93187
3.92678
3.92615
3.92379
3.92218
3.92150
3.92037
3.91907
3.91690
3.91502
3.91356
3.91117
3.90961
3.90793
3.90642
3.90518
3.90313
3.90196
3.89890
3.89645
3.89506
3.89400
3.89341
3.89318
