-0.00031
-0.00537
0.01040
-0.10942
0.03840
0.97871
1.14702
0.97985
1.03223
1.06639
1.06827
1.06026
1.05437
1.03354
1.00657
1.00836
1.02826
1.06608
1.03461
0.98955
1.00194
1.03274
1.01618
1.04625
1.06752
1.02061
0.99490
0.99742
0.99285
0.99815
1.01202
0.99015
0.94308
0.98196
1.00399
1.01610
0.99341
0.97099
0.96990
0.96834
0.96966
0.99987
1.00122
0.98061
0.97685
0.95062
0.94774
0.95163
0.97089
1.01510
1.01117
0.99184
0.97268
0.96337
0.95622
0.96910
0.98097
0.98599
1.00115
0.99987
0.97660
0.96302
0.96050
1.00481
1.03565
1.01612
0.97584
0.97866
0.97491
0.96852
0.96065
0.93447
0.92621
0.92002
0.92740
0.93071
0.91068
0.91417
0.92849
0.91468
0.91401
0.93215
0.94616
0.94790
0.94627
0.93277
0.93852
0.94130
0.93946
0.95629
0.91322
0.90515
0.93221
0.94785
0.93286
0.92422
0.91679
0.91506
0.90969
0.90586
