-0.00107
-0.01827
0.03601
-0.37523
0.14709
3.30555
3.82285
3.41308
3.46054
3.43579
3.43017
3.43090
3.43175
3.43094
3.43126
3.42602
3.42176
3.41689
3.41976
3.42137
3.41718
3.41223
3.40928
3.40492
3.40081
3.40154
3.40377
3.40102
3.39646
3.39469
3.38839
3.38810
3.39237
3.38763
3.38188
3.37661
3.37781
3.38128
3.37718
3.37355
3.37209
3.36570
3.36196
3.36061
3.35845
3.36077
3.36023
3.35607
3.35235
3.34345
3.34006
3.34013
3.33900
3.33841
3.33483
3.33101
3.32919
3.32815
3.32288
3.32072
3.31995
3.31809
3.31750
3.30919
3.30437
3.30308
3.30504
3.30214
3.30041
3.29943
3.29788
3.29860
3.29687
3.29409
3.28969
3.28706
3.28914
3.28560
3.28086
3.28203
3.27783
3.27370
3.26997
3.26673
3.26617
3.26362
3.25965
3.25705
3.25421
3.25029
3.25098
3.24829
3.24398
3.24110
3.24133
3.23896
3.23757
3.23598
3.23544
3.23493
