-0.00001
-0.00015
0.00030
-0.00315
0.00111
0.02769
0.03378
0.03210
0.03058
0.02779
0.02893
0.03207
0.03230
0.03027
0.02704
0.02843
0.02900
0.02917
0.02823
0.02837
0.02878
0.02760
0.02785
0.03087
0.02933
0.02806
0.02845
0.02845
0.02718
0.02895
0.03152
0.03381
0.03128
0.02807
0.02910
0.03066
0.02868
0.02729
0.03089
0.03168
0.03058
0.02997
0.03136
0.03119
0.03023
0.03154
0.03069
0.02864
0.02722
0.02960
0.03061
0.02895
0.02947
0.03142
0.02957
0.03164
0.03184
0.02804
0.02695
0.02788
0.02760
0.02629
0.02892
0.02921
0.02770
0.02829
0.02681
0.02711
0.02694
0.02833
0.03084
0.03088
0.03099
0.02872
0.02798
0.02710
0.03021
0.02885
0.02794
0.03054
0.02895
0.02893
0.02646
0.02492
0.02852
0.03035
0.03203
0.03345
0.02870
0.02568
0.02604
0.02700
0.02913
0.02833
0.02670
0.02809
0.02617
0.02631
0.02903
0.02777
