-0.00018
-0.00305
0.00597
-0.06250
0.02354
0.55301
0.64558
0.57041
0.57898
0.58037
0.57699
0.57498
0.57688
0.58031
0.58064
0.57466
0.57257
0.57085
0.57004
0.57186
0.57384
0.57447
0.57102
0.56946
0.57236
0.57585
0.57296
0.56581
0.56658
0.57753
0.58728
0.59381
0.59269
0.58960
0.58930
0.58840
0.59478
0.59858
0.59350
0.58973
0.58694
0.58742
0.59127
0.59480
0.59667
0.59711
0.59933
0.59658
0.59243
0.59208
0.59329
0.59459
0.59668
0.60369
0.60264
0.60153
0.60475
0.60088
0.60156
0.60249
0.59557
0.59850
0.60712
0.60787
0.59967
0.59750
0.60344
0.59795
0.59577
0.59902
0.59173
0.58141
0.58405
0.59218
0.60039
0.61058
0.61524
0.60119
0.59389
0.60192
0.60277
0.60115
0.60695
0.60862
0.60853
0.60750
0.60806
0.61350
0.60754
0.59809
0.59334
0.59730
0.60096
0.60563
0.60356
0.59060
0.58415
0.58934
0.58854
0.58596
