-0.00029
-0.00499
0.00983
-0.10242
0.04004
0.90291
1.04397
0.92780
0.94380
0.94335
0.93864
0.93750
0.93410
0.93665
0.93806
0.93504
0.93087
0.93244
0.93931
0.93984
0.93479
0.92870
0.93417
0.93484
0.93021
0.93310
0.93771
0.93497
0.93214
0.93145
0.93328
0.93711
0.93451
0.93742
0.94314
0.94092
0.93882
0.94109
0.94017
0.94297
0.94439
0.94327
0.94591
0.94363
0.93945
0.94331
0.94352
0.94730
0.94953
0.95139
0.95272
0.95350
0.94678
0.94629
0.94572
0.94203
0.94283
0.94278
0.94479
0.94717
0.94396
0.94317
0.94282
0.94669
0.94924
0.94222
0.94227
0.94879
0.94558
0.94382
0.94441
0.94822
0.95162
0.94644
0.94525
0.94827
0.94481
0.94490
0.94824
0.94933
0.94635
0.94088
0.94597
0.94905
0.94707
0.94358
0.94737
0.94068
0.94260
0.94320
0.94672
0.94888
0.94971
0.94532
0.94742
0.94875
0.94873
0.95100
0.95201
0.94848
