-0.00083
-0.01425
0.02808
-0.29271
0.11449
2.57888
2.98325
2.66417
2.70886
2.69759
2.69672
2.69631
2.70128
2.70413
2.70223
2.70160
2.70637
2.71085
2.71083
2.71268
2.71893
2.71047
2.71512
2.71919
2.71681
2.72118
2.72625
2.72464
2.72443
2.72971
2.72824
2.72778
2.73302
2.73132
2.72948
2.73426
2.73511
2.73708
2.73982
2.73565
2.74101
2.74363
2.74125
2.74309
2.74515
2.74699
2.74438
2.74538
2.74348
2.74628
2.75203
2.75206
2.75108
2.75445
2.75643
2.76198
2.75870
2.75822
2.76251
2.76372
2.76408
2.76711
2.76734
2.76611
2.76903
2.77406
2.76910
2.76735
2.77339
2.77731
2.77895
2.77775
2.77952
2.78191
2.78358
2.78739
2.78513
2.78982
2.79158
2.78920
2.79262
2.79282
2.79290
2.79538
2.79694
2.79824
2.80471
2.80927
2.80562
2.80121
2.80222
2.80926
2.80918
2.80721
2.80810
2.81249
2.81062
2.81241
2.81184
2.81235
