-0.00047
-0.00804
0.01580
-0.16499
0.06381
1.45466
1.68904
1.50953
1.53248
1.52761
1.53283
1.53295
1.53386
1.53788
1.53944
1.54124
1.54315
1.55005
1.54977
1.55093
1.55269
1.55519
1.56178
1.56179
1.56520
1.56765
1.57177
1.57511
1.57321
1.57588
1.58045
1.58042
1.58767
1.58932
1.59019
1.59394
1.59257
1.59483
1.59600
1.60023
1.60311
1.60456
1.60987
1.61036
1.60973
1.61265
1.61471
1.61986
1.62267
1.62354
1.62894
1.63092
1.63098
1.62964
1.63446
1.63911
1.64076
1.64404
1.64438
1.64803
1.64971
1.65333
1.65661
1.65726
1.65680
1.65880
1.66088
1.66550
1.66546
1.66892
1.67210
1.67225
1.67416
1.67886
1.68637
1.68856
1.68486
1.69145
1.69487
1.69286
1.69776
1.69937
1.69975
1.70298
1.70562
1.70629
1.70895
1.71205
1.71373
1.71505
1.71668
1.71690
1.72295
1.72468
1.72418
1.72864
1.73173
1.73439
1.73591
1.74084
