-0.00100
-0.01703
0.03357
-0.34976
0.13692
3.08210
3.56398
3.17840
3.22456
3.20237
3.20563
3.20847
3.20210
3.19895
3.19622
3.19319
3.19235
3.19131
3.18953
3.18496
3.18173
3.18633
3.18526
3.18023
3.17891
3.17805
3.17425
3.17157
3.17165
3.16986
3.16704
3.16605
3.16265
3.16084
3.15739
3.16100
3.15751
3.14923
3.14761
3.14899
3.14795
3.14577
3.14220
3.13788
3.13244
3.13668
3.14021
3.13222
3.12927
3.12697
3.12245
3.12366
3.12336
3.11689
3.11331
3.11727
3.11722
3.11100
3.10935
3.11027
3.10453
3.10630
3.10830
3.09542
3.09404
3.09475
3.09214
3.09573
3.09106
3.09024
3.08938
3.08701
3.08602
3.08747
3.08083
3.07657
3.07696
3.07447
3.07242
3.07336
3.06882
3.06326
3.06167
3.06054
3.06003
3.05943
3.06266
3.05935
3.04741
3.04961
3.05047
3.04502
3.04512
3.04180
3.04028
3.03767
3.03911
3.03508
3.03372
3.03129
