-0.00043
-0.00734
0.01447
-0.15070
0.05928
1.32676
1.53382
1.37320
1.38939
1.37383
1.37659
1.37755
1.37398
1.36877
1.36783
1.36607
1.36072
1.35895
1.36176
1.35903
1.35603
1.35429
1.34759
1.34527
1.34941
1.34672
1.34298
1.34021
1.33336
1.33501
1.33360
1.32991
1.32888
1.32459
1.32340
1.32035
1.31894
1.31905
1.32043
1.31474
1.30846
1.30911
1.30484
1.30214
1.30686
1.30131
1.29683
1.29655
1.29356
1.28892
1.28925
1.28503
1.27926
1.27939
1.27413
1.27476
1.27044
1.26955
1.27062
1.26283
1.26218
1.26137
1.26236
1.26422
1.25882
1.25992
1.25593
1.25386
1.25277
1.24941
1.24806
1.24461
1.23959
1.23754
1.23711
1.23568
1.23075
1.22868
1.22807
1.22473
1.22114
1.21910
1.22134
1.21812
1.21774
1.21539
1.21088
1.20997
1.20995
1.20380
1.20073
1.19950
1.19581
1.19872
1.19329
1.18999
1.19070
1.18573
1.18260
1.18143
