-0.00003
-0.00058
0.00103
-0.01148
0.00203
0.10738
0.14127
0.10935
0.10417
0.11900
0.12253
0.12644
0.11572
0.10642
0.11098
0.09842
0.10108
0.13195
0.11934
0.10492
0.12315
0.13318
0.10577
0.11473
0.14035
0.11613
0.12234
0.11052
0.10251
0.11158
0.11294
0.11542
0.10680
0.10547
0.11256
0.14538
0.14106
0.10905
0.10572
0.11571
0.11592
0.13570
0.11324
0.10907
0.10556
0.10748
0.11678
0.11598
0.13428
0.11529
0.09778
0.12082
0.13018
0.10849
0.09708
0.10373
0.10409
0.11349
0.11270
0.10208
0.10729
0.10551
0.11482
0.10074
0.10116
0.11725
0.11567
0.11590
0.12681
0.11184
0.10431
0.11153
0.11077
0.10548
0.11151
0.11905
0.11486
0.11213
0.11199
0.10755
0.11917
0.12828
0.11502
0.10580
0.11522
0.12162
0.10921
0.10553
0.10856
0.11623
0.11849
0.10475
0.09869
0.11392
0.12255
0.10227
0.10576
0.11917
0.10903
0.10556
