-0.00174
-0.02975
0.05851
-0.61004
0.23567
5.39108
6.23814
5.50092
5.58540
5.56004
5.62502
5.67521
5.62435
5.64209
5.62460
5.68601
5.65125
5.57310
5.53017
5.56565
5.67865
5.71829
5.73601
5.72753
5.63036
5.54457
5.62747
5.73471
5.73814
5.73100
5.73784
5.73227
5.73930
5.73970
5.73376
5.73879
5.74712
5.74046
5.64863
5.59347
5.69840
5.75357
5.70792
5.69703
5.73915
5.66345
5.63050
5.73971
5.75602
5.75127
5.75365
5.67368
5.62112
5.65058
5.69075
5.73398
5.75800
5.75682
5.65093
5.62727
5.75053
5.76980
5.75657
5.74312
5.70558
5.70663
5.74519
5.77949
5.75296
5.61347
5.62281
5.68590
5.66843
5.73409
5.74713
5.74446
5.74794
5.71700
5.68364
5.66936
5.67978
5.70029
5.72399
5.71548
5.69218
5.70715
5.68483
5.70217
5.72168
5.72059
5.71855
5.71610
5.71705
5.69700
5.65860
5.68272
5.71540
5.71786
5.71675
5.71679
