-0.00038
-0.00649
0.01229
-0.12874
0.03572
1.22489
1.45889
0.83170
0.51372
0.65995
1.32832
1.70418
1.52298
1.53062
1.27068
1.64344
1.46494
0.64397
0.03398
0.78454
1.75032
1.78636
1.77106
1.87531
1.10874
0.11170
1.10764
1.91840
1.90062
1.81950
1.78230
1.80295
1.78036
1.78921
1.83604
1.79500
1.85963
1.81853
1.07151
0.78381
1.56403
1.93308
1.65246
1.54068
1.84316
1.30600
0.87577
1.66709
1.81040
1.79397
1.81206
1.26133
1.02579
1.32519
1.46880
1.67061
1.90781
1.80708
1.08009
1.05803
1.83742
1.96022
1.86044
1.69145
1.47808
1.43533
1.69941
1.98511
1.80325
0.68998
0.93982
1.54744
1.44558
1.78423
1.90118
1.85697
1.79904
1.58929
1.41817
1.43446
1.59110
1.74166
1.88849
1.85821
1.76490
1.82293
1.68323
1.84454
1.90981
1.81865
1.81156
1.81541
1.83596
1.74685
1.52843
1.62384
1.87384
1.88943
1.85327
1.84263
