-0.00166
-0.02816
0.05784
-0.59457
0.29721
4.92710
5.55923
6.23224
6.51132
6.54879
5.41568
4.24004
5.31875
4.93942
5.33980
4.12084
5.05109
6.62419
7.28786
6.45616
4.61246
3.75473
3.33075
3.64831
5.65708
7.37342
5.76357
3.42997
3.29964
3.52600
3.50226
3.50760
3.51569
3.51598
3.49926
3.53438
3.30408
3.49735
5.78535
6.71467
4.57939
3.28255
4.38315
4.79644
3.64456
5.52989
6.12644
3.80473
3.61662
3.56440
3.46546
5.24504
6.41325
5.89750
5.00237
4.10631
3.48629
3.53118
5.90491
6.31208
3.67787
3.20608
3.51057
4.00542
4.84123
4.85199
4.00411
3.12623
3.65660
6.70649
6.46703
5.07656
5.37037
3.72932
3.30522
3.49947
3.50941
4.25867
4.95810
5.10395
4.82069
4.22650
3.41227
3.62777
4.26649
3.81502
4.39768
3.86300
3.44612
3.54933
3.55089
3.51666
3.48350
3.99164
4.79552
4.42295
3.54124
3.47609
3.56527
3.55547
