-0.00034
-0.00585
0.01151
-0.12000
0.04675
1.05754
1.22523
1.09375
1.10968
1.10426
1.10426
1.10599
1.10673
1.10695
1.10608
1.10443
1.10588
1.10514
1.10674
1.10863
1.10867
1.10780
1.10798
1.10823
1.10840
1.10887
1.11135
1.11181
1.11186
1.11234
1.11141
1.11354
1.11241
1.11133
1.11196
1.11248
1.11536
1.11449
1.11097
1.11246
1.11285
1.11233
1.11283
1.11356
1.11379
1.11386
1.11503
1.11568
1.11548
1.11656
1.11581
1.11670
1.11598
1.11488
1.11526
1.11689
1.11743
1.11772
1.11634
1.11666
1.11764
1.11800
1.11994
1.11899
1.11816
1.11689
1.11853
1.12060
1.11858
1.11922
1.12163
1.12184
1.12198
1.12211
1.12002
1.11868
1.12108
1.12309
1.12443
1.12415
1.12107
1.12097
1.12340
1.12353
1.12336
1.12143
1.12397
1.12412
1.12299
1.12362
1.12188
1.12319
1.12532
1.12346
1.12262
1.12370
1.12469
1.12441
1.12732
1.12548
