-0.00097
-0.01661
0.03268
-0.34094
0.13251
3.00474
3.48394
3.11385
3.16368
3.15152
3.15060
3.15546
3.16051
3.16132
3.16437
3.16650
3.17175
3.17434
3.17515
3.18143
3.18146
3.18523
3.19058
3.19140
3.19433
3.19629
3.19981
3.20209
3.20405
3.20784
3.21107
3.21448
3.21757
3.21844
3.22295
3.22556
3.22976
3.23146
3.23039
3.23410
3.23593
3.23899
3.24443
3.24609
3.24694
3.24918
3.25681
3.25922
3.25939
3.26539
3.26718
3.26947
3.27033
3.27463
3.28014
3.28183
3.28475
3.28747
3.28886
3.29177
3.29226
3.29691
3.30166
3.30097
3.30657
3.30887
3.31149
3.31389
3.31661
3.32006
3.32013
3.32344
3.32511
3.32769
3.33213
3.33316
3.33565
3.33843
3.34386
3.35416
3.35696
3.36058
3.36378
3.36692
3.37099
3.37285
3.37793
3.37907
3.38044
3.38576
3.38719
3.39013
3.39258
3.39503
3.39947
3.40098
3.40485
3.40696
3.40996
3.41361
