-0.00003
-0.00056
0.00112
-0.01154
0.00480
0.10139
0.11452
0.10137
0.10334
0.10180
0.10406
0.10455
0.10270
0.10259
0.10221
0.10125
0.09865
0.10218
0.10332
0.10250
0.10417
0.10538
0.10218
0.10455
0.10535
0.10462
0.10523
0.10327
0.10213
0.10259
0.10295
0.10162
0.10066
0.10151
0.10320
0.10152
0.10133
0.10293
0.10198
0.10164
0.10408
0.10420
0.10331
0.10307
0.10249
0.10264
0.10579
0.10179
0.10343
0.10282
0.10086
0.10156
0.10177
0.10291
0.10368
0.10413
0.10372
0.10277
0.10338
0.10544
0.10490
0.10161
0.09994
0.10066
0.10133
0.10095
0.10161
0.10052
0.10222
0.10141
0.10249
0.10284
0.10143
0.10221
0.10266
0.10250
0.10081
0.10110
0.10089
0.10013
0.10240
0.10462
0.10270
0.10312
0.10379
0.10069
0.09894
0.10402
0.10240
0.10253
0.10554
0.10554
0.10354
0.10406
0.10153
0.10157
0.10215
0.10392
0.10359
0.10093
