-0.00020
-0.00336
0.00666
-0.06911
0.02768
0.60812
0.69778
0.62164
0.63196
0.62716
0.62938
0.62869
0.62476
0.62332
0.62678
0.62635
0.62174
0.62503
0.62775
0.62505
0.62339
0.62276
0.62215
0.62119
0.62474
0.62473
0.61787
0.61665
0.61546
0.61309
0.61529
0.61345
0.61458
0.61472
0.61511
0.62520
0.62643
0.62516
0.62246
0.61987
0.62077
0.61870
0.61916
0.61945
0.62090
0.62010
0.61903
0.61924
0.61864
0.61914
0.61900
0.61328
0.61376
0.61388
0.60963
0.60923
0.61143
0.61070
0.60702
0.59711
0.59448
0.59701
0.59707
0.59191
0.59396
0.59575
0.60005
0.60057
0.59066
0.59718
0.59682
0.58456
0.59060
0.59725
0.59978
0.60038
0.59323
0.59221
0.59342
0.59251
0.58851
0.59074
0.59498
0.59522
0.59519
0.59429
0.59156
0.58969
0.58012
0.57539
0.57623
0.57821
0.58711
0.59063
0.58472
0.57836
0.57984
0.57971
0.57340
0.57401
