-0.00164
-0.02796
0.05506
-0.57408
0.22403
5.05895
5.85652
5.22885
5.31359
5.29127
5.29245
5.29504
5.29554
5.29508
5.29472
5.29477
5.29935
5.30562
5.30922
5.31325
5.31806
5.32011
5.32297
5.32352
5.32255
5.32789
5.33112
5.33815
5.34023
5.33869
5.34287
5.34472
5.34480
5.34711
5.35053
5.35382
5.35349
5.35324
5.35350
5.35510
5.35848
5.35901
5.36041
5.36500
5.36650
5.37009
5.37050
5.37112
5.37366
5.37489
5.37719
5.37928
5.38015
5.38312
5.38423
5.38433
5.38593
5.38943
5.39083
5.39336
5.39382
5.39504
5.40054
5.40097
5.39954
5.40329
5.40432
5.40287
5.40721
5.41251
5.41393
5.41262
5.41311
5.41664
5.41883
5.41970
5.42225
5.42494
5.42480
5.42466
5.42941
5.42948
5.43161
5.43532
5.43996
5.44234
5.43991
5.43941
5.44475
5.44858
5.45120
5.45495
5.45651
5.45751
5.45926
5.45834
5.45746
5.46204
5.46500
5.46591
