-0.00062
-0.01055
0.02135
-0.21849
0.09542
1.90866
2.12075
1.89937
1.98696
1.96468
1.94248
1.96785
1.97391
1.97297
1.96414
1.95246
1.93569
1.93358
1.97206
2.00208
2.03747
2.06922
2.07720
2.05738
2.01481
2.00419
2.02035
2.04348
1.99224
1.95298
2.03955
2.10743
2.00080
2.02654
2.10344
2.07976
2.05537
2.03621
2.11611
2.20665
2.16017
2.14027
1.97821
1.92924
2.02194
2.10929
2.08740
2.00305
1.98114
1.99928
2.00492
1.96824
1.96040
1.97319
1.97115
1.93928
1.94532
2.01014
2.00075
1.92789
1.91690
1.94374
1.97816
2.04289
2.03966
1.97553
1.99334
2.06377
1.95920
1.91352
1.90218
1.89798
1.90802
1.96255
1.95690
1.92598
1.92633
1.96539
2.05161
2.00217
2.01237
2.02441
1.98421
1.93014
1.97735
2.05996
2.01795
1.95318
1.95069
1.94295
1.93383
1.91374
1.88385
1.91423
1.94824
1.86843
1.85461
1.98606
2.00538
1.96733
