-0.00168
-0.02870
0.05647
-0.58915
0.22904
5.19316
6.01939
5.37395
5.45547
5.42975
5.43027
5.42932
5.42943
5.42994
5.43013
5.43225
5.43483
5.43554
5.43342
5.43379
5.43192
5.43167
5.43131
5.43185
5.43592
5.43815
5.43707
5.43550
5.43982
5.44273
5.43578
5.43179
5.44113
5.43954
5.43425
5.43654
5.43888
5.44040
5.43688
5.43318
5.43623
5.43726
5.44766
5.45045
5.44626
5.44138
5.44394
5.45094
5.45177
5.45212
5.45250
5.45444
5.45619
5.45621
5.45675
5.45662
5.45597
5.45350
5.45479
5.45890
5.45924
5.45968
5.45804
5.45415
5.45566
5.46134
5.46060
5.45639
5.46298
5.46687
5.46811
5.46757
5.46699
5.46526
5.46724
5.46969
5.46877
5.46754
5.46425
5.46509
5.46395
5.46509
5.46742
5.47108
5.47008
5.46615
5.47049
5.47475
5.47508
5.47601
5.47566
5.47764
5.48006
5.47909
5.47741
5.48133
5.48154
5.47504
5.47424
5.47629
