-0.00149
-0.02541
0.04998
-0.52155
0.20246
4.59754
5.33143
4.76219
4.83699
4.81447
4.81556
4.81544
4.81653
4.81842
4.82237
4.82433
4.82642
4.83096
4.82796
4.82608
4.82525
4.82397
4.82689
4.83086
4.83637
4.83804
4.83866
4.84011
4.84572
4.85117
4.84757
4.84547
4.85437
4.85336
4.85014
4.85418
4.85847
4.86191
4.85655
4.85140
4.85869
4.86145
4.87409
4.88137
4.87609
4.87172
4.87451
4.88111
4.88518
4.88666
4.88928
4.89200
4.89253
4.89360
4.89469
4.90221
4.90417
4.90120
4.90258
4.90984
4.91217
4.91112
4.91245
4.91176
4.91306
4.92039
4.92105
4.91791
4.92629
4.93071
4.93317
4.93510
4.93716
4.93295
4.93508
4.94030
4.94195
4.94117
4.93750
4.94290
4.94581
4.94723
4.95090
4.95661
4.95450
4.94954
4.95430
4.95915
4.96106
4.96503
4.96874
4.97193
4.97508
4.97551
4.97531
4.98123
4.98553
4.97720
4.97773
4.98293
