-0.00136
-0.02327
0.04580
-0.47774
0.18594
4.21063
4.87853
4.35677
4.42654
4.40664
4.41058
4.41718
4.41853
4.42047
4.42469
4.42669
4.43042
4.43198
4.42781
4.42875
4.42933
4.42606
4.42401
4.42713
4.43706
4.44369
4.44546
4.44763
4.44681
4.44876
4.45170
4.45575
4.45857
4.46372
4.46400
4.46356
4.46559
4.46781
4.47312
4.47517
4.47643
4.47587
4.47436
4.47742
4.48135
4.48279
4.48408
4.48220
4.48825
4.49036
4.49151
4.49680
4.50177
4.50752
4.50856
4.50776
4.51435
4.52008
4.52225
4.52461
4.52682
4.52680
4.52484
4.52929
4.53323
4.53521
4.53574
4.53407
4.53441
4.53972
4.54332
4.54727
4.54909
4.55206
4.55413
4.55963
4.56046
4.54987
4.55137
4.55661
4.56046
4.56474
4.56709
4.56819
4.56852
4.56887
4.57366
4.57557
4.57900
4.58303
4.58498
4.58955
4.59303
4.59310
4.59181
4.58771
4.59319
4.59516
4.59734
4.60820
