-0.00045
-0.00775
0.01525
-0.15918
0.06181
1.40260
1.62688
1.45778
1.48183
1.47390
1.48106
1.48220
1.48411
1.48639
1.48631
1.49235
1.49550
1.49805
1.50289
1.50694
1.50830
1.50615
1.50722
1.51019
1.51747
1.51475
1.51203
1.51893
1.52363
1.52252
1.52556
1.52904
1.53090
1.53522
1.54439
1.54655
1.54869
1.54450
1.54696
1.55254
1.55004
1.55199
1.55427
1.55148
1.55348
1.55699
1.56161
1.56602
1.57104
1.57452
1.57297
1.57110
1.57501
1.58219
1.58364
1.58461
1.58698
1.59341
1.59873
1.60071
1.60214
1.60633
1.60665
1.60903
1.61120
1.61608
1.61771
1.61660
1.62159
1.62495
1.62702
1.63172
1.63362
1.64422
1.64679
1.64312
1.64859
1.64970
1.64803
1.65110
1.65327
1.65653
1.65581
1.65801
1.66148
1.66569
1.67136
1.67255
1.67485
1.67601
1.67709
1.67770
1.67965
1.68610
1.68940
1.68993
1.69508
1.70166
1.70261
1.69961
