-0.00143
-0.02446
0.04817
-0.50226
0.19587
4.42608
5.12555
4.57745
4.64992
4.62853
4.62868
4.63167
4.63377
4.63389
4.63552
4.63701
4.63837
4.64011
4.63988
4.64163
4.64416
4.64394
4.64464
4.64620
4.64849
4.65220
4.65104
4.65025
4.65531
4.65556
4.65023
4.64960
4.64945
4.65151
4.65456
4.65621
4.65890
4.66191
4.66225
4.66271
4.66655
4.66889
4.67286
4.67373
4.67264
4.67286
4.67713
4.68035
4.68002
4.68357
4.68667
4.68842
4.68394
4.68344
4.68602
4.68495
4.68656
4.69272
4.69543
4.69526
4.69924
4.69847
4.69729
4.69846
4.70247
4.70511
4.70340
4.70300
4.70317
4.70831
4.71096
4.71018
4.70998
4.71503
4.71897
4.71846
4.71806
4.72059
4.72385
4.72532
4.72596
4.72807
4.72935
4.72834
4.73031
4.73155
4.73258
4.73609
4.73662
4.73647
4.73908
4.73838
4.74078
4.74271
4.74410
4.74451
4.74531
4.74940
4.74840
4.74910
