-0.00092
-0.01567
0.03089
-0.32179
0.12608
2.83564
3.27842
2.92222
2.96425
2.94456
2.93704
2.93710
2.93941
2.93204
2.92138
2.91740
2.91874
2.91942
2.91241
2.90814
2.90537
2.89776
2.89748
2.89600
2.89074
2.88639
2.88763
2.89409
2.89470
2.89061
2.88927
2.88613
2.88631
2.88300
2.87506
2.86356
2.85778
2.85372
2.85513
2.85516
2.85100
2.84745
2.83869
2.84336
2.84326
2.83240
2.82891
2.82656
2.81863
2.81495
2.80924
2.80859
2.80352
2.79921
2.79265
2.79927
2.79583
2.78420
2.78086
2.77243
2.77105
2.77041
2.77181
2.76820
2.75792
2.75494
2.74731
2.74064
2.73883
2.72916
2.72799
2.72763
2.73040
2.73740
2.73674
2.71950
2.71632
2.71596
2.71677
2.71510
2.71138
2.70765
2.70610
2.70526
2.70165
2.69439
2.68919
2.68665
2.68209
2.68054
2.67939
2.67836
2.67438
2.66476
2.66539
2.66668
2.66369
2.66037
2.65945
2.65732
