-0.00014
-0.00246
0.00477
-0.05016
0.01821
0.44615
0.52666
0.45496
0.44835
0.45510
0.46012
0.46194
0.45410
0.45841
0.45832
0.45692
0.45267
0.44346
0.46393
0.46344
0.44729
0.47325
0.46572
0.46164
0.48318
0.48424
0.48461
0.47543
0.48178
0.47637
0.47076
0.47103
0.46183
0.47511
0.47912
0.46603
0.47749
0.47631
0.44778
0.45001
0.44843
0.45318
0.42927
0.40451
0.42574
0.45312
0.45306
0.44562
0.45460
0.45406
0.46096
0.44946
0.44305
0.44132
0.45628
0.44333
0.44081
0.45302
0.45709
0.46201
0.46593
0.46960
0.44635
0.45827
0.48986
0.47132
0.44673
0.45053
0.42401
0.42733
0.44841
0.43948
0.43617
0.41623
0.43343
0.48762
0.45444
0.43993
0.44594
0.45000
0.42913
0.42704
0.43810
0.42880
0.42424
0.42895
0.43785
0.42425
0.43213
0.43493
0.43156
0.42614
0.41693
0.43113
0.42890
0.39777
0.39203
0.41264
0.40833
0.39000
