-0.00079
-0.01357
0.02671
-0.27853
0.10843
2.45550
2.84346
2.53593
2.57624
2.55870
2.55487
2.55525
2.55456
2.55228
2.55048
2.54548
2.54459
2.54355
2.54201
2.54099
2.53852
2.53624
2.53383
2.53367
2.53173
2.52915
2.52759
2.52623
2.52535
2.52453
2.52270
2.52134
2.51738
2.51650
2.51732
2.51464
2.51251
2.50903
2.50498
2.50351
2.50389
2.50148
2.50040
2.49817
2.49468
2.49390
2.49473
2.48976
2.49000
2.48863
2.48450
2.48456
2.48258
2.47931
2.47662
2.47480
2.47402
2.47212
2.47022
2.46783
2.46939
2.46738
2.46339
2.46445
2.46309
2.45751
2.45674
2.45602
2.45407
2.45178
2.44584
2.44542
2.44414
2.44368
2.44353
2.44109
2.44026
2.43521
2.43347
2.43406
2.43122
2.43043
2.43003
2.42713
2.42492
2.42310
2.42253
2.41738
2.41425
2.41199
2.41123
2.41409
2.41060
2.40765
2.40712
2.40494
2.40177
2.39948
2.39829
2.39542
