-0.00131
-0.02244
0.04418
-0.46071
0.17950
4.06108
4.70230
4.19486
4.26214
4.23791
4.23308
4.23339
4.23223
4.23039
4.22954
4.22944
4.22739
4.22443
4.22527
4.22418
4.22233
4.22244
4.21893
4.21804
4.21608
4.21313
4.21176
4.21119
4.21338
4.21203
4.20900
4.20664
4.20507
4.20494
4.20436
4.20309
4.20114
4.19837
4.19598
4.19690
4.19303
4.19576
4.19476
4.18884
4.18740
4.19032
4.18992
4.18717
4.18567
4.18253
4.18390
4.18097
4.17908
4.17933
4.17706
4.17521
4.17448
4.17050
4.17177
4.17233
4.16741
4.16603
4.16634
4.16511
4.16032
4.16002
4.16108
4.15693
4.15461
4.15232
4.15436
4.15238
4.14977
4.14985
4.14858
4.14615
4.14694
4.14299
4.14354
4.14316
4.14032
4.13794
4.13468
4.13795
4.13456
4.12999
4.13202
4.12949
4.12803
4.12762
4.12476
4.12307
4.12424
4.12382
4.12099
4.11805
4.11952
4.11658
4.11723
4.11466
