-0.00002
-0.00041
0.00078
-0.00824
0.00258
0.07501
0.08922
0.07125
0.07402
0.07589
0.07530
0.08006
0.07566
0.07961
0.08470
0.07653
0.07645
0.08083
0.07916
0.07484
0.08066
0.07700
0.07894
0.06965
0.06810
0.07182
0.07165
0.07364
0.07639
0.08023
0.07297
0.07030
0.07297
0.07425
0.07543
0.07573
0.08106
0.08299
0.07194
0.07529
0.07896
0.07292
0.07273
0.07849
0.08038
0.07885
0.08192
0.08197
0.07423
0.07404
0.07809
0.07605
0.07251
0.07404
0.07214
0.07607
0.07883
0.07109
0.07217
0.07571
0.08282
0.07765
0.07868
0.07251
0.07288
0.07841
0.07381
0.07451
0.07501
0.07781
0.07823
0.07287
0.07078
0.07187
0.06948
0.07191
0.07156
0.07070
0.07155
0.07052
0.07065
0.06941
0.06385
0.07123
0.07966
0.07522
0.07177
0.06884
0.07525
0.07467
0.06954
0.07195
0.07714
0.07279
0.06627
0.06557
0.06637
0.06979
0.06583
0.07341
