-0.00001
-0.00013
0.00025
-0.00263
0.00067
0.02470
0.02924
0.02088
0.02406
0.02311
0.01815
0.02437
0.03068
0.02572
0.03114
0.02535
0.02232
0.02684
0.01889
0.02975
0.04182
0.02471
0.02484
0.02400
0.02397
0.02677
0.03052
0.02631
0.02292
0.02948
0.03069
0.02362
0.02785
0.03374
0.02766
0.02476
0.02747
0.02682
0.03155
0.02581
0.02833
0.02909
0.02431
0.02604
0.03983
0.03091
0.02244
0.02481
0.02377
0.02756
0.02985
0.03199
0.03192
0.02631
0.03408
0.02422
0.02304
0.02895
0.03240
0.03001
0.03905
0.02506
0.01937
0.03045
0.03124
0.02681
0.03413
0.03142
0.02588
0.02726
0.03059
0.03283
0.03342
0.02471
0.02498
0.03276
0.02768
0.02625
0.03166
0.03269
0.02803
0.02643
0.02892
0.02342
0.03213
0.02581
0.02111
0.02473
0.02457
0.03198
0.03451
0.03536
0.02698
0.02058
0.02143
0.02797
0.04616
0.04302
0.02635
0.02935
