-0.00105
-0.01793
0.03527
-0.36798
0.14305
3.24340
3.75944
3.35828
3.41176
3.39739
3.39997
3.40260
3.40973
3.41161
3.41448
3.41517
3.41827
3.42202
3.42197
3.42495
3.42891
3.43257
3.43202
3.43267
3.43883
3.44139
3.44298
3.44612
3.44809
3.45117
3.45227
3.45542
3.45869
3.45877
3.46309
3.46397
3.46591
3.46975
3.46917
3.47250
3.47494
3.47736
3.47968
3.48056
3.48394
3.48657
3.49028
3.49378
3.49448
3.49727
3.49979
3.50172
3.50419
3.50620
3.50858
3.51002
3.51153
3.51442
3.51894
3.52117
3.52057
3.52533
3.52776
3.53078
3.53376
3.53611
3.54021
3.54241
3.54328
3.54721
3.54925
3.55127
3.55337
3.55446
3.55858
3.55983
3.56093
3.56347
3.56525
3.56810
3.57078
3.57402
3.57414
3.57506
3.58028
3.58374
3.58602
3.58909
3.59036
3.59363
3.59619
3.59839
3.60205
3.60373
3.60634
3.60918
3.61126
3.61358
3.61584
3.61673
