-0.00228
-0.03898
0.07675
-0.80022
0.31218
7.05224
8.16447
7.28765
7.40350
7.36708
7.36428
7.36450
7.36410
7.36441
7.36428
7.36431
7.36429
7.36440
7.36488
7.36410
7.36323
7.36290
7.36355
7.36383
7.36397
7.36426
7.36417
7.36420
7.36438
7.36512
7.36511
7.36446
7.36426
7.36393
7.36436
7.36483
7.36424
7.36407
7.36434
7.36436
7.36389
7.36439
7.36425
7.36405
7.36459
7.36446
7.36436
7.36459
7.36489
7.36407
7.36374
7.36438
7.36460
7.36497
7.36452
7.36429
7.36400
7.36395
7.36381
7.36442
7.36481
7.36419
7.36372
7.36407
7.36468
7.36458
7.36415
7.36407
7.36437
7.36477
7.36421
7.36459
7.36451
7.36416
7.36411
7.36426
7.36389
7.36383
7.36390
7.36380
7.36358
7.36401
7.36415
7.36421
7.36455
7.36463
7.36464
7.36467
7.36433
7.36414
7.36441
7.36419
7.36398
7.36437
7.36436
7.36420
7.36397
7.36403
7.36420
7.36405
