-0.00016
-0.00267
0.00526
-0.05478
0.02140
0.48300
0.55812
0.49702
0.50581
0.50161
0.50280
0.50472
0.50462
0.50540
0.50669
0.50550
0.50658
0.50632
0.50603
0.50547
0.50686
0.50667
0.50661
0.50742
0.50657
0.50716
0.50919
0.50776
0.50765
0.50617
0.50881
0.50946
0.50867
0.50833
0.50877
0.50719
0.50685
0.50962
0.50807
0.50557
0.50902
0.50848
0.50952
0.51078
0.50931
0.51014
0.51095
0.50876
0.50912
0.50981
0.50974
0.50892
0.51034
0.51061
0.51057
0.51101
0.50957
0.51008
0.51131
0.51156
0.51135
0.51268
0.51263
0.51153
0.51263
0.51331
0.51199
0.51178
0.51235
0.51131
0.51344
0.51399
0.51237
0.51167
0.51302
0.51350
0.51246
0.51180
0.51401
0.51496
0.51434
0.51499
0.51182
0.50973
0.51388
0.51434
0.51329
0.51291
0.51416
0.51613
0.51447
0.51336
0.51491
0.51650
0.51593
0.51517
0.51871
0.51762
0.51739
0.51596
