-0.00006
-0.00110
0.00219
-0.02261
0.00930
0.19870
0.22542
0.19998
0.20564
0.20407
0.20419
0.20547
0.20671
0.21182
0.20483
0.20303
0.19899
0.19534
0.20396
0.20411
0.19431
0.18998
0.19939
0.19976
0.19879
0.19092
0.19043
0.19648
0.19107
0.18753
0.19494
0.19860
0.19975
0.19720
0.19947
0.20192
0.20199
0.19213
0.19621
0.20720
0.19836
0.19021
0.20608
0.22333
0.20608
0.19809
0.20433
0.20579
0.20682
0.20947
0.21077
0.20922
0.20885
0.21153
0.20551
0.20578
0.20892
0.20844
0.21039
0.21734
0.20665
0.20299
0.20158
0.20505
0.21320
0.21499
0.20999
0.21232
0.21322
0.21184
0.21077
0.21210
0.20415
0.20644
0.20747
0.20795
0.21210
0.20443
0.20401
0.20747
0.20738
0.21292
0.21668
0.21000
0.20885
0.21151
0.21082
0.21087
0.21272
0.20871
0.20675
0.20935
0.20731
0.20989
0.20688
0.21317
0.20966
0.20384
0.21162
0.21192
