-0.00004
-0.00069
0.00133
-0.01408
0.00502
0.12489
0.14844
0.13164
0.13450
0.13438
0.12878
0.13532
0.13593
0.13494
0.13140
0.13235
0.12784
0.13011
0.13407
0.12617
0.13789
0.13936
0.14720
0.13720
0.12926
0.13451
0.12865
0.13101
0.14696
0.13267
0.12755
0.13343
0.13807
0.13403
0.13192
0.13727
0.13430
0.13373
0.13828
0.14522
0.13764
0.13810
0.14706
0.13469
0.13391
0.13334
0.14022
0.14474
0.13636
0.13344
0.13287
0.13468
0.12915
0.13629
0.13699
0.13003
0.13518
0.14102
0.14153
0.13779
0.13423
0.13361
0.12648
0.12917
0.12801
0.13709
0.13046
0.13070
0.12887
0.13678
0.14078
0.14286
0.13872
0.13282
0.13372
0.14467
0.14133
0.13572
0.13160
0.13115
0.13935
0.14137
0.13675
0.13318
0.13603
0.13733
0.12577
0.13244
0.14249
0.13797
0.13169
0.13013
0.13603
0.14178
0.13980
0.13230
0.12910
0.12732
0.13909
0.13827
