-0.00079
-0.01354
0.02668
-0.27809
0.10897
2.44928
2.83299
2.53319
2.57383
2.56023
2.55966
2.55619
2.55101
2.55321
2.55221
2.54754
2.54358
2.54457
2.54555
2.54671
2.54551
2.54205
2.54363
2.54420
2.54149
2.54078
2.53573
2.53880
2.54044
2.53221
2.53773
2.54240
2.53963
2.54274
2.54750
2.54173
2.53264
2.53725
2.53443
2.53294
2.52916
2.52123
2.51882
2.51293
2.51094
2.50286
2.49515
2.49274
2.49408
2.48853
2.48410
2.47671
2.47446
2.47239
2.46693
2.46261
2.45972
2.45839
2.45597
2.45023
2.44947
2.44326
2.43575
2.43654
2.44208
2.44459
2.44058
2.44135
2.43990
2.43616
2.43849
2.44173
2.43503
2.43778
2.43753
2.43921
2.43936
2.43772
2.43769
2.43710
2.44265
2.44092
2.44591
2.44279
2.43439
2.44242
2.44234
2.43675
2.43998
2.43987
2.43330
2.43689
2.43478
2.43994
2.44066
2.44063
2.44203
2.44032
2.44282
2.44350
