-0.00004
-0.00067
0.00130
-0.01366
0.00517
0.12063
0.14144
0.12583
0.12591
0.12716
0.12716
0.12836
0.12905
0.12655
0.12755
0.12812
0.12298
0.12521
0.12802
0.12749
0.12634
0.12740
0.12643
0.12584
0.12797
0.12561
0.12610
0.12788
0.12573
0.12710
0.12601
0.12467
0.12808
0.12547
0.12387
0.12630
0.12631
0.12689
0.12702
0.12688
0.12772
0.12792
0.12857
0.12715
0.12728
0.12509
0.12691
0.12768
0.12599
0.12378
0.12545
0.12661
0.12631
0.12569
0.12624
0.12630
0.12507
0.12654
0.12872
0.12745
0.12615
0.12522
0.12840
0.12840
0.12786
0.12552
0.12901
0.12895
0.12668
0.12786
0.12888
0.12861
0.12749
0.12478
0.12665
0.12979
0.12985
0.12853
0.12839
0.12975
0.12798
0.12561
0.12889
0.13106
0.12960
0.12746
0.12647
0.12816
0.12757
0.12787
0.13231
0.13068
0.13024
0.13258
0.13317
0.12949
0.13020
0.13024
0.13007
0.13052
