-0.00080
-0.01367
0.02693
-0.28067
0.10972
2.47331
2.86207
2.55322
2.58960
2.57561
2.57549
2.57509
2.57221
2.56775
2.56449
2.55773
2.55578
2.55587
2.55420
2.55409
2.55138
2.54836
2.54441
2.54220
2.54262
2.53894
2.53610
2.53455
2.53339
2.53146
2.52991
2.52929
2.52694
2.52189
2.51886
2.51646
2.51214
2.51295
2.50941
2.50448
2.50140
2.49833
2.49418
2.49310
2.49601
2.48983
2.48651
2.48508
2.48263
2.48194
2.48040
2.47829
2.47581
2.47204
2.47012
2.46839
2.46658
2.46375
2.46279
2.46026
2.45704
2.45417
2.45099
2.44765
2.44717
2.44619
2.44509
2.44376
2.44284
2.44150
2.43729
2.43240
2.43303
2.43280
2.43060
2.42785
2.42711
2.42288
2.41973
2.42016
2.41191
2.40919
2.40921
2.40618
2.40625
2.40497
2.40335
2.40157
2.39599
2.39421
2.38991
2.38718
2.38663
2.38206
2.37993
2.37806
2.37715
2.37532
2.37151
2.37089
