-0.00121
-0.02063
0.04063
-0.42356
0.16543
3.73286
4.31988
3.85360
3.91228
3.89119
3.88865
3.88714
3.88387
3.88114
3.88005
3.87857
3.87719
3.87750
3.87493
3.87199
3.87036
3.86840
3.86699
3.86576
3.86465
3.86020
3.85795
3.85829
3.85525
3.85359
3.85322
3.84980
3.84908
3.84984
3.84571
3.84224
3.84064
3.83961
3.83635
3.83389
3.83337
3.83082
3.82764
3.82790
3.82580
3.82315
3.82106
3.81786
3.81612
3.81491
3.81247
3.80954
3.80763
3.80571
3.80461
3.80386
3.80086
3.79724
3.79400
3.79232
3.79144
3.78941
3.78798
3.78605
3.78408
3.78292
3.77984
3.77948
3.77760
3.77565
3.77374
3.77011
3.76748
3.76557
3.76301
3.75969
3.75798
3.75702
3.75427
3.75334
3.75345
3.75016
3.74750
3.74559
3.74401
3.74257
3.73849
3.73450
3.73386
3.73341
3.72982
3.72624
3.72408
3.72466
3.72452
3.72277
3.72126
3.71928
3.71324
3.71128
