-0.00110
-0.01878
0.03698
-0.38562
0.15027
3.39914
3.93548
3.51025
3.56734
3.55022
3.54831
3.54848
3.54659
3.54475
3.54438
3.54113
3.54129
3.54372
3.54294
3.54046
3.53624
3.53824
3.53956
3.53672
3.53639
3.53487
3.53543
3.53316
3.53174
3.53153
3.53102
3.52941
3.52916
3.52934
3.52764
3.52825
3.52776
3.52388
3.52362
3.52250
3.52143
3.52364
3.52140
3.52013
3.51836
3.51509
3.51653
3.51720
3.51597
3.51446
3.51438
3.51235
3.50840
3.51042
3.50856
3.50605
3.50745
3.50515
3.50421
3.50398
3.50276
3.50371
3.50141
3.50050
3.49986
3.49909
3.49930
3.49622
3.49481
3.49586
3.49633
3.49491
3.49245
3.49366
3.49176
3.49023
3.49195
3.49102
3.48810
3.48869
3.48841
3.48809
3.48625
3.48401
3.48453
3.48443
3.48405
3.48377
3.48154
3.48225
3.48090
3.47946
3.48009
3.47691
3.47623
3.47504
3.47317
3.47216
3.47239
3.47197
