-0.00099
-0.01683
0.03313
-0.34544
0.13449
3.04582
3.52661
3.14024
3.18947
3.17956
3.17831
3.17538
3.17512
3.17459
3.17268
3.16793
3.16922
3.17118
3.17052
3.16864
3.16743
3.16845
3.16780
3.16646
3.16570
3.16532
3.16599
3.16493
3.15958
3.16052
3.16275
3.16057
3.16007
3.15881
3.15711
3.15705
3.15776
3.15483
3.15470
3.15672
3.16124
3.16176
3.16058
3.16113
3.16020
3.16371
3.16456
3.16473
3.15875
3.15678
3.16701
3.18444
3.18705
3.18355
3.18255
3.18161
3.18236
3.18167
3.17921
3.17712
3.17864
3.17939
3.17599
3.17709
3.17802
3.17627
3.17005
3.16765
3.16657
3.16828
3.16922
3.16629
3.16442
3.16755
3.16598
3.16328
3.16335
3.15601
3.15345
3.15426
3.15400
3.15407
3.15017
3.13339
3.11457
3.11513
3.11607
3.10949
3.11351
3.12129
3.11563
3.12100
3.12365
3.12459
3.13599
3.14587
3.14780
3.14500
3.14248
3.14371
