-0.00118
-0.02014
0.03967
-0.41351
0.16155
3.64441
4.21681
3.76031
3.81797
3.79798
3.79284
3.79068
3.79010
3.78419
3.78239
3.78247
3.77854
3.77614
3.77216
3.77043
3.76811
3.76299
3.76347
3.76228
3.76080
3.75712
3.75214
3.74987
3.74837
3.74599
3.74586
3.74245
3.73994
3.73706
3.73352
3.72934
3.72847
3.72790
3.72462
3.72107
3.72127
3.71924
3.71496
3.71330
3.71020
3.70627
3.70627
3.70397
3.70063
3.69947
3.69566
3.69342
3.69127
3.68810
3.68577
3.68155
3.67914
3.67709
3.67535
3.67322
3.66980
3.66871
3.66609
3.66095
3.66054
3.65824
3.65423
3.65139
3.64955
3.64817
3.64654
3.64346
3.64179
3.63884
3.63442
3.63312
3.63216
3.62844
3.62496
3.62290
3.61966
3.61688
3.61440
3.61147
3.60805
3.60945
3.60631
3.60203
3.60029
3.59907
3.59459
3.59123
3.58892
3.58607
3.58539
3.58152
3.57806
3.57692
3.57421
3.57311
