-0.00081
-0.01383
0.02726
-0.28394
0.11128
2.50215
2.89236
2.57753
2.61400
2.59690
2.59317
2.58911
2.58533
2.58103
2.57680
2.57390
2.57030
2.56771
2.56381
2.55992
2.55598
2.55182
2.54941
2.54611
2.54178
2.53716
2.53346
2.52942
2.52391
2.52083
2.51884
2.51454
2.51052
2.50693
2.50411
2.50016
2.49496
2.49136
2.48609
2.48243
2.47885
2.47320
2.47120
2.46717
2.46382
2.46107
2.45472
2.44887
2.44344
2.43992
2.43573
2.43039
2.43125
2.42964
2.42522
2.42000
2.41259
2.40663
2.39427
2.39065
2.39776
2.39728
2.39474
2.39055
2.38784
2.38384
2.37990
2.37727
2.37316
2.36926
2.36532
2.36060
2.35767
2.35522
2.35161
2.34827
2.34555
2.34269
2.33665
2.33298
2.32958
2.32439
2.32143
2.31792
2.31457
2.31048
2.30467
2.30226
2.29845
2.29301
2.29057
2.28729
2.28412
2.28170
2.27809
2.27367
2.26721
2.26250
2.25897
2.25489
