-0.00031
-0.00537
0.01058
-0.11026
0.04310
0.97158
1.12398
1.00361
1.01995
1.01299
1.01137
1.01307
1.01462
1.01482
1.02093
1.01054
1.00596
1.01086
1.01146
1.01336
1.01007
1.00949
1.01194
1.00845
1.00871
1.01210
1.00905
1.01178
1.00605
1.00965
1.01360
1.00668
1.00358
1.00370
1.00382
1.00498
1.00724
1.00737
1.00429
1.00387
1.00217
1.00098
1.00325
1.00346
1.00257
1.00228
1.00118
1.00064
1.00592
1.00663
0.99836
1.00315
1.00228
0.99726
0.99958
1.00383
1.00392
0.99578
0.99638
1.00080
1.00038
1.00347
0.99868
1.00029
1.00300
0.99864
1.00090
1.00146
0.99805
0.99706
0.99885
1.00546
0.99998
0.99119
0.98685
0.99291
0.99673
0.99384
0.99369
0.99271
0.99270
0.99212
0.99452
0.99334
0.99183
0.99199
0.98873
0.98816
0.99152
0.99441
0.99096
0.98526
0.99242
0.99080
0.98735
0.98790
0.98877
0.98752
0.98639
0.98656
