-0.00212
-0.03621
0.07132
-0.74351
0.29025
6.55170
7.58038
6.77078
6.90206
6.88282
6.88152
6.87724
6.87159
6.86890
6.86838
6.86681
6.86753
6.86527
6.86182
6.86074
6.86041
6.85814
6.85526
6.85535
6.85597
6.85686
6.85803
6.85793
6.85795
6.85824
6.85574
6.85311
6.85188
6.85121
6.85079
6.84965
6.85062
6.84759
6.84423
6.84613
6.84584
6.84207
6.83951
6.83505
6.82504
6.81854
6.81691
6.81426
6.81059
6.81004
6.80765
6.80793
6.80669
6.80419
6.80307
6.80187
6.80017
6.78398
6.73830
6.70620
6.70773
6.70447
6.69891
6.69885
6.69910
6.69999
6.70502
6.70315
6.70163
6.70378
6.70221
6.70149
6.70003
6.69907
6.69801
6.69515
6.69651
6.69444
6.69293
6.69234
6.68899
6.68836
6.68684
6.68590
6.68418
6.68110
6.68149
6.68162
6.68315
6.68146
6.67791
6.67702
6.67452
6.67410
6.67146
6.67127
6.67424
6.67302
6.67093
6.67266
