-0.00001
-0.00010
0.00019
-0.00205
0.00048
0.01886
0.02402
0.01955
0.01867
0.01783
0.01962
0.02518
0.02268
0.01987
0.01964
0.02182
0.02465
0.02204
0.01931
0.02032
0.02458
0.02627
0.01835
0.02041
0.03332
0.02504
0.02168
0.02776
0.02044
0.02014
0.03458
0.03110
0.01963
0.01902
0.02666
0.03078
0.02864
0.02098
0.02253
0.01994
0.02373
0.03023
0.02159
0.01994
0.02383
0.01900
0.02153
0.03217
0.02340
0.02312
0.02052
0.01780
0.02055
0.02564
0.02127
0.01954
0.02235
0.02075
0.01927
0.02430
0.02891
0.02269
0.02048
0.02245
0.01980
0.01995
0.01876
0.02074
0.03346
0.03064
0.02113
0.02247
0.02126
0.02436
0.02558
0.02254
0.02266
0.02131
0.02140
0.02361
0.02435
0.02036
0.02007
0.02157
0.02374
0.02373
0.01993
0.02158
0.02733
0.02712
0.02384
0.02107
0.01862
0.02126
0.02874
0.02137
0.02275
0.02724
0.02079
0.02109
