-0.00177
-0.03028
0.05963
-0.62168
0.24258
5.47881
6.34241
5.66091
5.74970
5.72019
5.71779
5.71669
5.71989
5.71842
5.71304
5.71362
5.71456
5.71460
5.71392
5.71526
5.71221
5.71122
5.71279
5.70942
5.70976
5.71072
5.70865
5.70807
5.70644
5.70594
5.70677
5.70423
5.70429
5.70479
5.70317
5.70333
5.70334
5.70157
5.70131
5.69970
5.70007
5.69912
5.69981
5.69814
5.69528
5.69751
5.69604
5.69466
5.69363
5.69380
5.69348
5.69213
5.69223
5.69218
5.69085
5.69054
5.68847
5.68704
5.68648
5.68804
5.68814
5.68841
5.68674
5.68455
5.68790
5.68725
5.68394
5.68338
5.68211
5.68106
5.68047
5.67925
5.67958
5.67918
5.67963
5.67857
5.67541
5.67601
5.67499
5.67462
5.67536
5.67340
5.67235
5.67134
5.67044
5.67070
5.66915
5.66803
5.66836
5.66539
5.66400
5.66531
5.66439
5.66352
5.66388
5.66340
5.66258
5.66168
5.66221
5.66090
