-0.00168
-0.02864
0.05637
-0.58791
0.22903
5.18135
6.00199
5.35909
5.44232
5.41879
5.42089
5.41918
5.41867
5.42080
5.42145
5.41903
5.41976
5.42259
5.42315
5.42435
5.42684
5.42800
5.42780
5.42869
5.42818
5.42759
5.42458
5.42425
5.42658
5.42673
5.42854
5.43129
5.43180
5.43330
5.43391
5.43552
5.43843
5.44108
5.44118
5.44021
5.43948
5.44072
5.44045
5.43871
5.44086
5.44506
5.44686
5.44594
5.44752
5.44731
5.44799
5.45078
5.44995
5.44988
5.45065
5.45175
5.45317
5.45694
5.45555
5.45418
5.45617
5.45644
5.45998
5.46162
5.46009
5.46231
5.46273
5.46370
5.46684
5.46817
5.46913
5.46785
5.46792
5.46867
5.46547
5.46583
5.47010
5.46739
5.46774
5.47217
5.47534
5.47520
5.47157
5.47238
5.47404
5.47407
5.47329
5.47610
5.47790
5.47790
5.48309
5.48496
5.48076
5.48263
5.48188
5.48064
5.48365
5.48792
5.49003
5.48980
