-0.00167
-0.02855
0.05623
-0.58623
0.22870
5.16618
5.98129
5.33979
5.42414
5.39887
5.39848
5.39691
5.39653
5.39699
5.39647
5.39606
5.39676
5.39584
5.39467
5.39432
5.39420
5.39493
5.39557
5.39629
5.39488
5.39349
5.39301
5.39119
5.39093
5.39080
5.38985
5.39032
5.39104
5.39079
5.38888
5.39075
5.39244
5.39200
5.39200
5.39061
5.38841
5.38758
5.38613
5.38501
5.38534
5.38529
5.38665
5.38658
5.38507
5.38441
5.38528
5.38669
5.38669
5.38511
5.38316
5.38379
5.38350
5.38419
5.38284
5.38273
5.38374
5.38422
5.38545
5.38516
5.38395
5.38369
5.38182
5.38174
5.38216
5.38186
5.38144
5.38139
5.37877
5.37709
5.37783
5.37821
5.37713
5.37587
5.37549
5.37606
5.37576
5.37558
5.37445
5.37389
5.37401
5.37393
5.37475
5.37500
5.37512
5.37463
5.37515
5.37501
5.37296
5.37276
5.37127
5.36970
5.37016
5.37044
5.37171
5.37157
