-0.00107
-0.01832
0.03607
-0.37607
0.14648
3.31512
3.83800
3.42418
3.48354
3.46607
3.46568
3.46860
3.46734
3.46698
3.47000
3.47198
3.47374
3.47846
3.47743
3.47827
3.48014
3.47749
3.47509
3.47771
3.48397
3.48257
3.47944
3.47923
3.48324
3.48505
3.48795
3.48682
3.48524
3.48284
3.48358
3.48669
3.48720
3.48799
3.49286
3.48894
3.49213
3.49420
3.49248
3.49106
3.49074
3.48954
3.48993
3.49231
3.49499
3.49608
3.49767
3.49952
3.50015
3.49828
3.49953
3.50152
3.50001
3.49949
3.49359
3.48956
3.49440
3.49376
3.49914
3.50129
3.49884
3.50147
3.49806
3.49639
3.49762
3.49893
3.50097
3.49802
3.49958
3.50579
3.50194
3.49739
3.49711
3.49863
3.50385
3.50401
3.50412
3.50343
3.49956
3.50206
3.50542
3.50549
3.50200
3.50332
3.49966
3.50138
3.50437
3.50255
3.50391
3.50541
3.50378
3.50365
3.50518
3.50801
3.50623
3.50191
