-0.00158
-0.02704
0.05321
-0.55497
0.21594
4.89241
5.66568
5.05456
5.14366
5.12321
5.12448
5.12730
5.13188
5.14179
5.14221
5.14002
5.14500
5.15050
5.15849
5.15847
5.16226
5.16916
5.16780
5.16931
5.17205
5.17405
5.17404
5.17436
5.18449
5.18623
5.18865
5.19422
5.19502
5.19809
5.19624
5.19924
5.20708
5.20632
5.20879
5.20795
5.20913
5.21175
5.20594
5.21247
5.22035
5.22071
5.22167
5.22158
5.22565
5.22570
5.22860
5.22965
5.23037
5.23000
5.22567
5.22964
5.23047
5.22534
5.22474
5.22776
5.23165
5.23181
5.23064
5.23658
5.23227
5.22990
5.23177
5.23570
5.23955
5.23710
5.24094
5.24249
5.24407
5.24569
5.24304
5.24593
5.24517
5.24397
5.24852
5.24817
5.25034
5.25462
5.24965
5.25150
5.25514
5.25334
5.25106
5.24955
5.25458
5.25720
5.26121
5.26082
5.25981
5.26303
5.25812
5.26044
5.26258
5.25962
5.26338
5.26430
