-0.00113
-0.01924
0.03786
-0.39489
0.15359
3.48135
4.03202
3.59687
3.66049
3.64649
3.64628
3.64865
3.65402
3.65911
3.65944
3.65870
3.66114
3.66569
3.67088
3.67002
3.67195
3.67515
3.67636
3.67695
3.67799
3.68072
3.68489
3.68493
3.68893
3.69118
3.69239
3.69323
3.69880
3.70130
3.69654
3.69960
3.70527
3.70363
3.70511
3.70705
3.70854
3.71045
3.71028
3.71230
3.71244
3.71304
3.71573
3.71644
3.71918
3.71994
3.72073
3.72190
3.72259
3.72581
3.72518
3.72886
3.73072
3.73106
3.72988
3.72603
3.72827
3.73292
3.73601
3.73980
3.74036
3.73644
3.73791
3.74001
3.74179
3.74232
3.74677
3.74670
3.74641
3.74885
3.74565
3.74432
3.74698
3.74715
3.74743
3.75283
3.75622
3.75744
3.75625
3.75806
3.76003
3.76102
3.76205
3.76250
3.76344
3.76235
3.76364
3.76557
3.76634
3.76738
3.76638
3.76833
3.77093
3.76943
3.77283
3.77258
