-0.00056
-0.00959
0.01888
-0.19693
0.07675
1.73539
2.01037
1.79561
1.82353
1.81695
1.81747
1.81878
1.81925
1.81751
1.81811
1.81969
1.82042
1.82055
1.82072
1.82251
1.82278
1.82428
1.82576
1.82722
1.82859
1.82754
1.82812
1.82834
1.82803
1.82836
1.82854
1.83134
1.83235
1.83276
1.83218
1.83240
1.83469
1.83733
1.83967
1.83991
1.83885
1.84010
1.84214
1.83942
1.83996
1.84181
1.84288
1.84436
1.84384
1.84442
1.84570
1.84666
1.84693
1.84625
1.84883
1.85039
1.85007
1.85099
1.85149
1.85169
1.85312
1.85272
1.85409
1.85503
1.85512
1.85656
1.85762
1.85761
1.85692
1.85826
1.85983
1.85867
1.85883
1.86029
1.86224
1.86293
1.86261
1.86463
1.86504
1.86616
1.86649
1.86705
1.86844
1.86964
1.87103
1.87291
1.87249
1.87191
1.87418
1.87513
1.87404
1.87631
1.87698
1.87612
1.87647
1.87618
1.87840
1.87893
1.87661
1.87776
