-0.00147
-0.02515
0.04949
-0.51624
0.20090
4.54998
5.27247
4.70887
4.78221
4.75913
4.75914
4.76114
4.76339
4.76391
4.76323
4.76368
4.76502
4.76547
4.76523
4.76643
4.76448
4.77017
4.76979
4.77156
4.77414
4.77129
4.77376
4.77694
4.77919
4.78112
4.77756
4.77849
4.78125
4.78207
4.78198
4.78059
4.78312
4.78556
4.78533
4.78550
4.78458
4.78633
4.78804
4.78720
4.78642
4.78902
4.79024
4.78877
4.79170
4.79237
4.79193
4.79579
4.79653
4.79671
4.79763
4.79732
4.79940
4.79800
4.80010
4.80172
4.80018
4.80450
4.80609
4.80527
4.80768
4.80799
4.80724
4.80637
4.80731
4.81042
4.81191
4.81045
4.80823
4.81254
4.81369
4.81372
4.81640
4.81535
4.81629
4.81844
4.81921
4.81855
4.81804
4.81989
4.82036
4.81908
4.82043
4.82377
4.82495
4.82728
4.82502
4.82467
4.82675
4.82679
4.82695
4.83135
4.83216
4.83050
4.83105
4.83421
