-0.00005
-0.00089
0.00177
-0.01837
0.00745
0.16165
0.18478
0.16225
0.16527
0.16666
0.16038
0.16396
0.16356
0.16093
0.16720
0.16101
0.16542
0.16987
0.17777
0.17850
0.16397
0.16221
0.16611
0.16982
0.17151
0.16945
0.16764
0.16668
0.16483
0.16330
0.16919
0.16720
0.16959
0.17142
0.16684
0.16773
0.16421
0.15818
0.16663
0.16842
0.16550
0.16576
0.17318
0.16827
0.16785
0.16861
0.16800
0.17287
0.15968
0.15534
0.17304
0.17216
0.16784
0.17072
0.17171
0.16704
0.16654
0.16687
0.17009
0.17243
0.16349
0.16448
0.17095
0.17330
0.17011
0.16581
0.16258
0.16182
0.17003
0.17251
0.16796
0.16773
0.16582
0.16755
0.16979
0.16609
0.16790
0.16461
0.16111
0.16029
0.16349
0.16495
0.16528
0.16169
0.17107
0.17030
0.17083
0.16262
0.16728
0.17373
0.17057
0.16092
0.16263
0.16955
0.16849
0.16872
0.16893
0.16617
0.17052
0.16643
