-0.00147
-0.02506
0.04933
-0.51442
0.20041
4.53427
5.25085
4.68540
4.76013
4.73670
4.73648
4.73830
4.73480
4.73346
4.73779
4.73506
4.73483
4.73910
4.73904
4.73492
4.73546
4.73639
4.73466
4.73251
4.73674
4.73589
4.73481
4.73393
4.73247
4.73753
4.73686
4.73400
4.73412
4.73548
4.73538
4.73286
4.73334
4.73468
4.73635
4.73670
4.73848
4.73694
4.73719
4.73780
4.73702
4.73687
4.73612
4.73669
4.73633
4.73696
4.73585
4.73480
4.73618
4.73588
4.73551
4.73478
4.73653
4.73507
4.73517
4.73777
4.73911
4.73294
4.73327
4.73580
4.73344
4.73386
4.73605
4.73396
4.73729
4.73452
4.73310
4.73506
4.73343
4.73209
4.73359
4.73224
4.73452
4.73604
4.73197
4.73158
4.73198
4.72999
4.73209
4.73173
4.73321
4.73382
4.73309
4.73183
4.73663
4.73486
4.73215
4.73148
4.73253
4.73199
4.73133
4.73193
4.73371
4.73229
4.73379
4.73432
