-0.00092
-0.01578
0.03109
-0.32408
0.12653
2.85574
3.30531
2.95242
2.99933
2.98225
2.98603
2.98348
2.98243
2.98541
2.98524
2.98297
2.98224
2.98293
2.98074
2.97942
2.98027
2.98303
2.98539
2.98372
2.98074
2.98238
2.98427
2.98651
2.98770
2.98790
2.98525
2.98382
2.98731
2.98786
2.98511
2.98240
2.98496
2.98592
2.98724
2.98407
2.98357
2.98719
2.98970
2.98661
2.98425
2.98851
2.99113
2.98370
2.98506
2.98948
2.98628
2.98638
2.98649
2.98321
2.98290
2.98478
2.98366
2.97865
2.97904
2.98418
2.98539
2.98284
2.98171
2.97970
2.97909
2.98327
2.98113
2.97995
2.98026
2.97933
2.98374
2.98159
2.97634
2.97892
2.98077
2.97918
2.97699
2.98060
2.98218
2.98046
2.98117
2.97940
2.97557
2.98144
2.97869
2.98171
2.98253
2.97793
2.97861
2.98245
2.98443
2.97993
2.97651
2.97581
2.98117
2.98154
2.97912
2.97866
2.97550
2.97311
