-0.00107
-0.01831
0.03605
-0.37591
0.14626
3.31428
3.83852
3.42018
3.47558
3.46538
3.46539
3.46506
3.46383
3.46395
3.46254
3.46020
3.46227
3.46509
3.46344
3.46228
3.46917
3.46684
3.46100
3.46519
3.46787
3.46423
3.46116
3.46592
3.46841
3.46878
3.47088
3.46691
3.46870
3.46984
3.47016
3.46917
3.46866
3.47007
3.46496
3.46855
3.47005
3.47043
3.46990
3.46689
3.46851
3.46966
3.46763
3.46793
3.46983
3.47026
3.47466
3.47584
3.47443
3.47619
3.47610
3.47200
3.47531
3.47812
3.47365
3.47190
3.47130
3.47431
3.47675
3.47554
3.47543
3.47713
3.48032
3.47945
3.47637
3.47490
3.47234
3.47558
3.47966
3.47925
3.47859
3.47754
3.47766
3.47986
3.47714
3.47744
3.48296
3.48066
3.47964
3.48347
3.48360
3.48117
3.48094
3.48216
3.48020
3.48315
3.48528
3.48255
3.48268
3.48391
3.48269
3.48289
3.48331
3.48152
3.48208
3.48377
