-0.00191
-0.03254
0.06411
-0.66824
0.26144
5.88619
6.81245
6.09067
6.18340
6.15216
6.14926
6.14183
6.14553
6.14586
6.14658
6.14552
6.14510
6.14793
6.14238
6.14519
6.14633
6.15017
6.14807
6.14325
6.14887
6.15024
6.14078
6.14576
6.14491
6.14194
6.14867
6.14098
6.13390
6.13458
6.14528
6.14724
6.13994
6.14358
6.14101
6.14228
6.14400
6.13426
6.14436
6.14452
6.14043
6.14477
6.14783
6.14913
6.13735
6.13733
6.14454
6.14537
6.14284
6.14423
6.15265
6.14731
6.14165
6.14147
6.14245
6.14002
6.14352
6.14663
6.14984
6.14893
6.14712
6.14997
6.14848
6.14924
6.15396
6.15493
6.15307
6.15920
6.16228
6.15343
6.15454
6.16067
6.15864
6.16094
6.16351
6.15451
6.14935
6.15711
6.15553
6.14411
6.13980
6.15128
6.15578
6.14802
6.14906
6.15621
6.15121
6.14852
6.15540
6.15977
6.14466
6.14072
6.14156
6.14618
6.14371
6.13833
