-0.00104
-0.01777
0.03498
-0.36488
0.14202
3.21564
3.72634
3.32886
3.38230
3.36944
3.36860
3.37127
3.37377
3.37450
3.37929
3.38025
3.38163
3.38522
3.38478
3.38800
3.39065
3.39221
3.39446
3.39481
3.39728
3.40040
3.40269
3.40497
3.40640
3.40849
3.40986
3.41019
3.41106
3.41497
3.41945
3.41939
3.42381
3.42553
3.42586
3.43088
3.43471
3.43567
3.43193
3.43518
3.43776
3.43855
3.44298
3.44245
3.44381
3.44665
3.44972
3.45143
3.45278
3.45355
3.45757
3.46168
3.46207
3.46448
3.46809
3.46743
3.46859
3.47126
3.47450
3.47585
3.47954
3.48201
3.48269
3.48426
3.48590
3.48844
3.49099
3.49107
3.49303
3.49625
3.50006
3.50116
3.50099
3.50681
3.50769
3.50784
3.50868
3.51005
3.51314
3.51498
3.51747
3.51750
3.52153
3.52527
3.52473
3.52398
3.52617
3.53000
3.53225
3.53545
3.53744
3.53746
3.53728
3.53849
3.54186
3.54819
