-0.00120
-0.02052
0.04042
-0.42129
0.16457
3.71287
4.29478
3.83152
3.89917
3.87987
3.87434
3.87485
3.87069
3.86917
3.87127
3.87041
3.86911
3.87101
3.86583
3.86899
3.87437
3.87192
3.87211
3.87288
3.86972
3.87047
3.87236
3.87043
3.87252
3.87004
3.86975
3.87542
3.87273
3.87073
3.87255
3.87352
3.87049
3.87142
3.87050
3.87143
3.86989
3.86667
3.86778
3.86607
3.86725
3.87089
3.86817
3.86779
3.86585
3.86540
3.86577
3.86392
3.86651
3.86753
3.86616
3.86536
3.86267
3.86151
3.86225
3.86342
3.86373
3.85960
3.85942
3.85786
3.85572
3.86051
3.86126
3.85468
3.85611
3.85512
3.85432
3.85758
3.85772
3.85552
3.85357
3.85503
3.85610
3.85721
3.86062
3.85777
3.85505
3.85560
3.85672
3.85415
3.85381
3.85589
3.85375
3.85461
3.85462
3.85660
3.85786
3.85430
3.85426
3.85377
3.85423
3.85603
3.85560
3.85420
3.85254
3.85031
