-0.00057
-0.00976
0.01942
-0.20089
0.08212
1.76534
2.01285
1.78697
1.80819
1.81721
1.85943
1.86013
1.87500
1.89920
1.93521
1.90166
1.86366
1.86669
1.85708
1.89502
1.92592
1.90021
1.88211
1.90029
1.97234
1.99111
1.97103
1.98274
1.96757
1.96511
1.98236
1.95561
1.92136
1.93521
1.95207
1.96352
1.94746
1.92757
1.92592
1.92245
1.92467
1.91215
1.89501
1.86466
1.83932
1.88921
1.90280
1.88968
1.88604
1.87688
1.89816
1.91014
1.90251
1.89228
1.89049
1.91050
1.93158
1.91576
1.92794
1.95513
1.94620
1.93302
1.93056
1.92653
1.92942
1.90249
1.91577
1.96591
1.93904
1.88338
1.89803
1.92958
1.93748
1.91696
1.93156
1.93253
1.95556
1.90457
1.86069
1.88830
1.88941
1.84682
1.88546
1.91619
1.90029
1.91109
1.92031
1.90400
1.90330
1.93072
1.96597
1.96231
1.95401
1.94476
1.95934
1.97197
1.96869
1.95732
1.93220
1.98696
