-0.00079
-0.01352
0.02662
-0.27758
0.10827
2.44569
2.83232
2.53152
2.57491
2.56649
2.56433
2.56487
2.56606
2.56404
2.56458
2.56781
2.56951
2.57697
2.57937
2.57550
2.57703
2.57957
2.58343
2.58673
2.58168
2.58323
2.58813
2.59083
2.59477
2.59228
2.59244
2.59919
2.60291
2.60287
2.60091
2.60407
2.61002
2.60889
2.61062
2.61549
2.61998
2.62409
2.61944
2.62368
2.62737
2.62649
2.63106
2.63247
2.63487
2.63761
2.63703
2.63764
2.64062
2.64825
2.64871
2.64571
2.64679
2.64808
2.64888
2.65024
2.65025
2.65530
2.65932
2.65946
2.66158
2.66353
2.65919
2.66278
2.66831
2.67219
2.67602
2.67070
2.67405
2.67944
2.67553
2.67856
2.68136
2.68639
2.68989
2.69069
2.69290
2.69778
2.69569
2.69651
2.70149
2.70010
2.70109
2.70182
2.70418
2.70651
2.70482
2.71132
2.71418
2.71828
2.71546
2.71502
2.72062
2.71937
2.72152
2.72352
