-0.00001
-0.00011
0.00020
-0.00224
0.00060
0.02005
0.02567
0.02332
0.02418
0.02655
0.02523
0.02552
0.02172
0.01930
0.02301
0.02436
0.02741
0.02246
0.02137
0.02326
0.02543
0.02231
0.02574
0.02987
0.02425
0.01829
0.01729
0.02323
0.02504
0.02400
0.02258
0.02474
0.02720
0.02292
0.01998
0.02331
0.02234
0.02437
0.02380
0.02714
0.02520
0.02564
0.02344
0.02739
0.02789
0.02340
0.02154
0.02300
0.02568
0.02244
0.02266
0.02251
0.02682
0.02536
0.02019
0.02260
0.02429
0.02442
0.02662
0.03380
0.02209
0.02028
0.03131
0.02291
0.02158
0.02410
0.02371
0.02371
0.03341
0.03957
0.02708
0.01840
0.02251
0.03144
0.03730
0.03224
0.02607
0.03032
0.03239
0.03177
0.03054
0.02705
0.02557
0.03358
0.03422
0.03081
0.03008
0.02958
0.02689
0.03116
0.03220
0.02971
0.02615
0.02619
0.03325
0.02711
0.02864
0.03146
0.03145
0.03779
