-0.00090
-0.01531
0.03012
-0.31422
0.12219
2.76938
3.20952
2.86865
2.91680
2.90209
2.90088
2.90200
2.90599
2.90678
2.90932
2.90970
2.91181
2.91622
2.91976
2.92111
2.92135
2.92169
2.92250
2.92589
2.92837
2.93497
2.93559
2.93610
2.93818
2.93861
2.94176
2.94378
2.94415
2.94712
2.94895
2.94982
2.94663
2.94886
2.95251
2.95461
2.95536
2.95741
2.96115
2.96069
2.96322
2.96748
2.96502
2.96530
2.96411
2.96705
2.97093
2.97233
2.97644
2.98112
2.98213
2.98011
2.97513
2.97539
2.98184
2.98119
2.98025
2.98457
2.98512
2.98864
2.99059
2.98860
2.98937
2.99446
2.99462
2.99258
3.00007
3.00096
3.00038
2.99946
3.00480
3.00851
3.01243
3.00807
3.00477
3.01092
3.00880
3.00928
3.01665
3.01948
3.01747
3.02359
3.02823
3.02713
3.03092
3.03357
3.03208
3.03455
3.03537
3.03636
3.03957
3.04197
3.04265
3.04532
3.04650
3.04610
