-0.00116
-0.01979
0.03899
-0.40647
0.15889
3.58090
4.14349
3.70496
3.76950
3.74470
3.73911
3.74544
3.74877
3.75060
3.75078
3.75027
3.75673
3.75523
3.75254
3.75284
3.75473
3.75366
3.75255
3.75761
3.76395
3.76352
3.75774
3.76246
3.76539
3.76305
3.76347
3.76506
3.76806
3.77072
3.77351
3.76808
3.76598
3.77063
3.76863
3.76653
3.77167
3.77391
3.77002
3.77191
3.77884
3.77469
3.77163
3.77425
3.76919
3.76741
3.76873
3.77634
3.78280
3.78341
3.77897
3.77723
3.76844
3.76869
3.77229
3.77166
3.77378
3.77971
3.77955
3.77833
3.78090
3.78215
3.78178
3.77866
3.77520
3.77748
3.78281
3.78487
3.78598
3.77943
3.77771
3.78415
3.78685
3.78381
3.78210
3.78484
3.78679
3.78820
3.78861
3.78635
3.78979
3.79487
3.79972
3.79387
3.79271
3.79754
3.79964
3.79936
3.79705
3.79639
3.80175
3.80066
3.79723
3.80281
3.80050
3.80004
