-0.00009
-0.00154
0.00303
-0.03157
0.01226
0.27924
0.32353
0.28205
0.27929
0.27605
0.27309
0.27437
0.27368
0.26946
0.26781
0.26903
0.27420
0.27906
0.26159
0.25843
0.25928
0.26252
0.26611
0.26625
0.26522
0.26193
0.26214
0.26468
0.26656
0.26258
0.26467
0.26234
0.25672
0.25897
0.26005
0.25315
0.25263
0.25865
0.26076
0.25131
0.25162
0.26733
0.26887
0.27248
0.27286
0.27018
0.26936
0.27369
0.26473
0.26060
0.26505
0.26401
0.25969
0.25651
0.25608
0.26300
0.26243
0.25806
0.26185
0.26170
0.25644
0.25473
0.25652
0.24595
0.23549
0.24409
0.24542
0.24752
0.25310
0.24812
0.24259
0.24905
0.24602
0.24420
0.24468
0.24903
0.24838
0.24038
0.23936
0.24378
0.24504
0.23762
0.23491
0.23945
0.23984
0.24223
0.24434
0.24557
0.24152
0.23576
0.23624
0.23713
0.23824
0.23210
0.23062
0.23015
0.22269
0.21705
0.22254
0.22220
