-0.00135
-0.02308
0.04548
-0.47396
0.18533
4.17671
4.83162
4.31002
4.37618
4.35276
4.35097
4.34812
4.34850
4.34574
4.34169
4.34140
4.33943
4.33828
4.33623
4.33341
4.33192
4.32972
4.32771
4.32534
4.32529
4.32557
4.32119
4.31945
4.31708
4.31456
4.31434
4.31275
4.31167
4.30721
4.30619
4.30625
4.30322
4.30071
4.29731
4.29527
4.29476
4.29223
4.29025
4.28669
4.28655
4.28566
4.28138
4.28077
4.27903
4.27687
4.27568
4.27281
4.27363
4.27107
4.26832
4.26710
4.26288
4.26121
4.26002
4.25844
4.25798
4.25385
4.25380
4.25385
4.25195
4.25066
4.24784
4.24605
4.24348
4.24098
4.24055
4.23844
4.23703
4.23509
4.23239
4.23047
4.22851
4.22751
4.22406
4.22197
4.22094
4.21946
4.21902
4.21504
4.21396
4.21197
4.20808
4.20738
4.20382
4.20125
4.20083
4.19856
4.19744
4.19711
4.19522
4.19200
4.18836
4.18766
4.18550
4.18342
