-0.00010
-0.00163
0.00320
-0.03348
0.01287
0.29546
0.34354
0.30637
0.31025
0.30819
0.30804
0.30739
0.30836
0.30734
0.30744
0.30622
0.30456
0.30562
0.30794
0.30538
0.30511
0.30498
0.30426
0.30311
0.30294
0.30606
0.30367
0.30247
0.30262
0.30043
0.29996
0.30356
0.30196
0.29944
0.29944
0.30035
0.30066
0.30068
0.29978
0.29705
0.29652
0.29606
0.29648
0.29655
0.29590
0.29507
0.29587
0.29590
0.29448
0.29541
0.29593
0.29364
0.29599
0.29453
0.29176
0.29191
0.29267
0.29266
0.29088
0.29042
0.29131
0.28924
0.28975
0.29105
0.28922
0.28967
0.28857
0.28475
0.28581
0.28784
0.28737
0.28865
0.28573
0.28409
0.28589
0.28627
0.28405
0.28571
0.28684
0.28302
0.28340
0.28457
0.28341
0.28264
0.28155
0.28111
0.28282
0.28250
0.27952
0.27947
0.28092
0.27893
0.27810
0.27899
0.27702
0.28068
0.28010
0.27961
0.27816
0.27543
