-0.00054
-0.00923
0.01817
-0.18942
0.07396
1.66936
1.93486
1.72232
1.73992
1.73383
1.70533
1.70317
1.73854
1.74981
1.72758
1.71965
1.72343
1.71589
1.70073
1.69893
1.69269
1.66596
1.68946
1.72710
1.71238
1.71948
1.71526
1.71172
1.72065
1.73176
1.74135
1.75181
1.73862
1.72967
1.74222
1.72788
1.71308
1.71940
1.72284
1.73530
1.72473
1.70937
1.71942
1.72830
1.70752
1.67857
1.68395
1.71491
1.73396
1.73972
1.70924
1.70879
1.73254
1.72922
1.69605
1.67275
1.66235
1.68318
1.70476
1.71513
1.69889
1.68083
1.69225
1.69637
1.68982
1.68056
1.66385
1.67284
1.71032
1.72031
1.72025
1.72649
1.69732
1.70009
1.70916
1.70795
1.71402
1.69847
1.66686
1.66698
1.71147
1.72976
1.71665
1.70771
1.72525
1.73640
1.73683
1.74287
1.71538
1.71432
1.74808
1.73440
1.70129
1.70537
1.70231
1.69754
1.68443
1.69116
1.69669
1.68227
