-0.00000
-0.00007
0.00013
-0.00144
0.00035
0.01303
0.01462
0.01594
0.02717
0.02494
0.02073
0.01332
0.01153
0.01487
0.01468
0.01266
0.01579
0.01676
0.01431
0.01680
0.01760
0.01915
0.01992
0.01581
0.01237
0.01450
0.02256
0.01833
0.01270
0.01270
0.01537
0.02634
0.02352
0.01544
0.01274
0.01509
0.02376
0.01520
0.01237
0.02167
0.02263
0.02046
0.01501
0.02098
0.02386
0.02744
0.02031
0.01475
0.01844
0.03249
0.02250
0.01896
0.01639
0.01415
0.03151
0.03014
0.01374
0.01410
0.01362
0.01548
0.02242
0.01678
0.01400
0.01655
0.02139
0.03123
0.01614
0.01274
0.01909
0.01926
0.01478
0.02172
0.02527
0.02245
0.01903
0.01862
0.03250
0.02244
0.01461
0.01633
0.01736
0.01961
0.02927
0.02479
0.01372
0.01338
0.01574
0.01483
0.02035
0.02540
0.01647
0.01557
0.02925
0.03144
0.01606
0.01333
0.01660
0.01484
0.01904
0.03070
