-0.00047
-0.00804
0.01588
-0.16524
0.06534
1.45488
1.67488
1.49793
1.53028
1.51812
1.53338
1.52965
1.52722
1.53328
1.50836
1.51424
1.53458
1.55129
1.53876
1.55508
1.55080
1.51866
1.53570
1.56070
1.59081
1.57342
1.54035
1.54539
1.55207
1.55754
1.54657
1.56742
1.56523
1.53138
1.52142
1.54003
1.54528
1.54454
1.56831
1.57077
1.57240
1.57328
1.57864
1.55788
1.56194
1.52430
1.52456
1.51697
1.50363
1.53858
1.55256
1.53512
1.52749
1.51681
1.47485
1.46161
1.49069
1.51569
1.48967
1.48876
1.52198
1.54336
1.52743
1.50676
1.49642
1.48377
1.48849
1.48445
1.47038
1.46430
1.48029
1.51126
1.52121
1.52486
1.51640
1.51760
1.51716
1.51892
1.53710
1.55176
1.56516
1.53601
1.50045
1.47300
1.46029
1.47045
1.48589
1.49140
1.48342
1.45619
1.48198
1.51063
1.49866
1.52926
1.51461
1.50910
1.50311
1.50336
1.51326
1.50617
