-0.00125
-0.02129
0.04195
-0.43720
0.17092
3.85238
4.45801
3.97865
4.03774
4.01735
4.01667
4.01704
4.01444
4.01176
4.01029
4.01044
4.00934
4.01011
4.00945
4.00670
4.00562
4.00513
4.00362
4.00276
3.99942
3.99894
3.99839
3.99619
3.99457
3.99601
3.99531
3.99350
3.99217
3.99159
3.98938
3.99010
3.98942
3.98691
3.98491
3.98337
3.98279
3.98099
3.97891
3.97715
3.97775
3.97811
3.97464
3.97267
3.97438
3.97087
3.97154
3.97037
3.96800
3.96910
3.96986
3.96885
3.96243
3.96017
3.96187
3.95980
3.94997
3.94105
3.93885
3.93858
3.94008
3.94135
3.93855
3.93547
3.93586
3.93425
3.93227
3.93151
3.92974
3.92806
3.92792
3.92611
3.92447
3.92546
3.92457
3.92211
3.92127
3.91781
3.91708
3.91604
3.91443
3.91503
3.91406
3.91319
3.91362
3.90810
3.90870
3.90910
3.90728
3.90678
3.90371
3.90395
3.90405
3.90129
3.89840
3.90009
