-0.00010
-0.00178
0.00349
-0.03643
0.01383
0.32309
0.37321
0.32646
0.33707
0.33184
0.32799
0.32363
0.33130
0.33864
0.33245
0.33059
0.32334
0.32878
0.33099
0.32836
0.32635
0.33407
0.33304
0.32181
0.32647
0.33386
0.32640
0.32506
0.32447
0.32901
0.32843
0.32194
0.32640
0.32992
0.32684
0.32329
0.32731
0.32602
0.32801
0.32758
0.32608
0.33017
0.33154
0.32892
0.32533
0.32767
0.32684
0.32331
0.32112
0.31855
0.32256
0.33011
0.33593
0.32867
0.31891
0.31450
0.31863
0.32189
0.32821
0.32855
0.32503
0.32563
0.32188
0.32377
0.32024
0.31500
0.31890
0.32783
0.31885
0.32026
0.32718
0.32418
0.32161
0.32605
0.32191
0.32602
0.32911
0.31899
0.32218
0.32458
0.32298
0.32337
0.32387
0.32478
0.32413
0.31813
0.31469
0.32202
0.31962
0.32242
0.32080
0.31533
0.32053
0.32580
0.32368
0.32015
0.31807
0.32866
0.32368
0.31487
