-0.00135
-0.02299
0.04527
-0.47192
0.18417
4.15989
4.81361
4.29026
4.35798
4.33460
4.32999
4.32912
4.32623
4.32042
4.31244
4.31924
4.31838
4.31525
4.31612
4.30909
4.30747
4.30487
4.29940
4.30072
4.29883
4.29679
4.29540
4.28852
4.28791
4.28452
4.28369
4.27567
4.27278
4.27881
4.27340
4.27193
4.27170
4.26476
4.26411
4.26107
4.26270
4.26235
4.25648
4.25590
4.24816
4.25135
4.25034
4.24412
4.24562
4.23872
4.24267
4.23847
4.23283
4.23192
4.22743
4.22563
4.22574
4.22389
4.22225
4.21641
4.21682
4.21683
4.21256
4.21057
4.20981
4.20735
4.20505
4.19991
4.20321
4.19991
4.19768
4.19634
4.19241
4.19476
4.18874
4.18404
4.18445
4.17993
4.17933
4.17339
4.17013
4.17157
4.16797
4.16517
4.16047
4.16020
4.15939
4.15601
4.16007
4.15564
4.14435
4.13281
4.12244
4.12114
4.11454
4.10905
4.10587
4.10495
4.10767
4.10209
