-0.00066
-0.01125
0.02221
-0.23119
0.09111
2.03643
2.35224
2.08971
2.11145
2.12640
2.14228
2.14253
2.14469
2.14694
2.13860
2.13719
2.15095
2.15976
2.17318
2.20138
2.22067
2.20768
2.20583
2.20405
2.19117
2.19347
2.16754
2.16782
2.13606
2.09833
2.09587
2.10191
2.13051
2.14827
2.11559
2.08526
2.11506
2.13451
2.17341
2.18636
2.21504
2.20339
2.15726
2.12473
2.10882
2.13094
2.12812
2.11305
2.10252
2.09246
2.08999
2.07070
2.05034
2.06063
2.08398
2.07141
2.07645
2.09163
2.08933
2.10239
2.14466
2.13434
2.11755
2.11412
2.12504
2.12485
2.11190
2.11951
2.13107
2.13855
2.15224
2.14798
2.13462
2.15809
2.14563
2.15464
2.14708
2.14589
2.14698
2.14245
2.13374
2.13393
2.15485
2.12960
2.13246
2.13247
2.11763
2.11359
2.11803
2.12579
2.11477
2.09462
2.07242
2.07691
2.09481
2.08531
2.08874
2.10145
2.09761
2.11102
