-0.00007
-0.00118
0.00232
-0.02421
0.00940
0.21336
0.24696
0.22202
0.22628
0.21957
0.22154
0.22393
0.22309
0.22137
0.21814
0.22538
0.22526
0.22629
0.22339
0.21779
0.21971
0.22224
0.22170
0.22640
0.22253
0.22152
0.22298
0.22152
0.22116
0.22349
0.22540
0.22424
0.22328
0.22157
0.22379
0.22578
0.22420
0.22547
0.22259
0.22127
0.22530
0.22233
0.22177
0.22459
0.22409
0.22248
0.22309
0.22297
0.22308
0.22133
0.22149
0.22616
0.22198
0.22347
0.22877
0.22239
0.22278
0.22827
0.22439
0.22400
0.22309
0.22418
0.22464
0.22021
0.22451
0.22566
0.22286
0.22423
0.22335
0.22079
0.22088
0.22173
0.22230
0.22506
0.22543
0.22207
0.22174
0.22106
0.22091
0.22408
0.22749
0.22388
0.21892
0.22336
0.22648
0.22353
0.21890
0.22553
0.22458
0.22310
0.23153
0.22328
0.21869
0.22211
0.22579
0.22018
0.21921
0.22235
0.22688
0.22441
