-0.00087
-0.01481
0.02913
-0.30400
0.11792
2.68001
3.10768
2.77571
2.82378
2.81452
2.81570
2.81498
2.81618
2.82096
2.82833
2.83031
2.83382
2.83853
2.84164
2.84331
2.84260
2.84726
2.85303
2.85710
2.86286
2.86484
2.86633
2.86949
2.87372
2.87736
2.88115
2.88687
2.89061
2.88781
2.88790
2.89035
2.89424
2.89734
2.89872
2.90201
2.90672
2.91097
2.91059
2.91417
2.92073
2.92094
2.92299
2.92494
2.92812
2.93138
2.92875
2.93463
2.93896
2.93782
2.94275
2.94507
2.94759
2.95097
2.95378
2.95580
2.95795
2.96399
2.96408
2.96532
2.96623
2.96547
2.96755
2.97167
2.97721
2.98194
2.98466
2.99291
2.99614
2.99897
3.00144
2.99633
2.99987
3.00184
3.00409
3.01306
3.01424
3.01874
3.02142
3.02315
3.02754
3.03138
3.03219
3.03444
3.03947
3.04369
3.04391
3.04413
3.04871
3.05450
3.05860
3.06062
3.06079
3.06491
3.06748
3.07031
