-0.00133
-0.02264
0.04458
-0.46479
0.18132
4.09586
4.74213
4.23463
4.30418
4.28565
4.28469
4.28537
4.28446
4.28569
4.28973
4.29353
4.29618
4.29606
4.29694
4.29761
4.29823
4.30033
4.29955
4.30049
4.30381
4.30223
4.30178
4.30945
4.31363
4.31406
4.31926
4.32424
4.32237
4.32319
4.32661
4.32897
4.32976
4.33054
4.33258
4.33314
4.33534
4.33853
4.33992
4.34309
4.34277
4.34356
4.34819
4.34979
4.35173
4.35395
4.35384
4.35357
4.35530
4.35755
4.36597
4.37037
4.37049
4.37070
4.37202
4.37211
4.37345
4.37462
4.37665
4.37818
4.38025
4.38218
4.38275
4.38388
4.38668
4.39105
4.39276
4.39290
4.39235
4.38919
4.39141
4.39688
4.40101
4.40370
4.40478
4.40739
4.41002
4.41126
4.41214
4.41368
4.41273
4.41621
4.41753
4.41833
4.42364
4.42637
4.42644
4.42374
4.42173
4.42331
4.42650
4.42646
4.42971
4.43294
4.43268
4.43113
