-0.00010
-0.00164
0.00324
-0.03370
0.01326
0.29673
0.34263
0.30704
0.31220
0.30839
0.30950
0.30909
0.30929
0.30955
0.31134
0.30799
0.30515
0.30989
0.30889
0.30920
0.30931
0.31078
0.31517
0.31441
0.31025
0.30748
0.30639
0.30813
0.30417
0.30291
0.30760
0.30874
0.30496
0.30549
0.30554
0.30385
0.30494
0.30642
0.31086
0.30935
0.31190
0.30982
0.30480
0.31510
0.30849
0.30476
0.30647
0.30680
0.30513
0.30475
0.30379
0.30714
0.30905
0.31061
0.30893
0.30660
0.30862
0.31355
0.31040
0.30798
0.31212
0.30966
0.30385
0.30582
0.31109
0.30804
0.30899
0.31282
0.31065
0.30695
0.30567
0.30923
0.31502
0.30995
0.30820
0.30907
0.30795
0.30751
0.30795
0.30815
0.30293
0.30732
0.30814
0.30794
0.31215
0.31241
0.30879
0.31034
0.30755
0.30916
0.31245
0.31253
0.30882
0.30558
0.30959
0.31494
0.30958
0.31279
0.30782
0.30629
