-0.00090
-0.01539
0.03024
-0.31586
0.12222
2.78305
3.23133
2.90092
2.96111
2.94637
2.94225
2.95032
2.96884
2.98163
2.98602
2.99395
2.99668
3.00063
3.00742
3.01292
3.02049
3.02318
3.03222
3.04036
3.03778
3.04069
3.04749
3.05286
3.05955
3.06062
3.06718
3.07198
3.07489
3.08012
3.08208
3.08751
3.09289
3.09971
3.10763
3.11110
3.12161
3.12736
3.13230
3.13807
3.13925
3.14381
3.15003
3.15585
3.16153
3.16317
3.16841
3.17344
3.17758
3.18253
3.18428
3.18895
3.19019
3.19295
3.19963
3.20062
3.20679
3.20822
3.21196
3.22079
3.22246
3.22761
3.23245
3.23552
3.23736
3.23621
3.24381
3.24669
3.24628
3.25156
3.25412
3.25948
3.26120
3.25978
3.26498
3.26619
3.27246
3.27788
3.27922
3.28183
3.28257
3.28899
3.29262
3.29510
3.29676
3.29885
3.30378
3.30474
3.30984
3.31515
3.31531
3.32114
3.32176
3.32503
3.32946
3.32842
