-0.00090
-0.01530
0.03010
-0.31415
0.12202
2.76854
3.21055
2.87201
2.91844
2.90427
2.91016
2.91407
2.91988
2.92670
2.92940
2.93567
2.93921
2.93994
2.94491
2.94844
2.95263
2.95633
2.96049
2.96576
2.96759
2.97064
2.97555
2.98039
2.98367
2.98668
2.99058
2.99367
2.99719
3.00053
3.00327
3.00690
3.01010
3.01369
3.01621
3.01809
3.02079
3.02144
3.02683
3.03134
3.03408
3.03586
3.03799
3.04113
3.04594
3.04779
3.05401
3.05616
3.05812
3.06161
3.06139
3.06353
3.06419
3.06593
3.07265
3.07368
3.07488
3.07598
3.07904
3.08391
3.08846
3.09122
3.09690
3.09999
3.10025
3.10164
3.10442
3.10944
3.11222
3.11300
3.11556
3.11907
3.12060
3.12280
3.12662
3.12803
3.13236
3.13604
3.13787
3.13924
3.14277
3.14711
3.14953
3.15112
3.15277
3.15588
3.15873
3.16053
3.16460
3.16764
3.17028
3.17279
3.17297
3.17478
3.17760
3.17977
