-0.00031
-0.00525
0.01027
-0.10751
0.04054
0.95034
1.10836
0.98469
1.01371
1.02518
1.02552
1.03249
1.01595
1.01245
1.03090
1.02934
1.03821
1.06119
1.05875
1.04863
1.04676
1.03999
1.02385
1.02497
1.04419
1.04331
1.03053
1.03005
1.02537
1.03133
1.03127
1.02936
1.03240
1.03210
1.03442
1.03895
1.03024
1.02440
1.03157
1.03350
1.03356
1.05061
1.03898
1.02114
1.02054
1.05406
1.04617
1.03047
1.03553
1.04191
1.02572
1.02287
1.02256
1.02277
1.03954
1.04383
1.06728
1.07701
1.04326
1.05070
1.08135
1.09635
1.08711
1.05980
1.03390
1.03654
1.02682
1.02045
1.05849
1.06576
1.04368
1.02794
1.02614
1.03215
1.03300
1.03831
1.03649
1.03233
1.03090
1.03573
1.02526
1.01184
1.01925
1.03787
1.03184
1.02420
1.02734
1.03213
1.03643
1.03193
1.03689
1.03531
1.03063
1.03116
1.02130
1.01265
1.03869
1.05607
1.05480
1.05719
