-0.00059
-0.00999
0.01976
-0.20564
0.08232
1.80436
2.08189
1.89077
1.90771
1.86451
1.85520
1.83835
1.85297
1.83027
1.82786
1.88967
1.91800
1.88319
1.85416
1.84011
1.85338
1.85471
1.86782
1.88981
1.91525
1.90463
1.89716
1.89799
1.90856
1.90471
1.88601
1.87456
1.89253
1.90378
1.90983
1.88656
1.85811
1.86318
1.84814
1.84599
1.83885
1.83455
1.83874
1.83424
1.80914
1.80626
1.81237
1.82498
1.84490
1.83233
1.81316
1.87879
1.91030
1.87670
1.86736
1.88300
1.88349
1.86348
1.85559
1.84827
1.83882
1.86170
1.87414
1.86304
1.84556
1.87058
1.87363
1.85889
1.85978
1.85609
1.85996
1.85478
1.84208
1.83764
1.83554
1.86057
1.86929
1.85846
1.86204
1.85473
1.85197
1.86480
1.86484
1.87006
1.86022
1.88260
1.90807
1.88685
1.88109
1.87856
1.87211
1.86186
1.86096
1.86008
1.86221
1.85877
1.84080
1.86176
1.84825
1.82849
