-0.00214
-0.03645
0.07177
-0.74836
0.29161
6.59635
7.63798
6.81407
6.92450
6.89355
6.89143
6.89392
6.89363
6.89613
6.89660
6.89188
6.89092
6.89381
6.89643
6.89851
6.89800
6.89843
6.89789
6.89676
6.89584
6.89723
6.89867
6.89892
6.89844
6.89894
6.90119
6.90315
6.90222
6.90102
6.90015
6.90244
6.90539
6.90557
6.90771
6.90757
6.90852
6.90997
6.90954
6.91072
6.91327
6.91388
6.91415
6.91288
6.91253
6.91304
6.91451
6.91111
6.90854
6.91194
6.91340
6.91238
6.91438
6.91535
6.91560
6.91669
6.91738
6.91653
6.91591
6.91720
6.91973
6.91815
6.91879
6.92014
6.92076
6.92067
6.92063
6.92274
6.92328
6.92328
6.92455
6.92321
6.92291
6.92348
6.92341
6.92431
6.92524
6.92554
6.92490
6.92583
6.92731
6.92565
6.92547
6.92699
6.92700
6.92715
6.92812
6.92967
6.93012
6.93101
6.93078
6.93100
6.93375
6.93246
6.93397
6.93558
