-0.00154
-0.02627
0.05170
-0.53922
0.20981
4.75332
5.50654
4.91239
4.99222
4.97404
4.97342
4.97554
4.97621
4.98098
4.98047
4.97405
4.97511
4.97851
4.98174
4.98609
4.98642
4.98577
4.98683
4.98683
4.98504
4.98842
4.99063
4.99023
4.99041
4.99315
4.99622
4.99874
4.99860
4.99971
4.99929
5.00279
5.00686
5.00754
5.01005
5.01099
5.01325
5.01592
5.01638
5.01938
5.02351
5.02325
5.02476
5.02517
5.02364
5.02558
5.02997
5.02450
5.02143
5.02678
5.02909
5.02893
5.03016
5.03358
5.03696
5.03950
5.03967
5.03811
5.03876
5.04065
5.04375
5.04312
5.04411
5.04511
5.04582
5.04669
5.04692
5.04893
5.05190
5.05283
5.05463
5.05264
5.05432
5.05879
5.05919
5.06001
5.06065
5.06203
5.06319
5.06375
5.06451
5.06264
5.06295
5.06506
5.06773
5.06832
5.07082
5.07247
5.07375
5.07579
5.07644
5.07734
5.08066
5.07884
5.08129
5.08650
