-0.00026
-0.00446
0.00879
-0.09166
0.03577
0.80787
0.93495
0.83405
0.84667
0.84127
0.84298
0.84376
0.84532
0.84709
0.84556
0.84536
0.84363
0.84354
0.84584
0.84527
0.84314
0.84240
0.84333
0.84509
0.84319
0.84193
0.84316
0.84303
0.84206
0.84381
0.84506
0.84409
0.84451
0.84164
0.84133
0.84219
0.84348
0.84247
0.84294
0.84395
0.84402
0.84477
0.84362
0.84297
0.84587
0.84470
0.84343
0.84374
0.84457
0.84420
0.84642
0.84419
0.84250
0.84215
0.84232
0.84205
0.84426
0.84521
0.84191
0.83964
0.84134
0.84345
0.84106
0.84128
0.84099
0.84057
0.84167
0.84447
0.84352
0.84384
0.84318
0.84028
0.84405
0.84420
0.84241
0.84074
0.83872
0.83962
0.84437
0.84386
0.84167
0.84292
0.84255
0.84093
0.84303
0.84228
0.84165
0.83931
0.84113
0.84124
0.84016
0.84368
0.84158
0.84013
0.84200
0.84260
0.83941
0.83776
0.83844
0.84108
