-0.00003
-0.00052
0.00103
-0.01075
0.00434
0.09419
0.10882
0.09838
0.09701
0.09753
0.10103
0.09910
0.10031
0.10101
0.09871
0.09966
0.09978
0.09824
0.10181
0.09783
0.09634
0.09908
0.09824
0.09856
0.09704
0.09926
0.10098
0.09911
0.10024
0.10129
0.09929
0.09868
0.10057
0.09875
0.09783
0.09811
0.09804
0.09814
0.09859
0.09877
0.09938
0.09818
0.09845
0.09984
0.09843
0.09849
0.09956
0.09738
0.09746
0.09924
0.10002
0.09735
0.09806
0.09717
0.09785
0.09937
0.09778
0.10004
0.09871
0.09752
0.10050
0.10087
0.09907
0.09797
0.10059
0.09934
0.09508
0.09831
0.09950
0.09765
0.10008
0.10072
0.09933
0.09815
0.09628
0.09618
0.10006
0.09921
0.09918
0.10067
0.09844
0.09912
0.09966
0.10053
0.10106
0.10055
0.10232
0.10029
0.10059
0.09852
0.09759
0.09781
0.09766
0.09979
0.10072
0.09810
0.09963
0.10175
0.09858
0.10051
