-0.00073
-0.01247
0.02442
-0.25570
0.09750
2.25512
2.63459
2.36564
2.37832
2.37330
2.41458
2.34742
2.31972
2.34606
2.33980
2.32943
2.31774
2.32744
2.35084
2.38607
2.44254
2.40026
2.35843
2.38568
2.41071
2.39018
2.36566
2.33852
2.36537
2.43109
2.36908
2.31858
2.36165
2.35967
2.35808
2.38681
2.38526
2.36831
2.40049
2.45538
2.46247
2.45083
2.46102
2.47437
2.49392
2.51802
2.47562
2.47092
2.49509
2.45853
2.47519
2.46913
2.50521
2.54419
2.51018
2.51063
2.47698
2.42393
2.40044
2.43865
2.42066
2.38831
2.44398
2.41399
2.39261
2.43673
2.47111
2.46926
2.42708
2.38844
2.36979
2.34325
2.38725
2.46163
2.47843
2.47185
2.50282
2.43222
2.40340
2.43702
2.46009
2.39101
2.34342
2.33714
2.32548
2.32770
2.36766
2.36754
2.35566
2.36059
2.38857
2.39481
2.38277
2.41384
2.39559
2.38189
2.39378
2.37558
2.39967
2.42440
