-0.00040
-0.00684
0.01340
-0.13998
0.05264
1.24195
1.44060
1.25502
1.29494
1.30341
1.30004
1.29273
1.24545
1.22826
1.24187
1.24518
1.25374
1.24660
1.24466
1.26031
1.27773
1.28701
1.26829
1.27654
1.26678
1.26823
1.31767
1.31437
1.31239
1.34215
1.34548
1.34118
1.33174
1.30524
1.30656
1.32315
1.32775
1.33145
1.35218
1.34218
1.28878
1.27367
1.27908
1.29175
1.29062
1.30958
1.31139
1.34752
1.34249
1.34211
1.38086
1.36225
1.34603
1.32718
1.34059
1.35150
1.32662
1.32788
1.32946
1.33450
1.33332
1.32335
1.36336
1.37713
1.35459
1.36519
1.40308
1.39700
1.37931
1.36503
1.36118
1.34946
1.38064
1.38235
1.31841
1.26794
1.29507
1.31878
1.30947
1.29591
1.29644
1.31657
1.33044
1.36934
1.37065
1.31677
1.31073
1.34568
1.33723
1.35553
1.34631
1.30204
1.31153
1.30207
1.27907
1.27802
1.30597
1.30310
1.30491
1.31840
