-0.00033
-0.00558
0.01098
-0.11454
0.04486
1.00811
1.16757
1.04787
1.06497
1.06201
1.06329
1.06575
1.07066
1.07477
1.07439
1.07939
1.08268
1.08040
1.08425
1.08437
1.08543
1.09046
1.09166
1.09405
1.09910
1.09969
1.10010
1.10244
1.10454
1.10423
1.10355
1.10601
1.11077
1.11409
1.11460
1.11752
1.11773
1.12172
1.12272
1.12449
1.13228
1.13487
1.13564
1.13913
1.14138
1.14006
1.14098
1.14338
1.14526
1.14691
1.14901
1.15125
1.15496
1.16137
1.16227
1.16468
1.17065
1.17023
1.16879
1.16966
1.17243
1.17513
1.17753
1.17997
1.17997
1.18511
1.18880
1.18841
1.19088
1.19763
1.19452
1.19678
1.20019
1.20132
1.20921
1.21295
1.21358
1.21697
1.21728
1.21765
1.22015
1.21916
1.22323
1.22487
1.22529
1.23104
1.23461
1.23557
1.23782
1.23680
1.23875
1.24588
1.25033
1.25219
1.25477
1.25870
1.25901
1.25548
1.26020
1.26351
