-0.00103
-0.01766
0.03475
-0.36246
0.14096
3.19503
3.70287
3.30498
3.35522
3.34082
3.34061
3.34370
3.35290
3.35693
3.35596
3.35322
3.36137
3.35743
3.35843
3.36484
3.36074
3.35827
3.36154
3.36512
3.37257
3.37310
3.37627
3.37668
3.37391
3.37459
3.37901
3.38111
3.38529
3.39208
3.39122
3.39138
3.39288
3.39857
3.39970
3.40034
3.40826
3.40852
3.40563
3.39811
3.39612
3.39411
3.39410
3.38695
3.38324
3.37869
3.37870
3.37751
3.37973
3.37546
3.36731
3.36577
3.37293
3.37156
3.36948
3.37443
3.37595
3.38010
3.38234
3.37155
3.37716
3.38208
3.36888
3.36654
3.37249
3.37795
3.37800
3.38183
3.38818
3.38534
3.38880
3.39482
3.39797
3.39921
3.40019
3.40295
3.40462
3.40567
3.41033
3.40886
3.41183
3.41984
3.42419
3.41878
3.41452
3.41974
3.42147
3.42608
3.43167
3.43594
3.43998
3.44089
3.44333
3.44474
3.44949
3.44581
