-0.00001
-0.00009
0.00018
-0.00179
0.00081
0.01584
0.01718
0.01325
0.01143
0.01213
0.01719
0.01911
0.01296
0.00935
0.01899
0.02043
0.01889
0.01986
0.01861
0.01275
0.01361
0.01697
0.01547
0.01569
0.01899
0.01929
0.02369
0.01424
0.02202
0.01787
0.01408
0.01933
0.01434
0.01989
0.01639
0.01704
0.01906
0.01570
0.01779
0.02290
0.01921
0.01638
0.02977
0.02935
0.01906
0.01727
0.01482
0.02076
0.02747
0.02159
0.01704
0.01410
0.01801
0.01862
0.01834
0.01870
0.02092
0.01862
0.01703
0.02632
0.02014
0.02637
0.02860
0.01533
0.01381
0.01741
0.01996
0.02005
0.02155
0.02331
0.01473
0.01214
0.01695
0.02541
0.02212
0.02275
0.02119
0.01798
0.01863
0.01960
0.01649
0.01566
0.02202
0.01902
0.01252
0.01772
0.02044
0.01818
0.02402
0.02567
0.01920
0.02086
0.01716
0.01873
0.01662
0.01923
0.01824
0.01954
0.01560
0.01731
