-0.00142
-0.02427
0.04777
-0.49813
0.19403
4.39073
5.08534
4.53694
4.60779
4.58667
4.58380
4.58447
4.58539
4.58281
4.58210
4.58359
4.58727
4.58572
4.58663
4.59086
4.58850
4.58862
4.59003
4.58839
4.58952
4.58944
4.58684
4.58822
4.59008
4.59323
4.59092
4.58833
4.59145
4.59085
4.59193
4.59501
4.59449
4.59153
4.59383
4.59711
4.59510
4.59329
4.59310
4.59529
4.59483
4.59445
4.59974
4.59432
4.59565
4.59932
4.59769
4.59569
4.59804
4.59968
4.60104
4.60009
4.59894
4.59856
4.59722
4.59779
4.60096
4.60277
4.59952
4.59947
4.60403
4.60333
4.60447
4.60572
4.60061
4.59811
4.60278
4.60561
4.60326
4.60294
4.60215
4.59990
4.60265
4.60232
4.60305
4.60838
4.60565
4.60638
4.60692
4.60654
4.60675
4.60581
4.60747
4.60740
4.60504
4.60508
4.60796
4.60999
4.60897
4.60855
4.60971
4.60700
4.60885
4.61141
4.60955
4.60959
