-0.00212
-0.03624
0.07136
-0.74403
0.29038
6.55645
7.59053
6.77760
6.88305
6.84635
6.84349
6.84783
6.84975
6.84848
6.84948
6.84766
6.85028
6.85257
6.84875
6.84775
6.84791
6.84902
6.85125
6.84821
6.84826
6.84799
6.84741
6.84824
6.84810
6.84941
6.84815
6.84748
6.85072
6.84647
6.84807
6.84980
6.85076
6.85012
6.85075
6.85300
6.85142
6.84923
6.85034
6.84871
6.84769
6.84645
6.85219
6.85103
6.84694
6.85078
6.85123
6.85313
6.85166
6.84950
6.85311
6.85101
6.85400
6.85181
6.84788
6.85292
6.85290
6.84936
6.84852
6.85029
6.85451
6.85159
6.85245
6.85311
6.84818
6.85272
6.85477
6.85312
6.85178
6.85085
6.85057
6.84903
6.85370
6.85268
6.84662
6.85180
6.84950
6.85174
6.85196
6.84635
6.84920
6.84978
6.85048
6.84948
6.84694
6.85021
6.85135
6.85119
6.85068
6.85108
6.85368
6.84840
6.85022
6.85282
6.85200
6.85112
