-0.00086
-0.01474
0.02902
-0.30265
0.11802
2.66710
3.08853
2.75750
2.80153
2.79160
2.79298
2.79366
2.79465
2.79661
2.79649
2.79883
2.80240
2.80547
2.80840
2.81119
2.80895
2.81123
2.81261
2.81305
2.81738
2.82129
2.82055
2.82268
2.82608
2.82938
2.82931
2.83127
2.82978
2.83271
2.83653
2.83741
2.84101
2.84480
2.84556
2.84939
2.84984
2.84994
2.85462
2.85873
2.86023
2.86315
2.86619
2.86890
2.86896
2.86701
2.86700
2.87165
2.87331
2.87374
2.87601
2.88117
2.88230
2.88557
2.88583
2.88559
2.88572
2.88771
2.89341
2.89506
2.89836
2.89925
2.90078
2.90165
2.90183
2.90379
2.90809
2.91203
2.91556
2.91364
2.91372
2.91539
2.91437
2.91654
2.92218
2.92707
2.92795
2.93152
2.93367
2.93105
2.93172
2.93805
2.94019
2.94213
2.94287
2.94564
2.94753
2.94612
2.94833
2.94987
2.95401
2.95556
2.95663
2.95982
2.96120
2.96049
