-0.00061
-0.01042
0.02054
-0.21407
0.08387
1.88449
2.17771
1.95827
2.00551
1.98688
1.99896
2.00936
2.01579
2.02491
2.03327
2.02850
2.00740
2.00741
1.98863
1.97824
2.02972
2.03119
2.03628
2.05940
2.04194
2.02390
2.04449
2.04457
2.01215
2.00403
2.04213
2.02010
2.04770
2.06323
2.05865
2.05681
2.01364
1.99491
2.00832
2.00265
2.01925
2.03514
1.99003
1.95985
1.97045
1.98265
1.96538
1.96047
1.97450
2.00245
2.03254
2.01282
2.02134
2.04967
2.03862
1.98505
1.98451
1.99960
2.00949
2.02385
2.03272
2.03943
2.01445
2.01675
1.99846
1.99464
2.01192
2.03761
2.06843
2.05270
2.02779
1.99796
1.99109
2.02548
2.04148
2.06276
2.11222
2.10845
2.03653
2.00548
2.01712
1.98564
1.99054
2.04585
2.06762
2.01477
2.01594
2.02288
2.01425
1.98662
1.98921
2.03070
2.05148
2.05620
2.03218
2.04491
2.06441
2.05541
2.04284
2.06177
