-0.00177
-0.03028
0.05963
-0.62167
0.24257
5.47904
6.34238
5.65883
5.74761
5.71829
5.71381
5.71216
5.70895
5.70680
5.70590
5.70514
5.70299
5.70138
5.70033
5.69775
5.69630
5.69447
5.69162
5.69146
5.68947
5.68730
5.68541
5.68350
5.68298
5.68030
5.67931
5.67780
5.67465
5.67435
5.67238
5.66951
5.66950
5.66786
5.66559
5.66311
5.66139
5.66111
5.65855
5.65674
5.65501
5.65180
5.65208
5.65109
5.64919
5.64812
5.64639
5.64443
5.64187
5.64052
5.63851
5.63653
5.63549
5.63452
5.63252
5.62991
5.62826
5.62681
5.62467
5.62323
5.62039
5.61881
5.61887
5.61645
5.61609
5.61336
5.61018
5.60883
5.60818
5.60840
5.60621
5.60494
5.60263
5.59807
5.59711
5.59533
5.59368
5.59265
5.59117
5.59064
5.58742
5.58542
5.58305
5.58061
5.58006
5.57821
5.57594
5.57401
5.57303
5.57136
5.56962
5.56715
5.56609
5.56439
5.56211
5.56072
