-0.00003
-0.00049
0.00096
-0.01005
0.00381
0.08876
0.10373
0.09116
0.09395
0.09862
0.09272
0.09202
0.09503
0.09340
0.09117
0.09185
0.09356
0.09345
0.09264
0.09135
0.09278
0.09705
0.09645
0.09326
0.09488
0.09101
0.09328
0.09949
0.09390
0.09079
0.09144
0.09317
0.09201
0.09272
0.09419
0.09197
0.09246
0.09603
0.09394
0.09159
0.09266
0.09290
0.09053
0.09233
0.09293
0.09126
0.08964
0.08837
0.09423
0.09944
0.09284
0.09283
0.09925
0.09446
0.09177
0.09627
0.09792
0.09351
0.09344
0.09272
0.09358
0.09858
0.09243
0.09248
0.09676
0.09240
0.09821
0.09387
0.09167
0.09446
0.09976
0.09308
0.09104
0.09355
0.09584
0.09357
0.09499
0.09870
0.09570
0.09484
0.09428
0.09703
0.09481
0.09289
0.09398
0.09795
0.09336
0.09189
0.09282
0.09457
0.09477
0.09229
0.09342
0.09686
0.09380
0.09198
0.09378
0.09598
0.10100
0.10329
