-0.00129
-0.02211
0.04353
-0.45386
0.17679
4.00101
4.63279
4.13140
4.19620
4.17514
4.17484
4.17074
4.17221
4.17348
4.17042
4.16620
4.16592
4.16397
4.16602
4.16302
4.16538
4.16302
4.16333
4.16389
4.15907
4.15970
4.16018
4.15823
4.15869
4.16028
4.15834
4.15364
4.15519
4.15493
4.15550
4.15412
4.14665
4.14552
4.14542
4.14516
4.14869
4.14764
4.14684
4.14354
4.13774
4.14171
4.13808
4.13659
4.13987
4.13705
4.13528
4.13594
4.13565
4.13292
4.12953
4.13230
4.12642
4.12571
4.12407
4.12370
4.12520
4.12317
4.12106
4.12167
4.12015
4.11756
4.11914
4.11539
4.11117
4.11165
4.11045
4.11426
4.10820
4.10779
4.10986
4.10845
4.10745
4.10654
4.10311
4.10060
4.09784
4.09764
4.09888
4.09905
4.09684
4.09206
4.09034
4.08885
4.09173
4.09401
4.08937
4.09228
4.09089
4.08666
4.08536
4.08452
4.08505
4.08474
4.08044
4.07674
