-0.00086
-0.01468
0.02895
-0.30160
0.11833
2.65683
3.07055
2.74068
2.78561
2.76903
2.76265
2.76561
2.76156
2.76112
2.76159
2.75739
2.75931
2.75403
2.75279
2.74974
2.75348
2.74840
2.73970
2.74056
2.74191
2.74217
2.73956
2.73543
2.73407
2.73278
2.73392
2.72673
2.73252
2.72764
2.71824
2.71710
2.72010
2.71767
2.71732
2.71817
2.71064
2.70819
2.71058
2.70590
2.70464
2.71085
2.70563
2.69669
2.69524
2.69434
2.69457
2.69273
2.69310
2.68899
2.68673
2.69157
2.69167
2.68113
2.67926
2.68330
2.68124
2.68174
2.67044
2.67164
2.67600
2.66421
2.66420
2.66678
2.66562
2.66281
2.65326
2.65134
2.65712
2.65412
2.64847
2.65357
2.65287
2.64890
2.64740
2.64215
2.64062
2.64613
2.64138
2.63525
2.63855
2.63190
2.62436
2.62949
2.63252
2.62690
2.62589
2.62445
2.61766
2.61893
2.61408
2.61032
2.61531
2.61969
2.61310
2.60411
