-0.00075
-0.01285
0.02534
-0.26384
0.10372
2.32468
2.68320
2.39133
2.42889
2.41136
2.41493
2.41116
2.40377
2.39932
2.40702
2.40638
2.39992
2.39673
2.39609
2.38709
2.38544
2.39164
2.39688
2.39212
2.38398
2.37610
2.37299
2.37130
2.36868
2.36735
2.36318
2.36553
2.37090
2.36813
2.36356
2.35955
2.35657
2.34807
2.34867
2.34911
2.34980
2.34635
2.33862
2.33781
2.33717
2.33849
2.33704
2.33692
2.33843
2.32969
2.32392
2.32415
2.31714
2.31092
2.30595
2.31633
2.31268
2.30150
2.29776
2.29538
2.29243
2.29341
2.28503
2.28238
2.28927
2.28362
2.27600
2.27430
2.27474
2.27077
2.28405
2.27471
2.25710
2.26074
2.24312
2.23970
2.26081
2.27269
2.26408
2.25370
2.24909
2.25529
2.25494
2.24632
2.24296
2.24357
2.24663
2.24344
2.23917
2.23868
2.23462
2.23732
2.23455
2.23182
2.22587
2.21932
2.21050
2.20395
2.20554
2.20747
