-0.00056
-0.00949
0.01870
-0.19487
0.07631
1.71717
1.98633
1.76929
1.79261
1.78655
1.78020
1.78373
1.80022
1.79697
1.79574
1.80561
1.81327
1.80427
1.80312
1.84048
1.86357
1.83678
1.82885
1.82295
1.81609
1.81520
1.80850
1.79886
1.79248
1.78404
1.78808
1.79238
1.78860
1.77742
1.76721
1.77411
1.78850
1.79399
1.78164
1.77659
1.77572
1.78485
1.79141
1.76965
1.78011
1.79970
1.80489
1.83363
1.85893
1.85255
1.84567
1.84801
1.82343
1.79587
1.78519
1.78090
1.78632
1.82075
1.81056
1.79150
1.81790
1.82944
1.82591
1.81775
1.80814
1.81789
1.82880
1.86016
1.86366
1.84017
1.79943
1.79527
1.78484
1.77303
1.81019
1.81912
1.78539
1.80093
1.83358
1.83287
1.81916
1.81025
1.79795
1.80363
1.80169
1.78835
1.78415
1.78420
1.78113
1.77757
1.78970
1.81294
1.79212
1.79317
1.80057
1.79612
1.79432
1.79544
1.79824
1.79760
