-0.00025
-0.00420
0.00828
-0.08629
0.03377
0.76028
0.87935
0.78509
0.79790
0.79402
0.79372
0.79422
0.79523
0.79383
0.79443
0.79338
0.79245
0.79480
0.79169
0.79200
0.79250
0.79132
0.79176
0.79385
0.79267
0.79016
0.78921
0.79161
0.79083
0.78952
0.78953
0.78866
0.79047
0.79180
0.79068
0.79210
0.78889
0.78818
0.78976
0.79038
0.78957
0.78793
0.78694
0.78666
0.78645
0.78798
0.78680
0.78521
0.78872
0.78897
0.78683
0.78551
0.78693
0.78782
0.78776
0.78882
0.78753
0.78724
0.78670
0.78562
0.78503
0.78398
0.78486
0.78412
0.78287
0.78511
0.78775
0.78520
0.78452
0.78574
0.78430
0.78457
0.78598
0.78370
0.78572
0.78811
0.78431
0.78383
0.78416
0.78288
0.78276
0.78302
0.78286
0.78384
0.78283
0.78337
0.78627
0.78277
0.78100
0.78416
0.78405
0.78216
0.78288
0.78414
0.78267
0.78174
0.78129
0.78191
0.78045
0.78022
