-0.00057
-0.00968
0.01922
-0.19931
0.08050
1.75163
2.00402
1.79197
1.84050
1.83022
1.80290
1.80292
1.86449
1.88180
1.79278
1.75936
1.75175
1.74862
1.75666
1.78297
1.78153
1.74375
1.75332
1.75306
1.74625
1.75854
1.78489
1.76299
1.75117
1.75565
1.76275
1.75011
1.73342
1.74490
1.77115
1.79264
1.79122
1.79313
1.80007
1.82043
1.81008
1.80341
1.83801
1.83004
1.83233
1.80860
1.79930
1.82592
1.82614
1.80131
1.80274
1.82195
1.82215
1.83029
1.83069
1.80817
1.80661
1.89576
1.96354
1.97447
1.95626
1.88772
1.84949
1.84147
1.81834
1.82954
1.83264
1.83086
1.82265
1.80340
1.81067
1.82160
1.85824
1.89949
1.88587
1.88889
1.88446
1.87632
1.90497
1.86905
1.85145
1.85659
1.87009
1.86230
1.84722
1.84801
1.86375
1.97406
1.99975
2.00051
2.01188
1.98978
1.96927
1.98355
1.98190
1.99742
2.00710
2.02744
2.04666
2.02088
