-0.00026
-0.00451
0.00887
-0.09257
0.03587
0.81629
0.94661
0.84444
0.85730
0.85362
0.85687
0.85502
0.85404
0.85447
0.85298
0.85505
0.85716
0.85633
0.85615
0.85551
0.85600
0.85514
0.85127
0.85159
0.85288
0.85329
0.85164
0.85089
0.85189
0.85238
0.85161
0.85151
0.84973
0.85185
0.85221
0.84879
0.84325
0.84076
0.84489
0.84557
0.84532
0.83720
0.82141
0.82314
0.81800
0.79299
0.79405
0.79897
0.79572
0.80160
0.80627
0.80394
0.80626
0.81120
0.80800
0.80798
0.81103
0.80147
0.80534
0.80739
0.80822
0.80657
0.80074
0.80324
0.80108
0.79941
0.79848
0.79245
0.79646
0.80106
0.79666
0.79912
0.80699
0.80884
0.81292
0.81330
0.81303
0.81592
0.81828
0.81662
0.81165
0.81126
0.80671
0.80776
0.79931
0.78923
0.80168
0.80993
0.81007
0.81077
0.81450
0.81795
0.81523
0.81238
0.81613
0.81747
0.82114
0.82499
0.82258
0.82454
