-0.00055
-0.00940
0.01853
-0.19293
0.07579
1.70096
1.96851
1.74314
1.73304
1.72090
1.72154
1.70097
1.74116
1.74121
1.72337
1.74108
1.75504
1.71781
1.71481
1.74731
1.75111
1.75830
1.74499
1.74782
1.74943
1.76439
1.78504
1.79391
1.79452
1.78795
1.80274
1.80902
1.80364
1.78208
1.77478
1.77251
1.80871
1.82820
1.87672
1.91824
1.88141
1.82573
1.81302
1.80678
1.78399
1.77931
1.78183
1.78145
1.79215
1.81437
1.80323
1.78925
1.80056
1.81052
1.82122
1.79338
1.75576
1.72546
1.73639
1.72570
1.74827
1.80995
1.81189
1.82140
1.82535
1.85507
1.83788
1.75126
1.75824
1.79436
1.77926
1.79840
1.81052
1.79296
1.78068
1.78368
1.79942
1.79512
1.79184
1.76014
1.73773
1.76606
1.79833
1.79130
1.77469
1.78246
1.77610
1.80067
1.82093
1.82299
1.81888
1.81373
1.81350
1.80156
1.78494
1.80703
1.80364
1.81710
1.82971
1.81720
