-0.00004
-0.00063
0.00126
-0.01301
0.00548
0.11398
0.12766
0.11533
0.12453
0.12211
0.11833
0.12008
0.11455
0.11504
0.12417
0.12785
0.12613
0.12567
0.11214
0.11967
0.12501
0.11851
0.12377
0.12574
0.12183
0.11681
0.11613
0.11698
0.12384
0.12083
0.11337
0.11815
0.11843
0.11405
0.11968
0.12034
0.11980
0.12619
0.12365
0.11694
0.11863
0.12552
0.12663
0.11691
0.11695
0.12077
0.11752
0.11868
0.11852
0.11727
0.12459
0.12354
0.11851
0.11806
0.11847
0.11317
0.11129
0.11568
0.11277
0.11101
0.11059
0.11746
0.11436
0.11026
0.11347
0.11420
0.11063
0.10778
0.11413
0.11808
0.11084
0.10953
0.11341
0.11234
0.11713
0.11595
0.11421
0.11185
0.11393
0.12013
0.11516
0.11453
0.11250
0.11889
0.11330
0.11568
0.12170
0.11554
0.11242
0.11461
0.11341
0.11259
0.11933
0.12046
0.11282
0.11703
0.11618
0.11345
0.11460
0.11487
