-0.00019
-0.00322
0.00634
-0.06608
0.02587
0.58218
0.67324
0.60107
0.61083
0.60703
0.60674
0.60877
0.60742
0.60587
0.60852
0.60891
0.60699
0.60685
0.60708
0.60734
0.60770
0.60744
0.60818
0.60811
0.60953
0.61118
0.61155
0.61274
0.61216
0.60909
0.60823
0.60986
0.61076
0.61154
0.61087
0.61062
0.61210
0.61281
0.61101
0.61177
0.61057
0.61109
0.61242
0.61295
0.61393
0.61236
0.61344
0.61470
0.61422
0.61238
0.61252
0.61547
0.61600
0.61413
0.61514
0.61550
0.61562
0.61756
0.61749
0.61838
0.61652
0.61710
0.61903
0.61858
0.61820
0.62139
0.62164
0.62268
0.62397
0.62409
0.62211
0.62046
0.62010
0.62131
0.62171
0.62111
0.62193
0.62179
0.62342
0.62328
0.62227
0.62298
0.62620
0.62610
0.62497
0.62446
0.62238
0.62459
0.62547
0.62602
0.62426
0.62553
0.62819
0.62594
0.62546
0.62686
0.62955
0.62969
0.62756
0.62690
