-0.00002
-0.00042
0.00082
-0.00859
0.00321
0.07591
0.08959
0.07970
0.07852
0.07778
0.07764
0.08019
0.08074
0.08174
0.07993
0.07969
0.08007
0.08050
0.07815
0.07883
0.07862
0.08055
0.08303
0.07840
0.07705
0.08066
0.08255
0.08074
0.08058
0.08044
0.08277
0.08201
0.07959
0.07975
0.08151
0.08304
0.08178
0.08132
0.08296
0.08271
0.08181
0.08372
0.08221
0.07848
0.07963
0.07986
0.07953
0.08117
0.08007
0.07746
0.08051
0.08407
0.08178
0.08008
0.08121
0.08054
0.08068
0.08496
0.08239
0.08373
0.08388
0.08072
0.08480
0.08526
0.08268
0.08126
0.08240
0.08237
0.08206
0.08241
0.08262
0.08368
0.08103
0.08245
0.08249
0.08272
0.07995
0.07909
0.08113
0.08190
0.08053
0.08232
0.08300
0.08040
0.07992
0.08097
0.08153
0.08368
0.08285
0.08193
0.08240
0.08102
0.08223
0.08305
0.08095
0.08276
0.08299
0.08315
0.08328
0.08268
