-0.00003
-0.00045
0.00088
-0.00922
0.00340
0.08174
0.09371
0.08510
0.09808
0.09424
0.08586
0.08407
0.08516
0.08540
0.08565
0.08311
0.08623
0.08792
0.08704
0.08661
0.08734
0.09232
0.08545
0.08267
0.08304
0.08552
0.08874
0.09871
0.08602
0.08205
0.08331
0.08454
0.08621
0.08888
0.08747
0.08856
0.08601
0.08250
0.08269
0.08539
0.09160
0.08822
0.08393
0.08567
0.08706
0.08967
0.08913
0.08455
0.08067
0.08202
0.08034
0.08506
0.09244
0.08353
0.08287
0.08621
0.08715
0.08241
0.08552
0.08653
0.08377
0.08145
0.08220
0.08255
0.08275
0.08041
0.08109
0.08311
0.08593
0.08265
0.08195
0.08586
0.08598
0.08397
0.08019
0.07973
0.08288
0.08179
0.08293
0.08117
0.08556
0.08633
0.08116
0.08307
0.08422
0.08499
0.08281
0.08897
0.08220
0.07755
0.08183
0.08952
0.08247
0.07846
0.08173
0.08198
0.08094
0.08340
0.08109
0.07968
