-0.00126
-0.02145
0.04226
-0.44050
0.17201
3.88212
4.49272
4.00840
4.07174
4.05113
4.04683
4.04444
4.04452
4.04265
4.04150
4.04163
4.03905
4.03573
4.03347
4.03128
4.03054
4.02863
4.02703
4.02266
4.02008
4.01941
4.01804
4.01514
4.01419
4.01168
4.00940
4.00944
4.00750
4.00275
4.00396
4.00050
3.99921
3.99778
3.99538
3.99270
3.99250
3.99224
3.98799
3.98553
3.98334
3.97882
3.97722
3.97589
3.97141
3.96852
3.96684
3.96492
3.96445
3.96150
3.96018
3.95807
3.95569
3.95560
3.95395
3.94954
3.94880
3.94930
3.94736
3.94117
3.93794
3.93625
3.93474
3.93271
3.93072
3.93016
3.92772
3.92510
3.92299
3.92010
3.91939
3.91938
3.91970
3.91881
3.91292
3.91105
3.90991
3.90836
3.90960
3.90624
3.90265
3.89982
3.89671
3.89493
3.89470
3.89240
3.88772
3.88644
3.88601
3.88425
3.88182
3.87902
3.87842
3.87604
3.87444
3.87271
