-0.00104
-0.01769
0.03485
-0.36323
0.14197
3.20080
3.70342
3.30462
3.35623
3.33861
3.33443
3.33347
3.33410
3.33081
3.33085
3.33037
3.32798
3.32343
3.31719
3.31610
3.31342
3.31266
3.30923
3.30360
3.30277
3.30286
3.30385
3.29927
3.29645
3.29517
3.29340
3.28975
3.28825
3.28417
3.28394
3.27990
3.27844
3.27749
3.27588
3.27305
3.27126
3.27117
3.26658
3.26113
3.26100
3.25935
3.25034
3.24313
3.23850
3.23375
3.23131
3.22863
3.22607
3.22375
3.22202
3.21765
3.21600
3.21557
3.21297
3.20794
3.20421
3.20633
3.20523
3.19274
3.18718
3.18491
3.18089
3.17788
3.17540
3.17383
3.17134
3.16734
3.16473
3.16010
3.15878
3.15949
3.15526
3.15497
3.14847
3.14251
3.14113
3.14122
3.14004
3.13572
3.13259
3.12857
3.12082
3.11827
3.11849
3.11407
3.10887
3.10532
3.10367
3.09985
3.09657
3.09288
3.09077
3.08986
3.08817
3.08472
