-0.00138
-0.02348
0.04625
-0.48217
0.18824
4.24919
4.91740
4.38901
4.46176
4.43966
4.43919
4.44168
4.44241
4.44344
4.44516
4.44460
4.44544
4.44808
4.44973
4.45113
4.45172
4.45228
4.45634
4.45916
4.46016
4.46040
4.46018
4.46290
4.46471
4.46614
4.46839
4.46889
4.46979
4.47102
4.47121
4.47365
4.47284
4.47596
4.47958
4.48061
4.48277
4.48378
4.48371
4.48332
4.48662
4.48783
4.48657
4.48996
4.49044
4.49023
4.49251
4.49679
4.49808
4.49986
4.50033
4.50096
4.50364
4.50570
4.50531
4.50647
4.50404
4.50449
4.51226
4.51574
4.51692
4.51799
4.51629
4.51892
4.52422
4.52526
4.52557
4.52543
4.52823
4.53510
4.53751
4.53671
4.53512
4.53528
4.53837
4.54064
4.53881
4.54155
4.54517
4.54320
4.54396
4.54523
4.54853
4.55170
4.55340
4.55481
4.55710
4.55964
4.56202
4.56350
4.56335
4.56491
4.56684
4.56686
4.56908
4.56959
