-0.00057
-0.00976
0.01888
-0.19943
0.07222
1.76280
2.09562
1.89189
1.90175
1.90405
1.90237
1.88828
1.89479
1.89863
1.89056
1.90318
1.90057
1.88993
1.89334
1.89765
1.89916
1.91290
1.88872
1.87619
1.87771
1.90286
1.91027
1.89025
1.89232
1.88938
1.88894
1.90522
1.91266
1.92097
1.93115
1.92692
1.95195
1.92084
1.89325
1.88472
1.87911
1.89244
1.90917
1.94073
1.91896
1.92288
1.95193
1.92825
1.95180
1.96320
1.95745
1.92791
1.92649
1.92788
1.93652
1.94553
1.93730
1.93242
1.94534
1.95250
2.00145
2.00007
1.92683
1.90275
1.90058
1.91539
1.95420
1.94353
1.90479
1.89876
1.91547
1.93292
1.92214
1.85588
1.83302
1.87624
1.91086
1.92216
1.91110
1.89738
1.95345
1.93878
1.91294
1.95243
1.95395
1.95499
1.93096
1.90636
1.90888
1.91655
1.90809
1.89742
1.88266
1.88413
1.90043
1.90423
1.89478
1.90209
1.89859
1.91538
