-0.00005
-0.00078
0.00157
-0.01602
0.00692
0.14047
0.15661
0.13607
0.14121
0.14563
0.13364
0.12787
0.14274
0.14628
0.14551
0.14442
0.14664
0.14805
0.13834
0.13624
0.14052
0.15624
0.13586
0.13188
0.15545
0.13997
0.12652
0.13335
0.14827
0.16657
0.13593
0.13230
0.13793
0.13550
0.13411
0.14083
0.15356
0.16432
0.14867
0.13873
0.13344
0.13473
0.15451
0.15807
0.14263
0.13926
0.13739
0.13673
0.14364
0.14314
0.14368
0.15007
0.13737
0.15142
0.15314
0.13418
0.14293
0.13904
0.14423
0.14847
0.13630
0.13778
0.14349
0.14786
0.14002
0.14448
0.14916
0.13960
0.13590
0.14500
0.14717
0.14914
0.14193
0.14375
0.14454
0.14842
0.15180
0.14396
0.15056
0.15349
0.13122
0.13135
0.14473
0.13746
0.12983
0.13202
0.15392
0.14997
0.14649
0.17992
0.16779
0.16193
0.13883
0.12513
0.13521
0.15222
0.15459
0.14221
0.15222
0.13752
