-0.00119
-0.02039
0.04014
-0.41853
0.16307
3.68909
4.27253
3.81113
3.86863
3.85020
3.84720
3.84769
3.84873
3.84506
3.84696
3.84609
3.84395
3.84374
3.83911
3.83312
3.83698
3.84326
3.83635
3.83686
3.83663
3.83387
3.83465
3.83448
3.83227
3.82883
3.83010
3.82953
3.83021
3.82579
3.82431
3.82450
3.82401
3.82765
3.82063
3.82043
3.81916
3.81766
3.81870
3.81953
3.81583
3.81291
3.81145
3.81062
3.81244
3.81404
3.80986
3.80439
3.81039
3.81067
3.80432
3.80163
3.80184
3.79745
3.79979
3.80021
3.79998
3.79503
3.79663
3.79612
3.79410
3.79703
3.79544
3.79300
3.79010
3.79056
3.78890
3.78605
3.78499
3.78284
3.78254
3.78391
3.78078
3.78092
3.78323
3.78001
3.77482
3.77653
3.77800
3.77887
3.77589
3.77353
3.77457
3.76939
3.76775
3.77342
3.77079
3.76681
3.76202
3.76309
3.76576
3.76449
3.76752
3.76051
3.75910
3.75996
