-0.00003
-0.00049
0.00092
-0.00986
0.00310
0.08840
0.10775
0.09289
0.09668
0.10505
0.09669
0.08970
0.09196
0.09305
0.09102
0.09341
0.09210
0.09746
0.09396
0.09135
0.09297
0.09119
0.08863
0.08963
0.09584
0.09948
0.09167
0.09131
0.09269
0.09224
0.08969
0.09157
0.09222
0.09596
0.10184
0.09359
0.09120
0.08930
0.09311
0.09265
0.09098
0.09525
0.09398
0.08979
0.09221
0.08938
0.09268
0.10204
0.09486
0.09532
0.09394
0.09076
0.08940
0.09484
0.11099
0.09600
0.09358
0.11570
0.11136
0.09225
0.08994
0.09113
0.09563
0.09383
0.09463
0.09583
0.09197
0.09344
0.09254
0.09251
0.09321
0.09222
0.09689
0.10032
0.09437
0.10193
0.09320
0.09247
0.09984
0.09348
0.09285
0.09322
0.09434
0.09429
0.09429
0.09637
0.09357
0.09447
0.09421
0.09368
0.09734
0.09296
0.09144
0.09520
0.09324
0.09409
0.10000
0.10225
0.09782
0.09797
