-0.00047
-0.00806
0.01588
-0.16556
0.06454
1.45909
1.68968
1.50852
1.53256
1.52627
1.52687
1.52599
1.52655
1.52690
1.52757
1.52689
1.52642
1.52752
1.52712
1.52870
1.52992
1.53078
1.53250
1.53257
1.53206
1.53163
1.53146
1.53323
1.53357
1.53395
1.53433
1.53448
1.53539
1.53594
1.53704
1.53733
1.53734
1.53770
1.53804
1.53957
1.53912
1.53821
1.53912
1.53594
1.53562
1.53751
1.53783
1.53911
1.53789
1.53988
1.54312
1.54369
1.54376
1.54372
1.54500
1.54437
1.54493
1.54463
1.54475
1.54814
1.54739
1.54688
1.54919
1.54762
1.54783
1.54930
1.54990
1.54986
1.54791
1.54801
1.55046
1.55106
1.55117
1.55115
1.55126
1.55206
1.55300
1.55368
1.55458
1.55554
1.55724
1.55622
1.55654
1.55402
1.55295
1.55503
1.55696
1.55828
1.55840
1.55785
1.55729
1.55539
1.55500
1.55142
1.55013
1.55364
1.55353
1.55400
1.55601
1.55644
