-0.00158
-0.02703
0.05321
-0.55490
0.21619
4.89034
5.66441
5.05914
5.14097
5.11712
5.11702
5.11843
5.11893
5.11418
5.11580
5.12640
5.12514
5.12123
5.12267
5.12507
5.12278
5.12320
5.12480
5.12914
5.13687
5.13757
5.13440
5.13609
5.13990
5.13521
5.13670
5.14385
5.14358
5.14573
5.15195
5.15121
5.15124
5.15210
5.15291
5.15525
5.15705
5.15819
5.15742
5.15330
5.15554
5.16129
5.16389
5.16020
5.15713
5.15890
5.16119
5.16112
5.15977
5.16096
5.16078
5.15710
5.15316
5.14796
5.14088
5.12916
5.11350
5.09987
5.09522
5.08947
5.08581
5.08322
5.08595
5.08431
5.09274
5.09631
5.08759
5.08822
5.09155
5.09436
5.09826
5.10243
5.10858
5.11405
5.11323
5.11427
5.11797
5.11683
5.11984
5.12635
5.12455
5.11841
5.11692
5.11168
5.11172
5.12471
5.13282
5.13396
5.13761
5.13870
5.13899
5.14721
5.15309
5.15237
5.15477
5.15977
