-0.00060
-0.01027
0.02027
-0.21095
0.08304
1.85962
2.14519
1.90149
1.92998
1.91705
1.89314
1.89827
1.90123
1.94542
1.94827
1.86373
1.88152
1.92378
1.93081
1.91675
1.94737
1.95775
1.94705
1.90866
1.85352
1.86151
1.90682
1.89173
1.86199
1.91704
1.91243
1.86452
1.87721
1.86885
1.82892
1.82769
1.84056
1.83775
1.83858
1.85587
1.85210
1.84369
1.84837
1.91099
1.92055
1.86084
1.83263
1.86954
1.87674
1.85549
1.85359
1.85305
1.85827
1.85520
1.84878
1.84250
1.84562
1.85093
1.86773
1.88601
1.91532
1.93882
1.94088
1.93208
1.92993
1.92722
1.89501
1.88972
1.84700
1.83297
1.84435
1.84112
1.84649
1.85157
1.86488
1.87061
1.86361
1.86645
1.90149
1.90157
1.87738
1.91505
1.92419
1.87791
1.88491
1.91866
1.91785
1.91192
1.91404
1.91834
1.91232
1.88806
1.87213
1.85469
1.87883
1.88086
1.87546
1.87894
1.87301
1.86645
