-0.00001
-0.00012
0.00021
-0.00240
0.00017
0.02296
0.02686
0.02880
0.04986
0.02787
0.02057
0.02387
0.02298
0.02400
0.02437
0.02527
0.03241
0.02244
0.02458
0.04265
0.03248
0.02584
0.02559
0.02427
0.02393
0.02604
0.02860
0.02413
0.02986
0.03465
0.03217
0.03687
0.02660
0.02183
0.02918
0.03542
0.02739
0.02473
0.02431
0.02452
0.02472
0.02512
0.02639
0.02607
0.02622
0.02447
0.02272
0.02389
0.03099
0.03105
0.02907
0.03157
0.02471
0.02475
0.02895
0.02471
0.02701
0.03887
0.02746
0.02258
0.02910
0.03014
0.02437
0.02849
0.02899
0.03045
0.02520
0.02261
0.02816
0.03365
0.02529
0.02394
0.02966
0.02741
0.02439
0.02416
0.02579
0.03198
0.02681
0.02786
0.03502
0.02610
0.02422
0.02498
0.02640
0.03038
0.02458
0.02359
0.02489
0.02553
0.02986
0.02821
0.02563
0.02722
0.03129
0.02924
0.02781
0.02615
0.02603
0.02484
