-0.00139
-0.02382
0.04688
-0.48896
0.19045
4.30925
4.99093
4.45836
4.53406
4.51264
4.51307
4.51538
4.51878
4.52213
4.52315
4.52529
4.52829
4.53094
4.53169
4.53263
4.53658
4.53760
4.54119
4.54337
4.54595
4.54900
4.55030
4.55226
4.55496
4.55887
4.55969
4.56188
4.56537
4.56724
4.56835
4.57201
4.57412
4.57534
4.57793
4.58078
4.58326
4.58461
4.58772
4.59095
4.59252
4.59488
4.59680
4.59975
4.60302
4.60511
4.60684
4.60934
4.61055
4.61363
4.61549
4.61852
4.62048
4.62214
4.62556
4.62657
4.62894
4.63216
4.63473
4.63667
4.63931
4.64220
4.64370
4.64450
4.64680
4.64852
4.65163
4.65381
4.65471
4.65809
4.66069
4.66323
4.66556
4.66777
4.67021
4.67178
4.67462
4.67665
4.67821
4.68153
4.68405
4.68597
4.68801
4.68907
4.69302
4.69568
4.69742
4.69872
4.70163
4.70384
4.70408
4.70603
4.70900
4.71196
4.71335
4.71535
