-0.00000
-0.00008
0.00016
-0.00165
0.00066
0.01454
0.01634
0.01535
0.01687
0.01531
0.01406
0.01607
0.02447
0.01630
0.01296
0.01427
0.01913
0.02182
0.01560
0.01902
0.01633
0.01440
0.01458
0.01519
0.01357
0.02076
0.03366
0.01759
0.01101
0.01646
0.01805
0.01856
0.01725
0.01783
0.02752
0.01711
0.01394
0.01819
0.01818
0.01565
0.01849
0.01664
0.01292
0.01627
0.02298
0.02397
0.01548
0.02047
0.01920
0.01763
0.01414
0.01323
0.01381
0.01512
0.01699
0.01294
0.01929
0.03701
0.02155
0.03153
0.02255
0.02002
0.02061
0.01378
0.03095
0.03664
0.01513
0.01264
0.02478
0.02130
0.02052
0.01358
0.01281
0.01777
0.01807
0.01423
0.01420
0.01444
0.01175
0.01924
0.02880
0.01845
0.02210
0.02105
0.01231
0.01217
0.01796
0.02093
0.01942
0.01445
0.01363
0.01523
0.01459
0.01260
0.01489
0.01904
0.01953
0.01642
0.01217
0.01247
