-0.00003
-0.00051
0.00101
-0.01047
0.00416
0.09221
0.10607
0.09432
0.09485
0.09325
0.09433
0.09277
0.09398
0.09541
0.09473
0.09490
0.09563
0.09583
0.09635
0.09449
0.09319
0.09499
0.09455
0.09421
0.09366
0.09412
0.09393
0.09423
0.09376
0.09574
0.09254
0.09500
0.09529
0.09590
0.09713
0.09591
0.09653
0.09573
0.09645
0.09298
0.09266
0.09502
0.09555
0.09334
0.09413
0.09373
0.09529
0.09491
0.09538
0.09593
0.09436
0.09599
0.09498
0.09545
0.09626
0.09568
0.09471
0.09628
0.09432
0.09315
0.09550
0.09584
0.09452
0.09498
0.09584
0.09560
0.09528
0.09555
0.09715
0.09712
0.09626
0.09650
0.09699
0.09543
0.09442
0.09535
0.09413
0.09401
0.09271
0.09162
0.09641
0.09490
0.09377
0.09608
0.09710
0.09650
0.09545
0.09651
0.09700
0.09540
0.09620
0.09577
0.09523
0.09561
0.09569
0.09405
0.09483
0.09412
0.09202
0.09583
