-0.00052
-0.00888
0.01726
-0.18169
0.06686
1.60579
1.89244
1.69877
1.74278
1.77240
1.77420
1.78238
1.79817
1.79971
1.78173
1.78875
1.81769
1.78935
1.75684
1.75442
1.75382
1.75489
1.76270
1.74751
1.72718
1.75834
1.76411
1.78133
1.77610
1.77064
1.80326
1.82076
1.79154
1.75054
1.72800
1.73290
1.79613
1.84311
1.81946
1.78950
1.78665
1.79762
1.79952
1.80672
1.81501
1.78810
1.75919
1.77168
1.78917
1.79998
1.81737
1.82374
1.85236
1.85727
1.82976
1.83293
1.80914
1.77522
1.77324
1.80301
1.79888
1.80957
1.80400
1.77816
1.77238
1.77131
1.76196
1.74190
1.73026
1.74683
1.75591
1.75312
1.77959
1.77571
1.76946
1.77048
1.76633
1.77127
1.75460
1.73804
1.71052
1.72961
1.77615
1.75326
1.72412
1.74876
1.76236
1.73854
1.71478
1.73077
1.72917
1.69434
1.69036
1.73011
1.72981
1.75363
1.81787
1.83049
1.78406
1.76003
