-0.00018
-0.00309
0.00616
-0.06371
0.02608
0.56008
0.63721
0.56485
0.57607
0.57652
0.57854
0.56842
0.57036
0.57637
0.57140
0.56612
0.56154
0.57116
0.57446
0.56640
0.54184
0.54267
0.55678
0.55497
0.54831
0.55409
0.56424
0.56612
0.55658
0.55389
0.54598
0.55394
0.55630
0.55523
0.55264
0.55972
0.56650
0.55543
0.54453
0.53529
0.53490
0.53667
0.53267
0.52978
0.52529
0.52485
0.52346
0.51559
0.50956
0.50622
0.51085
0.49975
0.50189
0.51387
0.51136
0.50238
0.50878
0.51226
0.51909
0.52585
0.51571
0.51857
0.52605
0.52318
0.52552
0.52212
0.51108
0.50886
0.51305
0.50903
0.51366
0.50623
0.49803
0.50516
0.50216
0.49805
0.49595
0.49838
0.50315
0.49786
0.49518
0.49660
0.49722
0.49402
0.49810
0.49552
0.48910
0.49546
0.49332
0.49567
0.49961
0.50621
0.50104
0.49394
0.48584
0.48290
0.48769
0.48214
0.47988
0.48301
