-0.00141
-0.02403
0.04734
-0.49340
0.19288
4.34832
5.03063
4.48548
4.55309
4.53008
4.52563
4.52603
4.52637
4.52023
4.51787
4.51597
4.51683
4.51956
4.51329
4.50905
4.50659
4.50575
4.50417
4.49468
4.49380
4.49575
4.49461
4.49736
4.48865
4.48838
4.49061
4.48707
4.48872
4.47903
4.47590
4.47571
4.47023
4.47251
4.46730
4.46645
4.46730
4.46236
4.46620
4.46030
4.45618
4.45645
4.45097
4.45213
4.45385
4.45353
4.44871
4.44472
4.44373
4.44366
4.44109
4.43584
4.43620
4.43653
4.43352
4.43518
4.43051
4.42839
4.42862
4.42392
4.42074
4.41863
4.41569
4.41456
4.41062
4.41149
4.40449
4.40278
4.40847
4.39933
4.40256
4.39781
4.38936
4.39354
4.38754
4.38465
4.38851
4.38768
4.38258
4.37827
4.38014
4.37928
4.37142
4.37273
4.37211
4.36650
4.36454
4.36053
4.35897
4.35378
4.35406
4.34962
4.34759
4.35114
4.34632
4.34296
