-0.00003
-0.00050
0.00100
-0.01045
0.00455
0.08940
0.10141
0.10881
0.11285
0.08995
0.10240
0.09611
0.09408
0.10261
0.09528
0.09911
0.09734
0.08910
0.09625
0.10081
0.09122
0.09290
0.08558
0.08289
0.09639
0.11565
0.10716
0.09719
0.10541
0.09531
0.08601
0.08926
0.10399
0.10719
0.10062
0.10076
0.09470
0.08756
0.08836
0.09666
0.10726
0.10921
0.09179
0.08451
0.09071
0.10808
0.10507
0.11271
0.09401
0.09753
0.10412
0.09753
0.09191
0.09681
0.11949
0.09542
0.09367
0.10719
0.09317
0.09197
0.09095
0.10400
0.10484
0.11077
0.10325
0.08890
0.08707
0.08641
0.08942
0.08872
0.09435
0.09392
0.10732
0.10305
0.09877
0.09107
0.08879
0.10403
0.11365
0.10001
0.09381
0.09777
0.09071
0.10367
0.11106
0.09684
0.08603
0.09677
0.11106
0.11325
0.09764
0.09490
0.11312
0.10793
0.09736
0.10420
0.10030
0.09882
0.11091
0.10837
