-0.00003
-0.00054
0.00103
-0.01108
0.00396
0.09654
0.11953
0.11529
0.10971
0.11114
0.10649
0.10498
0.10853
0.11242
0.10495
0.11306
0.10701
0.09934
0.11341
0.12009
0.10696
0.10839
0.11184
0.10684
0.10893
0.11123
0.10665
0.10321
0.10416
0.10652
0.09862
0.10571
0.11505
0.10840
0.10205
0.10349
0.10895
0.11708
0.10992
0.10680
0.10388
0.10794
0.10827
0.10416
0.10792
0.11177
0.10717
0.10563
0.10397
0.10812
0.10799
0.10455
0.11905
0.10825
0.10351
0.10889
0.11232
0.11124
0.10149
0.12114
0.12581
0.10784
0.10107
0.10239
0.10773
0.11267
0.10746
0.11034
0.11322
0.11170
0.11399
0.10481
0.11017
0.10629
0.10326
0.11389
0.11132
0.11324
0.11230
0.10488
0.11086
0.11369
0.10940
0.10713
0.10908
0.11157
0.11045
0.11169
0.10452
0.10592
0.12058
0.11908
0.10596
0.10988
0.11385
0.10897
0.10470
0.11060
0.12874
0.11384
