-0.00049
-0.00843
0.01660
-0.17320
0.06752
1.52508
1.76699
1.58809
1.61985
1.60672
1.60813
1.61043
1.60946
1.61261
1.61835
1.62017
1.61874
1.62200
1.62840
1.62579
1.62897
1.63443
1.63190
1.63215
1.63720
1.63880
1.64240
1.64537
1.64387
1.64748
1.64965
1.65100
1.65327
1.65611
1.65803
1.65857
1.66256
1.66418
1.66586
1.67108
1.67285
1.67327
1.67472
1.67424
1.67679
1.68357
1.68824
1.68948
1.68834
1.69131
1.69528
1.69843
1.69907
1.70061
1.70152
1.70603
1.70678
1.71022
1.71181
1.71377
1.71930
1.71889
1.71630
1.72314
1.72830
1.72800
1.72754
1.72914
1.73308
1.73893
1.74214
1.74436
1.74345
1.74822
1.75083
1.75010
1.75337
1.75713
1.75513
1.75834
1.76229
1.76706
1.76883
1.76856
1.76911
1.77047
1.77599
1.77916
1.78262
1.78643
1.78963
1.79435
1.79646
1.79644
1.79770
1.79970
1.80185
1.80657
1.81139
1.80913
