-0.00117
-0.01995
0.03931
-0.40963
0.16011
3.61022
4.17566
3.72425
3.78343
3.75946
3.76000
3.75963
3.75695
3.75618
3.75653
3.75599
3.75350
3.75358
3.74940
3.74675
3.74370
3.74529
3.74455
3.74343
3.74474
3.74107
3.73917
3.73556
3.73458
3.73603
3.73361
3.72910
3.72934
3.73042
3.72663
3.72415
3.72635
3.72539
3.72079
3.71326
3.71525
3.71776
3.71635
3.71548
3.71491
3.71328
3.70997
3.71115
3.71048
3.70364
3.70376
3.70375
3.70437
3.70319
3.70072
3.69650
3.69675
3.69522
3.69329
3.69559
3.68940
3.68810
3.68827
3.68692
3.68582
3.68128
3.67799
3.68093
3.68263
3.67875
3.67549
3.67182
3.67366
3.67454
3.67151
3.66868
3.66656
3.66668
3.66636
3.66237
3.65993
3.65943
3.65873
3.65836
3.65627
3.65506
3.65206
3.65253
3.65090
3.64773
3.64667
3.64678
3.64608
3.64356
3.64329
3.63858
3.63465
3.63680
3.63754
3.63579
