-0.00123
-0.02101
0.04141
-0.43145
0.16927
3.80044
4.39250
3.92449
3.98820
3.95773
3.95431
3.96058
3.95775
3.95167
3.94872
3.94583
3.94566
3.94851
3.94976
3.94551
3.94460
3.93591
3.92914
3.93066
3.92852
3.93199
3.93132
3.91988
3.91733
3.91733
3.91262
3.91714
3.91560
3.91834
3.91407
3.90661
3.90017
3.90414
3.89961
3.89464
3.89200
3.89028
3.89497
3.89144
3.88896
3.88522
3.88352
3.87253
3.87043
3.86887
3.86408
3.86881
3.87460
3.86929
3.86363
3.86364
3.86503
3.86448
3.85418
3.84935
3.85280
3.84868
3.84977
3.84619
3.84665
3.84239
3.83631
3.83412
3.83369
3.83301
3.83303
3.82843
3.82126
3.81860
3.81637
3.81587
3.81272
3.80886
3.80625
3.81492
3.81159
3.80460
3.80652
3.80594
3.79618
3.79148
3.79005
3.79431
3.78694
3.78344
3.78336
3.78442
3.78295
3.77588
3.76935
3.76660
3.76726
3.77189
3.76959
3.75968
