-0.00001
-0.00021
0.00042
-0.00436
0.00181
0.03784
0.04145
0.04142
0.05278
0.05540
0.05429
0.05109
0.06934
0.05327
0.04083
0.05404
0.05698
0.05076
0.05815
0.05475
0.05292
0.06656
0.05653
0.04907
0.04589
0.04470
0.05170
0.04543
0.04902
0.05795
0.05147
0.04727
0.05699
0.06000
0.04892
0.04711
0.05091
0.03710
0.03714
0.04927
0.04221
0.04783
0.05903
0.05184
0.05002
0.05525
0.04671
0.05301
0.05004
0.04134
0.06073
0.07271
0.04946
0.03973
0.04168
0.04038
0.04969
0.05383
0.04342
0.05280
0.05027
0.04272
0.04616
0.05752
0.04780
0.04046
0.04092
0.05281
0.05145
0.04432
0.04920
0.04454
0.04160
0.04761
0.04668
0.04930
0.04642
0.04151
0.04759
0.05785
0.05318
0.04815
0.04153
0.05005
0.05425
0.04775
0.05431
0.04950
0.04401
0.04760
0.05156
0.04973
0.04680
0.04933
0.04456
0.04005
0.04524
0.04836
0.05076
0.04534
