-0.00127
-0.02168
0.04273
-0.44526
0.17422
3.92326
4.53819
4.04967
4.11316
4.09347
4.08917
4.08931
4.08944
4.08735
4.08666
4.08522
4.08297
4.08201
4.08242
4.07950
4.07859
4.07712
4.07718
4.07735
4.07653
4.07501
4.07373
4.07376
4.07309
4.07102
4.06877
4.06738
4.06774
4.06827
4.06622
4.06430
4.06409
4.06044
4.06033
4.06062
4.05718
4.05714
4.05679
4.05735
4.05490
4.05302
4.05490
4.05271
4.05158
4.05108
4.04841
4.04807
4.04683
4.04684
4.04606
4.04331
4.04069
4.03926
4.04054
4.03984
4.04033
4.03815
4.03377
4.03476
4.03385
4.03229
4.03020
4.02860
4.02879
4.02856
4.02754
4.02790
4.02605
4.02439
4.02426
4.02430
4.02092
4.02163
4.02236
4.02240
4.02005
4.01486
4.01527
4.01462
4.01387
4.01160
4.01123
4.00946
4.00718
4.00870
4.00773
4.00792
4.00705
4.00474
4.00274
4.00335
4.00258
3.99758
3.99950
3.99993
