-0.00006
-0.00097
0.00193
-0.01999
0.00810
0.17633
0.20057
0.17419
0.17792
0.18245
0.18374
0.18069
0.17503
0.17110
0.17838
0.17919
0.18050
0.17807
0.17179
0.17648
0.17760
0.16878
0.17557
0.17515
0.17901
0.18242
0.17916
0.17312
0.17493
0.18014
0.18961
0.18337
0.18105
0.17753
0.17588
0.17747
0.18186
0.18411
0.17856
0.17188
0.17518
0.18013
0.17325
0.17871
0.17870
0.17347
0.17575
0.18133
0.18027
0.17991
0.18583
0.17911
0.17975
0.18001
0.18371
0.17827
0.17572
0.17572
0.17688
0.17336
0.16421
0.17497
0.18903
0.17603
0.16640
0.17613
0.19003
0.17885
0.16691
0.17559
0.18284
0.18177
0.17390
0.17521
0.16949
0.17189
0.17741
0.17496
0.16930
0.17357
0.17477
0.17791
0.17124
0.17481
0.18439
0.17847
0.16736
0.17570
0.17366
0.17574
0.17896
0.17203
0.17389
0.18386
0.18223
0.17436
0.17189
0.18240
0.18418
0.17939
