-0.00142
-0.02425
0.04778
-0.49798
0.19465
4.38861
5.07736
4.52783
4.59664
4.57572
4.57538
4.57085
4.56833
4.56932
4.57037
4.56565
4.56362
4.55936
4.55626
4.55962
4.56122
4.55972
4.55594
4.55166
4.54701
4.54736
4.54761
4.54321
4.54198
4.54462
4.53949
4.53636
4.53379
4.53728
4.53992
4.53481
4.53464
4.53717
4.53400
4.53164
4.53477
4.52970
4.52147
4.51922
4.52104
4.51469
4.51502
4.51623
4.51477
4.51670
4.51214
4.51097
4.50934
4.50817
4.50408
4.50575
4.50509
4.50089
4.50053
4.50117
4.49816
4.49315
4.49296
4.49148
4.49114
4.49141
4.48406
4.48709
4.48676
4.48048
4.47892
4.48083
4.47709
4.47080
4.47037
4.46911
4.47011
4.46970
4.46729
4.46598
4.46294
4.46263
4.45777
4.45744
4.45509
4.45330
4.44768
4.44622
4.44600
4.44271
4.44381
4.44338
4.43852
4.43431
4.43385
4.43132
4.42828
4.42968
4.42627
4.42602
