-0.00067
-0.01147
0.02256
-0.23535
0.09149
2.07442
2.40428
2.14765
2.18229
2.17032
2.16873
2.17210
2.17780
2.17973
2.17929
2.18039
2.17676
2.16994
2.17954
2.18434
2.17990
2.18278
2.18159
2.18048
2.18640
2.18957
2.18786
2.19280
2.18958
2.18990
2.19546
2.19364
2.19619
2.19729
2.19964
2.19724
2.19267
2.19957
2.19900
2.19447
2.19294
2.20297
2.20180
2.19644
2.19739
2.20577
2.20591
2.20753
2.20326
2.20807
2.21190
2.21537
2.21214
2.21173
2.21325
2.21504
2.21597
2.22116
2.22247
2.21779
2.21891
2.22146
2.23017
2.22804
2.22227
2.22602
2.22959
2.22903
2.23605
2.23594
2.23080
2.23047
2.23131
2.23870
2.24469
2.23750
2.23410
2.23816
2.24423
2.24104
2.24616
2.25096
2.24747
2.24607
2.24952
2.25329
2.25074
2.24824
2.25741
2.25917
2.25799
2.26149
2.26452
2.26596
2.26611
2.27060
2.27390
2.27756
2.27251
2.27616
