-0.00034
-0.00578
0.01136
-0.11856
0.04593
1.04508
1.21244
1.08449
1.10390
1.09840
1.10053
1.10555
1.10654
1.10646
1.11134
1.11533
1.11503
1.11545
1.12006
1.12408
1.12459
1.12284
1.12740
1.13186
1.13226
1.13476
1.13757
1.14179
1.14507
1.14642
1.14902
1.15115
1.15324
1.15405
1.15653
1.15957
1.16405
1.16914
1.17242
1.17485
1.17785
1.17823
1.18113
1.18237
1.17979
1.18268
1.18664
1.18766
1.19106
1.19261
1.19420
1.19643
1.20128
1.20560
1.20855
1.21041
1.21007
1.21361
1.21465
1.21854
1.22333
1.22339
1.22283
1.22858
1.23307
1.23065
1.23316
1.23907
1.24155
1.24237
1.24087
1.24179
1.24777
1.24937
1.25079
1.25694
1.25629
1.25883
1.26557
1.26617
1.26734
1.26885
1.27210
1.27535
1.27653
1.28130
1.28129
1.28240
1.28459
1.28594
1.29065
1.29298
1.29641
1.29788
1.29942
1.30558
1.30710
1.30730
1.31036
1.31176
