-0.00126
-0.02143
0.04220
-0.43994
0.17176
3.87739
4.48701
4.00236
4.06528
4.04332
4.04068
4.03948
4.03722
4.03361
4.03330
4.03094
4.02771
4.02513
4.02441
4.02409
4.01954
4.01954
4.01834
4.01517
4.01352
4.01192
4.00876
4.00610
4.00484
4.00390
4.00285
4.00132
3.99866
3.99499
3.99395
3.99252
3.99101
3.98994
3.98606
3.98401
3.98294
3.98242
3.98366
3.98181
3.97869
3.97576
3.97383
3.97200
3.96929
3.96752
3.96522
3.96335
3.96102
3.95862
3.95857
3.95668
3.95524
3.95416
3.95095
3.94966
3.94691
3.94602
3.94380
3.94154
3.93817
3.93541
3.93296
3.93020
3.92909
3.92611
3.92509
3.92273
3.91939
3.91751
3.91543
3.91429
3.91278
3.91074
3.90898
3.90804
3.90716
3.90405
3.90074
3.89968
3.89652
3.89472
3.89245
3.89048
3.88714
3.88587
3.88600
3.88328
3.88250
3.87970
3.87567
3.87466
3.87315
3.87263
3.87122
3.86789
