-0.00023
-0.00388
0.00764
-0.07959
0.03111
0.70137
0.81166
0.72372
0.73548
0.73389
0.73028
0.73093
0.73351
0.72979
0.72758
0.72658
0.72909
0.73001
0.73051
0.72825
0.72942
0.73372
0.72693
0.72194
0.72615
0.73036
0.72542
0.72284
0.72608
0.72438
0.72435
0.72543
0.72682
0.72252
0.72239
0.72119
0.71853
0.71786
0.72171
0.72257
0.71649
0.72191
0.72029
0.71515
0.71709
0.71848
0.72033
0.72097
0.72113
0.71606
0.71690
0.71684
0.72006
0.71616
0.71503
0.72094
0.72046
0.71206
0.71458
0.72036
0.71436
0.71333
0.71219
0.70955
0.71018
0.70571
0.70862
0.71016
0.70568
0.70719
0.70699
0.71057
0.71793
0.71056
0.71044
0.70914
0.70044
0.70587
0.70508
0.70190
0.70010
0.70339
0.70460
0.69822
0.70347
0.70108
0.70214
0.69870
0.70199
0.70454
0.69897
0.70196
0.70057
0.69672
0.69671
0.69879
0.70248
0.69710
0.69279
0.69528
