-0.00108
-0.01850
0.03642
-0.37980
0.14801
3.34696
3.87651
3.46254
3.51950
3.50597
3.50717
3.50974
3.51165
3.51181
3.51442
3.51623
3.51856
3.52075
3.52144
3.52424
3.52657
3.52844
3.53048
3.53139
3.53355
3.53563
3.53595
3.53861
3.54108
3.54451
3.54740
3.54689
3.54683
3.55108
3.55428
3.55473
3.55449
3.55496
3.55941
3.56050
3.56178
3.56608
3.56713
3.56836
3.56915
3.57088
3.57628
3.57876
3.57902
3.58217
3.58296
3.58446
3.58726
3.58551
3.58983
3.59381
3.59323
3.59768
3.59920
3.59718
3.60047
3.60528
3.60891
3.60777
3.61016
3.61415
3.61256
3.61250
3.61625
3.61953
3.62238
3.62490
3.62350
3.62356
3.62770
3.62809
3.62820
3.63004
3.63527
3.63879
3.63841
3.64026
3.64270
3.64454
3.64727
3.64861
3.65186
3.65359
3.65498
3.65912
3.65938
3.66060
3.66463
3.66392
3.66485
3.66662
3.66871
3.67390
3.67620
3.67703
