-0.00006
-0.00098
0.00192
-0.02007
0.00775
0.17709
0.20557
0.18331
0.18585
0.18354
0.18309
0.18426
0.18482
0.18428
0.18307
0.18300
0.18388
0.18472
0.18578
0.18692
0.18785
0.18714
0.18674
0.18536
0.18431
0.18497
0.18562
0.18530
0.18415
0.18329
0.18352
0.18401
0.18442
0.18422
0.18466
0.18512
0.18542
0.18513
0.18461
0.18523
0.18564
0.18536
0.18465
0.18403
0.18467
0.18515
0.18447
0.18410
0.18382
0.18479
0.18499
0.18423
0.18462
0.18504
0.18540
0.18531
0.18480
0.18445
0.18405
0.18484
0.18509
0.18454
0.18402
0.18406
0.18479
0.18454
0.18445
0.18434
0.18395
0.18505
0.18575
0.18519
0.18400
0.18354
0.18398
0.18457
0.18404
0.18341
0.18312
0.18363
0.18309
0.18250
0.18364
0.18522
0.18634
0.18586
0.18496
0.18473
0.18479
0.18537
0.18487
0.18445
0.18355
0.18318
0.18328
0.18303
0.18300
0.18339
0.18397
0.18375
