-0.00193
-0.03290
0.06477
-0.67534
0.26325
5.95258
6.89219
6.14865
6.24564
6.21640
6.21559
6.21487
6.21499
6.21695
6.21475
6.21367
6.21750
6.21814
6.21873
6.21736
6.21757
6.21785
6.21761
6.21774
6.21863
6.21962
6.22081
6.21599
6.21659
6.22023
6.21889
6.21928
6.22414
6.22235
6.21732
6.21632
6.21821
6.21747
6.22174
6.22279
6.22085
6.22325
6.22411
6.22313
6.22339
6.22558
6.22441
6.22316
6.22683
6.22571
6.22416
6.22661
6.22701
6.22795
6.22718
6.22717
6.22981
6.22849
6.22752
6.22847
6.22852
6.23031
6.23143
6.23152
6.23306
6.23333
6.23301
6.23292
6.23128
6.23312
6.23451
6.23357
6.23701
6.23868
6.23342
6.23339
6.23403
6.23086
6.23190
6.23539
6.23516
6.23675
6.23742
6.23743
6.23780
6.23676
6.23765
6.23849
6.23827
6.23705
6.23814
6.24092
6.23929
6.23959
6.23757
6.23745
6.24000
6.23992
6.24014
6.24044
