-0.00001
-0.00014
0.00027
-0.00278
0.00109
0.02451
0.02874
0.02523
0.02425
0.02266
0.02475
0.03693
0.03174
0.02455
0.02402
0.02665
0.02846
0.02502
0.02628
0.02316
0.02567
0.02332
0.02218
0.02857
0.03191
0.02878
0.02375
0.02999
0.02464
0.02540
0.02723
0.02097
0.02461
0.02514
0.02332
0.02724
0.02744
0.02647
0.02412
0.02697
0.02787
0.02477
0.02769
0.02933
0.03004
0.02436
0.02402
0.02956
0.02575
0.02930
0.02622
0.02339
0.02416
0.02638
0.02918
0.03155
0.02677
0.02168
0.02124
0.02295
0.02755
0.02758
0.02583
0.02508
0.02262
0.02741
0.03332
0.02682
0.02562
0.02331
0.02485
0.02511
0.02586
0.02653
0.02590
0.02532
0.02520
0.02588
0.02342
0.02511
0.02714
0.02683
0.02606
0.02067
0.02367
0.02541
0.02444
0.02435
0.02661
0.02800
0.02199
0.02505
0.02971
0.02288
0.02271
0.02434
0.02413
0.02994
0.02919
0.02557
