-0.00060
-0.01033
0.01986
-0.21019
0.07171
1.87918
2.23294
1.93599
1.99595
2.01364
2.00064
2.00180
1.97219
1.89809
1.88959
1.94160
1.91844
1.89796
1.95741
2.00469
2.01835
1.99047
1.98075
1.94170
1.88069
1.90604
1.94496
1.92460
1.95455
1.98009
1.94697
1.93030
1.95211
1.92082
1.92651
1.95296
1.88106
1.88773
1.89016
1.86829
1.89459
1.91363
1.94450
1.93894
1.92150
1.93443
1.92357
1.92610
1.96119
1.87841
1.84797
1.85588
1.88620
1.89287
1.91642
1.86040
1.85436
1.91016
1.95333
1.98230
1.99299
1.93396
1.92512
1.91918
1.95942
1.96463
1.93290
1.90594
1.86622
1.87068
1.90106
1.94422
1.96342
2.01176
1.98663
1.85670
1.88733
1.93481
1.98742
1.95223
1.89161
2.02431
2.09858
2.11738
2.10378
2.04835
1.96393
1.95565
1.98819
1.96866
1.94559
1.96795
2.04096
1.99498
2.01774
1.95590
1.94924
1.97494
1.92897
1.98289
