-0.00146
-0.02487
0.04900
-0.51079
0.19985
4.49934
5.20644
4.65488
4.72898
4.70544
4.70833
4.70994
4.71438
4.72237
4.72434
4.72322
4.72653
4.73094
4.72780
4.72491
4.72606
4.73049
4.73384
4.74019
4.74656
4.74712
4.74630
4.75033
4.74992
4.75041
4.75407
4.75622
4.75650
4.76153
4.76351
4.76292
4.77020
4.77190
4.77376
4.77722
4.77751
4.77849
4.77915
4.78104
4.78400
4.78594
4.78869
4.79082
4.79013
4.79834
4.80254
4.80405
4.80406
4.80489
4.80400
4.81058
4.81341
4.81125
4.80915
4.80868
4.81093
4.81733
4.81984
4.82262
4.82078
4.82277
4.82818
4.83151
4.83696
4.83853
4.83868
4.83733
4.83733
4.83647
4.84059
4.85307
4.85374
4.85044
4.84753
4.85225
4.85860
4.85016
4.84725
4.84870
4.85134
4.85756
4.86674
4.86938
4.86782
4.87134
4.87664
4.87660
4.87227
4.87801
4.87803
4.88617
4.88829
4.88824
4.89416
4.89098
