-0.00094
-0.01597
0.03148
-0.32805
0.12860
2.88871
3.34189
2.99123
3.03805
3.02250
3.02600
3.02786
3.03201
3.04077
3.04356
3.04245
3.04631
3.04968
3.04778
3.04642
3.04778
3.05165
3.05438
3.05988
3.06666
3.06653
3.06656
3.07078
3.07043
3.07078
3.07631
3.08033
3.08036
3.08433
3.08642
3.08640
3.09334
3.09607
3.09805
3.10155
3.10282
3.10431
3.10475
3.10769
3.11035
3.11225
3.11594
3.11724
3.11659
3.12435
3.12885
3.13087
3.12983
3.13138
3.13269
3.14030
3.14289
3.13991
3.14004
3.13900
3.14104
3.14778
3.15050
3.15350
3.15255
3.15472
3.15904
3.16348
3.16827
3.16982
3.17036
3.16925
3.17069
3.16973
3.17382
3.18493
3.18458
3.18381
3.18308
3.18860
3.19506
3.18772
3.18492
3.18567
3.18847
3.19551
3.20307
3.20567
3.20640
3.20987
3.21467
3.21438
3.21112
3.21724
3.21624
3.22289
3.22550
3.22629
3.23265
3.23149
