-0.00146
-0.02500
0.04922
-0.51329
0.19988
4.52440
5.24044
4.67606
4.74903
4.72656
4.72650
4.72672
4.72795
4.72543
4.72869
4.72983
4.72898
4.72883
4.73087
4.72955
4.73028
4.73130
4.72919
4.73063
4.73156
4.73041
4.73252
4.73435
4.73152
4.73167
4.73099
4.73433
4.73159
4.72881
4.72880
4.72918
4.73110
4.73006
4.73094
4.73494
4.73302
4.73289
4.73396
4.73385
4.73316
4.73230
4.73543
4.73579
4.73270
4.73387
4.73743
4.73904
4.73709
4.73503
4.73750
4.73728
4.73559
4.73641
4.73626
4.73313
4.73080
4.73312
4.73102
4.73478
4.73855
4.73912
4.74026
4.74141
4.73958
4.73843
4.74201
4.74567
4.74281
4.74300
4.74616
4.74467
4.74657
4.74135
4.73838
4.74012
4.74094
4.74144
4.74530
4.74528
4.74104
4.74164
4.74171
4.74207
4.74347
4.74398
4.74286
4.74706
4.74898
4.74844
4.74989
4.74630
4.74553
4.74388
4.74912
4.75064
