-0.00191
-0.03255
0.06409
-0.66825
0.26074
5.88903
6.81821
6.08564
6.17918
6.14942
6.14496
6.14633
6.15001
6.14186
6.14327
6.14481
6.14557
6.14751
6.14922
6.14768
6.14453
6.14241
6.14005
6.13495
6.14208
6.14129
6.14108
6.14166
6.13916
6.14022
6.13430
6.13476
6.13642
6.13286
6.13447
6.13032
6.12834
6.13080
6.12854
6.13181
6.13249
6.12963
6.12844
6.12871
6.12677
6.12384
6.12667
6.12896
6.12395
6.12442
6.12307
6.12199
6.12251
6.11971
6.12102
6.11941
6.11875
6.12002
6.11655
6.11727
6.11321
6.11062
6.11070
6.11013
6.11281
6.11430
6.11763
6.11916
6.11225
6.11173
6.11223
6.11670
6.11800
6.11330
6.11707
6.11091
6.10563
6.10845
6.10627
6.10612
6.10524
6.10313
6.10896
6.10516
6.09955
6.10469
6.10382
6.09929
6.09827
6.09868
6.09704
6.10059
6.10243
6.10063
6.10310
6.09681
6.09611
6.09737
6.09339
6.09751
