-0.00000
-0.00005
-0.00000
-0.00057
-0.00171
0.00988
0.02245
0.01252
0.01498
0.01116
0.01470
0.01053
0.00756
0.00991
0.02416
0.02579
0.00752
0.01399
0.03486
0.02023
0.03446
0.04012
0.01079
0.00619
0.01186
0.01177
0.01296
0.01119
0.02244
0.03834
0.01343
0.00839
0.02307
0.01631
0.01207
0.02464
0.02804
0.02035
0.01571
0.02240
0.01809
0.01261
0.01220
0.03385
0.03102
0.01282
0.00923
0.01179
0.01406
0.02823
0.01984
0.01589
0.01983
0.02190
0.03897
0.01747
0.01537
0.02469
0.01669
0.01543
0.02339
0.03399
0.01690
0.02074
0.02253
0.03128
0.01928
0.02128
0.01624
0.00833
0.01240
0.02943
0.02793
0.01624
0.02276
0.03367
0.02577
0.03937
0.02819
0.02023
0.01912
0.01519
0.02020
0.04308
0.02187
0.02108
0.02281
0.02837
0.02178
0.01116
0.01108
0.01680
0.02463
0.01490
0.01308
0.01323
0.02148
0.03257
0.03367
0.02141
