-0.00135
-0.02305
0.04543
-0.47332
0.18535
4.17043
4.82241
4.30052
4.37044
4.36392
4.36858
4.36316
4.35713
4.35595
4.35211
4.34755
4.34422
4.34789
4.36211
4.37067
4.37467
4.37222
4.36784
4.36620
4.36565
4.36576
4.36724
4.36832
4.36974
4.36690
4.36508
4.36416
4.36189
4.36165
4.36006
4.35667
4.35240
4.35156
4.35165
4.34891
4.34844
4.34832
4.34716
4.34536
4.34327
4.34095
4.34087
4.33954
4.33515
4.33097
4.32861
4.32823
4.32764
4.32705
4.32427
4.32200
4.32079
4.32021
4.31998
4.31738
4.31501
4.31438
4.31121
4.30858
4.30656
4.30561
4.30532
4.30344
4.30268
4.30124
4.29920
4.29828
4.29707
4.29491
4.29237
4.29044
4.29028
4.28762
4.28539
4.28377
4.28225
4.28099
4.28097
4.28035
4.27786
4.27358
4.27194
4.27136
4.27095
4.26756
4.26762
4.26618
4.26199
4.26042
4.25959
4.25581
4.25307
4.25220
4.25124
4.24950
