-0.00168
-0.02864
0.05639
-0.58798
0.22927
5.18210
5.99992
5.35595
5.44192
5.41180
5.40892
5.41244
5.41066
5.40551
5.40478
5.40247
5.40079
5.39780
5.39717
5.40070
5.40485
5.40539
5.40276
5.40018
5.39724
5.39675
5.39641
5.39642
5.39692
5.39497
5.39291
5.39281
5.39409
5.39415
5.39290
5.39322
5.39325
5.39155
5.39142
5.39018
5.38992
5.38845
5.38759
5.38638
5.38499
5.38453
5.38197
5.38036
5.38114
5.38093
5.37994
5.38031
5.38197
5.38090
5.37849
5.37721
5.37709
5.37736
5.37615
5.37606
5.37438
5.37295
5.37242
5.37171
5.37055
5.37004
5.37001
5.36884
5.36850
5.36651
5.36581
5.36618
5.36496
5.36427
5.36283
5.36262
5.36246
5.36073
5.36119
5.35991
5.35893
5.35825
5.35777
5.35617
5.35495
5.35392
5.35352
5.35159
5.35066
5.35125
5.35086
5.35051
5.34986
5.34907
5.34791
5.34767
5.34436
5.34355
5.34403
5.34167
