-0.00186
-0.03170
0.06236
-0.65059
0.25275
5.73604
6.64925
5.92994
6.01577
5.98451
5.97945
5.98018
5.97862
5.97145
5.96507
5.96061
5.95379
5.94330
5.93092
5.94512
5.96867
5.97205
5.97045
5.96485
5.95924
5.95980
5.95969
5.95899
5.95991
5.95476
5.94759
5.94402
5.94119
5.93851
5.93597
5.93291
5.92858
5.92472
5.92224
5.91914
5.91694
5.91915
5.91633
5.91049
5.90892
5.90699
5.90387
5.90143
5.90239
5.90264
5.90079
5.90081
5.90509
5.90328
5.89811
5.89418
5.89123
5.89147
5.89032
5.88532
5.88249
5.88271
5.87992
5.87812
5.87688
5.87505
5.87419
5.87242
5.87134
5.87004
5.86806
5.86605
5.86357
5.86191
5.86072
5.86079
5.86034
5.85947
5.85703
5.85450
5.85239
5.85064
5.84969
5.84734
5.84134
5.83988
5.84038
5.83690
5.83455
5.83110
5.82879
5.82964
5.82848
5.82695
5.82378
5.81875
5.81361
5.80952
5.81004
5.80790
