-0.00037
-0.00628
0.01234
-0.12882
0.04992
1.13502
1.31759
1.18255
1.20311
1.19290
1.19392
1.19610
1.19784
1.20232
1.20565
1.20789
1.21061
1.20979
1.21344
1.22148
1.22338
1.22550
1.22780
1.23307
1.23349
1.23921
1.24360
1.24631
1.25025
1.24681
1.24767
1.25419
1.25415
1.25602
1.25518
1.25689
1.26207
1.26441
1.27000
1.27041
1.27272
1.27695
1.28172
1.28758
1.29121
1.29052
1.29118
1.29447
1.29581
1.29777
1.29946
1.30526
1.30914
1.31130
1.30990
1.30925
1.31859
1.32040
1.31990
1.32589
1.32499
1.32879
1.33222
1.33337
1.33398
1.34057
1.34370
1.35458
1.35634
1.35728
1.35830
1.35739
1.36103
1.36951
1.36797
1.36760
1.37214
1.37408
1.37884
1.38267
1.38457
1.38536
1.38884
1.39526
1.39281
1.39208
1.39928
1.40581
1.40599
1.40583
1.41015
1.41655
1.41741
1.42108
1.42328
1.42610
1.43176
1.43083
1.43103
1.43261
