-0.00001
-0.00018
0.00035
-0.00367
0.00120
0.03304
0.03976
0.03331
0.03279
0.03313
0.03337
0.03430
0.03010
0.03045
0.03315
0.02943
0.03016
0.03278
0.03246
0.03118
0.03190
0.03344
0.03329
0.03457
0.03522
0.03197
0.03078
0.03219
0.03292
0.03169
0.03367
0.03573
0.03433
0.03302
0.03274
0.03347
0.03347
0.03213
0.03344
0.03441
0.03432
0.03403
0.03533
0.03425
0.03431
0.03324
0.03247
0.03362
0.03627
0.03629
0.03490
0.03635
0.03390
0.03384
0.03444
0.03651
0.03661
0.03527
0.03644
0.03248
0.03133
0.03432
0.03570
0.03513
0.03415
0.03314
0.03171
0.03522
0.03730
0.03576
0.03278
0.03444
0.03448
0.03269
0.03404
0.03415
0.03380
0.03387
0.03380
0.03337
0.03535
0.03631
0.03378
0.03564
0.03660
0.03521
0.03530
0.03607
0.03539
0.03605
0.03697
0.03707
0.03358
0.03267
0.03609
0.03598
0.03442
0.03563
0.03600
0.03621
