-0.00028
-0.00476
0.00941
-0.09794
0.03878
0.86156
0.99348
0.89073
0.90865
0.90508
0.90231
0.89973
0.90138
0.90230
0.90150
0.90018
0.90183
0.90215
0.89603
0.89654
0.90237
0.90153
0.90027
0.90037
0.89851
0.89843
0.89798
0.89890
0.89720
0.89414
0.89610
0.89889
0.89902
0.89773
0.90035
0.90003
0.90340
0.90367
0.89452
0.89573
0.89938
0.89533
0.89566
0.89668
0.89747
0.90376
0.89954
0.89310
0.89652
0.89663
0.89685
0.89727
0.89578
0.89275
0.89130
0.89643
0.89263
0.89029
0.89527
0.89773
0.89694
0.89506
0.89184
0.89595
0.89904
0.89474
0.89372
0.89378
0.89383
0.89320
0.89169
0.88837
0.88664
0.88722
0.89175
0.89415
0.89206
0.89436
0.89278
0.89165
0.88927
0.89306
0.89611
0.89035
0.89061
0.88940
0.88875
0.88979
0.88919
0.88714
0.88761
0.89075
0.88577
0.88522
0.89139
0.88947
0.88811
0.88706
0.89130
0.89219
