-0.00206
-0.03519
0.06930
-0.72255
0.28183
6.36816
7.37252
6.57865
6.68184
6.64818
6.64410
6.64386
6.64394
6.64277
6.64289
6.64100
6.64032
6.64005
6.63967
6.63929
6.63745
6.63690
6.63457
6.63387
6.63326
6.63172
6.63134
6.62985
6.62992
6.62970
6.62821
6.62863
6.62755
6.62548
6.62478
6.62360
6.62302
6.62173
6.62099
6.62136
6.62008
6.61978
6.61910
6.61911
6.61852
6.61681
6.61679
6.61530
6.61423
6.61455
6.61326
6.61266
6.61084
6.61037
6.61082
6.60835
6.60785
6.60744
6.60629
6.60498
6.60418
6.60436
6.60292
6.60238
6.60224
6.60145
6.60267
6.60361
6.60426
6.60363
6.60121
6.60123
6.60022
6.59873
6.59812
6.59759
6.59774
6.59636
6.59504
6.59376
6.59220
6.59075
6.58961
6.58905
6.58847
6.58749
6.58690
6.58457
6.58402
6.58350
6.58217
6.58185
6.58012
6.57965
6.57964
6.57841
6.57814
6.57683
6.57599
6.57578
