-0.00003
-0.00050
0.00097
-0.01026
0.00358
0.09104
0.10970
0.09796
0.09523
0.09356
0.10012
0.10921
0.09437
0.09365
0.10004
0.09333
0.09379
0.10605
0.09822
0.09200
0.10398
0.10662
0.09635
0.09351
0.09762
0.10174
0.10259
0.09606
0.09952
0.10399
0.09775
0.09525
0.10131
0.10662
0.09869
0.09997
0.10516
0.09275
0.09466
0.10937
0.10460
0.09963
0.10098
0.10250
0.09458
0.09614
0.10575
0.09539
0.09558
0.10297
0.09892
0.09466
0.09654
0.09972
0.09699
0.09412
0.09841
0.10076
0.09654
0.09474
0.09991
0.10138
0.09494
0.10056
0.10319
0.09908
0.09586
0.09928
0.10251
0.10122
0.09807
0.09918
0.10669
0.11609
0.10199
0.09999
0.09975
0.09605
0.09876
0.10093
0.10085
0.10123
0.10024
0.09910
0.09620
0.09795
0.10306
0.10217
0.09567
0.09982
0.10219
0.09754
0.09853
0.10081
0.09810
0.09380
0.10190
0.10863
0.09649
0.10366
