-0.00147
-0.02514
0.04965
-0.51658
0.20375
4.55060
5.24536
4.67230
4.75998
4.74151
4.74948
4.73760
4.69915
4.70230
4.71507
4.74051
4.73271
4.76913
4.79103
4.76318
4.67422
4.67963
4.76160
4.79677
4.78308
4.75315
4.73150
4.76078
4.77534
4.76779
4.78171
4.79016
4.79175
4.79026
4.78274
4.77919
4.75638
4.78964
4.81267
4.80564
4.77214
4.73722
4.76396
4.81044
4.80096
4.80868
4.76690
4.73592
4.80238
4.82228
4.81989
4.83496
4.82584
4.75920
4.71743
4.75850
4.82721
4.81618
4.80835
4.81601
4.82834
4.81676
4.78750
4.82474
4.82441
4.83640
4.83771
4.74071
4.75262
4.85309
4.85949
4.81165
4.80133
4.84880
4.84492
4.78365
4.84745
4.86470
4.85997
4.86704
4.83171
4.78418
4.76375
4.80639
4.86525
4.82929
4.77417
4.78892
4.83647
4.87967
4.88517
4.88162
4.81997
4.79371
4.81766
4.80703
4.78864
4.77932
4.79127
4.79867
