-0.00097
-0.01659
0.03279
-0.34099
0.13527
3.00076
3.45644
3.09000
3.14299
3.12662
3.13665
3.12786
3.11540
3.10901
3.11625
3.13187
3.11837
3.15088
3.16629
3.14735
3.10068
3.10123
3.15006
3.17475
3.16915
3.14315
3.12757
3.15719
3.16733
3.15598
3.16499
3.17201
3.17376
3.17254
3.16709
3.16785
3.16291
3.17515
3.18621
3.18581
3.16681
3.14679
3.17120
3.19205
3.18362
3.19311
3.16787
3.15334
3.19244
3.20169
3.20296
3.21166
3.20711
3.16896
3.14470
3.16016
3.20987
3.20863
3.20644
3.21434
3.21067
3.20190
3.20104
3.21768
3.20615
3.21782
3.22238
3.16663
3.18223
3.23516
3.23472
3.21048
3.21460
3.23978
3.22965
3.18858
3.23317
3.24662
3.24207
3.24511
3.22666
3.21370
3.19454
3.21267
3.25349
3.22418
3.16328
3.18918
3.24371
3.26298
3.26468
3.26568
3.23339
3.20696
3.21093
3.20629
3.22013
3.21041
3.21108
3.20429
