-0.00055
-0.00938
0.01844
-0.19261
0.07500
1.69367
1.96789
1.78238
1.81321
1.81502
1.84711
1.84856
1.85326
1.83585
1.80481
1.80697
1.81820
1.80736
1.80295
1.82711
1.83448
1.83434
1.82252
1.81688
1.81473
1.81701
1.81554
1.82029
1.82368
1.82242
1.82140
1.83731
1.83119
1.81942
1.80950
1.78890
1.79028
1.79481
1.79076
1.80323
1.79420
1.79270
1.80222
1.80036
1.78885
1.78187
1.78359
1.79042
1.80057
1.79984
1.77006
1.76631
1.77401
1.77679
1.77679
1.78030
1.79204
1.79107
1.78821
1.79008
1.77909
1.78294
1.78361
1.78724
1.77623
1.76213
1.76345
1.76265
1.76392
1.76431
1.76271
1.76536
1.76453
1.77286
1.76553
1.76532
1.75178
1.75001
1.76949
1.78161
1.78716
1.78212
1.78021
1.76985
1.76632
1.75609
1.76245
1.77896
1.76843
1.75587
1.75196
1.76270
1.76065
1.76139
1.75790
1.74948
1.75602
1.75659
1.75723
1.76201
