-0.00216
-0.03692
0.07270
-0.75805
0.29555
6.68120
7.73564
6.90281
7.01272
6.97807
6.97367
6.97413
6.97401
6.97440
6.97695
6.97586
6.97493
6.97558
6.97595
6.97554
6.97457
6.97390
6.97411
6.97513
6.97518
6.97428
6.97464
6.97357
6.97341
6.97441
6.97337
6.97359
6.97353
6.97332
6.97405
6.97511
6.97449
6.97378
6.97420
6.97367
6.97405
6.97433
6.97346
6.97371
6.97463
6.97398
6.97374
6.97312
6.97271
6.97323
6.97389
6.97431
6.97372
6.97364
6.97473
6.97348
6.97304
6.97306
6.97198
6.97256
6.97278
6.97170
6.97220
6.97156
6.97213
6.97307
6.97237
6.97212
6.97166
6.97209
6.97199
6.97226
6.97173
6.97030
6.97166
6.97035
6.97085
6.97109
6.96950
6.96928
6.96907
6.96881
6.96801
6.96830
6.96881
6.96936
6.96888
6.96805
6.96792
6.96817
6.96826
6.96785
6.96726
6.96684
6.96781
6.96770
6.96713
6.96636
6.96561
6.96594
