-0.00066
-0.01118
0.02220
-0.23004
0.09324
2.02155
2.31081
2.06516
2.11221
2.09005
2.06659
2.06274
2.07320
2.06791
2.08425
2.10329
2.11187
2.12013
2.11365
2.07207
2.06901
2.09212
2.10870
2.08383
2.08772
2.08668
2.08990
2.07316
2.05633
2.05622
2.05514
2.05780
2.05891
2.02756
2.02285
2.03936
2.03696
2.02492
2.03096
2.03944
2.04396
2.05819
2.06081
2.04732
2.05353
2.06180
2.07179
2.07110
2.07428
2.07634
2.04609
2.03525
2.04290
2.03264
2.01220
2.01779
2.03867
2.06349
2.07422
2.05091
2.04886
2.03530
2.04843
2.09193
2.13602
2.13665
2.11197
2.07432
2.04479
2.05427
2.07149
2.07032
2.03431
2.04180
2.11208
2.14340
2.14914
2.11460
2.06610
2.06309
2.07311
2.06086
2.04423
2.04585
2.09325
2.09737
2.07790
2.08870
2.08978
2.07435
2.07479
2.09200
2.05377
2.00509
1.99682
1.99206
1.99490
1.99378
1.99520
2.00389
