-0.00246
-0.04201
0.08271
-0.86244
0.33630
7.60097
8.80100
7.85490
7.97779
7.93792
7.93500
7.93431
7.93233
7.92888
7.92788
7.92765
7.92707
7.92604
7.92575
7.92681
7.92578
7.92502
7.92431
7.92305
7.92223
7.92222
7.92205
7.92232
7.92191
7.92233
7.92202
7.92234
7.92269
7.92254
7.92304
7.92253
7.92194
7.92158
7.92075
7.92048
7.91972
7.91849
7.91888
7.91831
7.91761
7.91707
7.91622
7.91633
7.91576
7.91531
7.91516
7.91521
7.91497
7.91424
7.91438
7.91428
7.91353
7.91247
7.91166
7.91193
7.91245
7.91372
7.91285
7.91014
7.90899
7.90872
7.90905
7.91073
7.91206
7.91331
7.91259
7.91255
7.91333
7.91235
7.91019
7.90796
7.90629
7.90691
7.90773
7.90769
7.90623
7.90555
7.90561
7.90483
7.90337
7.90195
7.90204
7.90118
7.89928
7.89940
7.89906
7.89830
7.90001
7.90042
7.89993
7.89933
7.89888
7.89842
7.89787
7.89768
