-0.00021
-0.00352
0.00690
-0.07213
0.02780
0.63605
0.73977
0.65955
0.66993
0.67434
0.66959
0.67004
0.67542
0.67346
0.67429
0.67435
0.67762
0.67909
0.67579
0.67620
0.67656
0.68132
0.68896
0.67794
0.67982
0.68439
0.68378
0.68391
0.68409
0.68529
0.68681
0.69182
0.68851
0.68706
0.68771
0.69004
0.69238
0.69087
0.69195
0.69888
0.69322
0.68999
0.69459
0.69795
0.69618
0.69355
0.69736
0.69682
0.69567
0.70175
0.70061
0.69543
0.70267
0.70425
0.70038
0.70082
0.70062
0.70052
0.70123
0.70162
0.70351
0.70339
0.70395
0.70364
0.70223
0.70322
0.70693
0.70679
0.70498
0.70414
0.70491
0.70883
0.70918
0.70504
0.70675
0.70637
0.70642
0.70932
0.70631
0.70619
0.70776
0.70756
0.71085
0.71174
0.71127
0.70848
0.71158
0.71199
0.70896
0.71163
0.70812
0.71041
0.71261
0.71384
0.71501
0.71305
0.71398
0.71656
0.71582
0.71538
