-0.00001
-0.00010
0.00019
-0.00207
0.00052
0.01892
0.02438
0.01836
0.01863
0.02441
0.01813
0.02476
0.02301
0.02069
0.02256
0.01757
0.02281
0.02212
0.02243
0.02078
0.02081
0.03821
0.02268
0.01415
0.01725
0.02820
0.01731
0.01107
0.02890
0.02141
0.01235
0.01660
0.02909
0.02139
0.02191
0.01945
0.01731
0.01979
0.02013
0.02333
0.02163
0.01838
0.02228
0.02264
0.01758
0.02627
0.02574
0.01900
0.02094
0.01732
0.01963
0.02666
0.01737
0.01799
0.02686
0.02018
0.02025
0.02056
0.02002
0.01956
0.02038
0.02168
0.01862
0.01447
0.01380
0.02182
0.02806
0.02580
0.02326
0.01698
0.01598
0.01920
0.02163
0.01761
0.02014
0.01818
0.01637
0.01897
0.02622
0.02702
0.02241
0.01746
0.01830
0.01935
0.01566
0.01966
0.02150
0.02002
0.02326
0.02171
0.02669
0.02841
0.02224
0.01931
0.02127
0.02195
0.02360
0.01774
0.01632
0.02202
