-0.00154
-0.02637
0.05193
-0.54147
0.21119
4.77170
5.52572
4.93446
5.01033
4.98147
4.97450
4.97498
4.97827
4.97700
4.97671
4.97343
4.97064
4.97232
4.96752
4.96805
4.96352
4.96010
4.96101
4.96685
4.96362
4.96090
4.95621
4.95309
4.95385
4.95531
4.95359
4.95083
4.94638
4.94890
4.95358
4.94775
4.94342
4.94080
4.93991
4.93681
4.93507
4.93474
4.93144
4.92456
4.92948
4.92680
4.92060
4.92024
4.92131
4.92334
4.91844
4.91486
4.91685
4.91843
4.91593
4.91270
4.91260
4.90747
4.90310
4.90052
4.90006
4.89553
4.89356
4.89234
4.88996
4.88936
4.88292
4.88086
4.87910
4.87980
4.88277
4.87961
4.87535
4.87314
4.86913
4.86471
4.86499
4.86652
4.86262
4.86040
4.85686
4.85355
4.85896
4.85741
4.85865
4.85882
4.85175
4.84738
4.84526
4.84427
4.84380
4.84479
4.84256
4.83844
4.83755
4.83955
4.83790
4.83160
4.83173
4.83542
