-0.00134
-0.02287
0.04505
-0.46956
0.18341
4.13795
4.78868
4.27342
4.34014
4.31715
4.31468
4.31398
4.31336
4.31142
4.31067
4.31051
4.30821
4.30569
4.30323
4.30172
4.30238
4.30203
4.29988
4.29902
4.29919
4.29490
4.29325
4.29265
4.29175
4.29074
4.29065
4.29112
4.28852
4.28577
4.28437
4.28273
4.28184
4.28157
4.27896
4.27981
4.27970
4.27629
4.27307
4.27104
4.27171
4.27020
4.26952
4.26817
4.26563
4.26453
4.26193
4.26055
4.26006
4.25907
4.25663
4.25618
4.25540
4.25433
4.25412
4.25367
4.25128
4.25014
4.24715
4.24663
4.24823
4.24610
4.24355
4.24154
4.24031
4.23864
4.23593
4.23646
4.23549
4.23306
4.23223
4.23003
4.22908
4.22834
4.22640
4.22505
4.22420
4.22366
4.22181
4.21970
4.21861
4.21732
4.21581
4.21534
4.21420
4.21247
4.21110
4.21026
4.20866
4.20644
4.20504
4.20453
4.20296
4.20160
4.19962
4.19890
