-0.00165
-0.02818
0.05550
-0.57865
0.22568
5.09984
5.90436
5.26973
5.35249
5.32393
5.32381
5.32422
5.32237
5.32075
5.31916
5.32042
5.32013
5.31863
5.31844
5.31781
5.31803
5.31564
5.31512
5.31638
5.31574
5.31394
5.31285
5.31354
5.31261
5.31085
5.30990
5.30913
5.30943
5.30775
5.30590
5.30640
5.30577
5.30508
5.30428
5.30317
5.30353
5.30409
5.30215
5.29977
5.29816
5.29762
5.29500
5.29357
5.28890
5.28122
5.27498
5.27007
5.26467
5.25872
5.26037
5.26144
5.25896
5.25926
5.25460
5.24549
5.24156
5.23894
5.23433
5.23446
5.23043
5.21374
5.20214
5.21260
5.21748
5.21274
5.20753
5.20848
5.20828
5.20336
5.20670
5.20948
5.20491
5.20264
5.20403
5.20084
5.19961
5.20577
5.20877
5.20773
5.20766
5.20615
5.19393
5.16914
5.14661
5.15509
5.19645
5.21737
5.21964
5.21786
5.21942
5.22204
5.22152
5.22062
5.22140
5.22194
