-0.00059
-0.01001
0.01968
-0.20568
0.08065
1.80552
2.10143
1.92130
1.92813
1.86591
1.86631
1.87146
1.87501
1.91503
1.89692
1.85700
1.85629
1.85263
1.88488
1.90794
1.90881
1.93215
1.93624
1.91696
1.91760
1.99331
1.97850
1.96168
1.99404
1.96908
1.89468
1.87558
1.89173
1.85536
1.90372
1.93935
1.94239
1.96230
1.95790
1.94638
1.92785
1.94570
1.88956
1.80048
1.83260
1.85399
1.81887
1.81017
1.82674
1.85426
1.85174
1.85235
1.86701
1.86443
1.84933
1.82317
1.79309
1.79687
1.76787
1.70728
1.69008
1.69844
1.69592
1.71934
1.72515
1.71860
1.80073
1.83841
1.81704
1.82901
1.82127
1.79647
1.82171
1.85877
1.85291
1.83854
1.86042
1.87747
1.88401
1.87994
1.89380
1.89722
1.80989
1.75123
1.82774
1.87091
1.83330
1.85636
1.84749
1.83732
1.85152
1.82029
1.74114
1.75588
1.81122
1.83476
1.85956
1.81596
1.71585
1.72495
