-0.00158
-0.02696
0.05308
-0.55346
0.21585
4.87697
5.64809
5.04607
5.12509
5.10024
5.10100
5.10141
5.10271
5.10370
5.10482
5.10444
5.10708
5.10806
5.10805
5.10779
5.10887
5.11117
5.11066
5.11077
5.11277
5.11193
5.11353
5.11486
5.11429
5.11576
5.11709
5.11729
5.11792
5.11789
5.11834
5.11844
5.11848
5.12043
5.12153
5.12138
5.11982
5.12171
5.12322
5.12221
5.12301
5.12179
5.12143
5.12266
5.12463
5.12375
5.12315
5.12614
5.12415
5.12318
5.12726
5.12534
5.12419
5.12671
5.12858
5.13043
5.12953
5.13028
5.13118
5.13007
5.12946
5.13084
5.13150
5.13138
5.13185
5.13383
5.13294
5.13476
5.13481
5.13281
5.13398
5.13500
5.13617
5.13627
5.13635
5.13702
5.13523
5.13555
5.13617
5.13663
5.13773
5.14003
5.14008
5.13814
5.13826
5.13876
5.13791
5.13829
5.14023
5.13994
5.13921
5.13901
5.14125
5.14120
5.14199
5.14431
