-0.00021
-0.00363
0.00715
-0.07449
0.02921
0.65606
0.75900
0.67828
0.68754
0.68465
0.68504
0.68471
0.68502
0.68564
0.68693
0.68487
0.68452
0.68548
0.68507
0.68501
0.68642
0.68454
0.68452
0.68470
0.68292
0.68152
0.68169
0.68280
0.68341
0.68276
0.68085
0.68401
0.68334
0.68017
0.68195
0.68185
0.68082
0.67983
0.68258
0.68426
0.68166
0.68083
0.68221
0.68146
0.68022
0.68025
0.68149
0.68082
0.68044
0.68098
0.68006
0.68081
0.67968
0.67764
0.67895
0.67894
0.67690
0.67901
0.67890
0.67876
0.68129
0.67913
0.67774
0.67996
0.68026
0.67639
0.67432
0.67773
0.67754
0.67723
0.67688
0.67897
0.67676
0.67581
0.67710
0.67725
0.67606
0.67383
0.67423
0.67374
0.67358
0.67384
0.67245
0.67312
0.67722
0.67496
0.67523
0.67571
0.67468
0.67279
0.67313
0.67385
0.67150
0.67203
0.67155
0.66826
0.67007
0.67231
0.67140
0.67018
