-0.00080
-0.01367
0.02692
-0.28064
0.10971
2.47209
2.86108
2.55883
2.60252
2.59190
2.59547
2.59957
2.59943
2.59738
2.59786
2.60177
2.60539
2.60887
2.61363
2.61247
2.61177
2.61547
2.62251
2.62397
2.62495
2.62760
2.63301
2.63711
2.63562
2.64050
2.64392
2.64421
2.64780
2.65014
2.65160
2.65377
2.65921
2.66169
2.66216
2.66647
2.66697
2.66703
2.66718
2.66471
2.66897
2.67685
2.67688
2.68097
2.68386
2.68611
2.68682
2.68919
2.69306
2.69171
2.69533
2.69899
2.70073
2.70223
2.70363
2.70515
2.70524
2.70770
2.71039
2.70721
2.70938
2.71625
2.71831
2.72173
2.71817
2.72160
2.72964
2.73250
2.73280
2.73709
2.74330
2.74033
2.74301
2.74832
2.74626
2.74845
2.75350
2.75248
2.75393
2.76132
2.76392
2.76116
2.76532
2.77033
2.76848
2.76681
2.76807
2.76977
2.76859
2.76844
2.77734
2.78082
2.78098
2.78679
2.79108
2.79405
