-0.00114
-0.01950
0.03842
-0.40048
0.15643
3.52931
4.08422
3.64400
3.70049
3.68067
3.67674
3.67492
3.67390
3.67032
3.66599
3.66471
3.66336
3.65771
3.65750
3.65603
3.65587
3.65560
3.64881
3.64716
3.64446
3.64231
3.64293
3.63958
3.63706
3.63532
3.63260
3.63321
3.63111
3.62682
3.62539
3.62619
3.62240
3.61924
3.61691
3.61492
3.61067
3.60836
3.60780
3.60513
3.60185
3.60070
3.59871
3.59743
3.59500
3.58998
3.59068
3.59098
3.58757
3.58553
3.58395
3.57881
3.57682
3.57512
3.57323
3.57186
3.57072
3.57022
3.56739
3.56413
3.56172
3.56044
3.55899
3.55515
3.55206
3.55113
3.55075
3.54929
3.54708
3.54288
3.53798
3.53572
3.53704
3.53640
3.53479
3.53487
3.52972
3.52570
3.52554
3.52461
3.52236
3.51817
3.51706
3.51438
3.51047
3.50787
3.50896
3.50884
3.50444
3.50146
3.49902
3.49811
3.49446
3.49185
3.49006
3.48785
