-0.00041
-0.00706
0.01393
-0.14494
0.05694
1.27808
1.47353
1.30742
1.32796
1.31777
1.32746
1.33067
1.31885
1.32368
1.33356
1.32923
1.32993
1.34688
1.33967
1.33007
1.32239
1.31547
1.33201
1.33492
1.34405
1.34002
1.31296
1.30673
1.30522
1.31356
1.32010
1.31171
1.30823
1.31017
1.30994
1.30004
1.30239
1.30061
1.30824
1.31461
1.32243
1.32537
1.31609
1.31450
1.31674
1.31421
1.30960
1.30416
1.31243
1.31977
1.31053
1.30334
1.30058
1.30771
1.30778
1.31727
1.32286
1.31655
1.30511
1.30030
1.31004
1.30877
1.29336
1.29948
1.30579
1.29557
1.28672
1.29467
1.30165
1.29009
1.28220
1.29206
1.28988
1.28638
1.30394
1.30262
1.28671
1.26761
1.26393
1.26167
1.28124
1.28582
1.27585
1.27777
1.28314
1.28461
1.26594
1.26255
1.27575
1.27608
1.25871
1.24716
1.26102
1.27037
1.25764
1.25221
1.27368
1.27497
1.27229
1.26076
