-0.00177
-0.03020
0.05947
-0.62006
0.24177
5.46505
6.32750
5.64597
5.73451
5.70442
5.69953
5.69888
5.69983
5.69806
5.69513
5.69485
5.69375
5.69213
5.69152
5.69121
5.68936
5.68752
5.68564
5.68462
5.68280
5.68192
5.68229
5.68106
5.68182
5.67998
5.67651
5.67587
5.67620
5.67585
5.67468
5.67211
5.67147
5.66980
5.66776
5.66750
5.66400
5.66340
5.66421
5.66353
5.66134
5.65989
5.65932
5.65763
5.65617
5.65642
5.65434
5.65267
5.65146
5.64950
5.65008
5.64763
5.64514
5.64369
5.64326
5.64355
5.64103
5.63983
5.63959
5.63736
5.63540
5.63493
5.63520
5.63366
5.63119
5.62888
5.63092
5.62858
5.62566
5.62684
5.62551
5.62445
5.62415
5.62285
5.62188
5.62141
5.61815
5.61668
5.61488
5.61416
5.61086
5.61008
5.61052
5.60975
5.60777
5.60542
5.60471
5.60551
5.60496
5.60180
5.59953
5.59993
5.59831
5.59564
5.59451
5.59399
