-0.00025
-0.00422
0.00832
-0.08671
0.03398
0.76396
0.88312
0.78793
0.79974
0.79401
0.79404
0.79408
0.79349
0.79220
0.79268
0.79144
0.79034
0.78983
0.78974
0.78952
0.78805
0.78865
0.78771
0.78654
0.78540
0.78420
0.78496
0.78481
0.78492
0.78449
0.78307
0.78222
0.78184
0.78258
0.78146
0.78104
0.78063
0.77979
0.77916
0.77786
0.77628
0.77606
0.77620
0.77386
0.77293
0.77407
0.77320
0.77244
0.77200
0.77080
0.76968
0.77050
0.76941
0.76864
0.76894
0.76767
0.76757
0.76706
0.76575
0.76509
0.76591
0.76595
0.76484
0.76544
0.76451
0.76265
0.76140
0.76102
0.76093
0.76033
0.76037
0.75994
0.75881
0.75835
0.75685
0.75545
0.75569
0.75550
0.75530
0.75529
0.75330
0.75310
0.75236
0.75269
0.75186
0.75004
0.75002
0.74982
0.74948
0.74790
0.74687
0.74747
0.74679
0.74585
0.74534
0.74452
0.74382
0.74353
0.74281
0.74187
