-0.00150
-0.02553
0.05027
-0.52416
0.20444
4.61965
5.34835
4.77220
4.84742
4.82442
4.82066
4.82040
4.82224
4.82134
4.82007
4.81886
4.81853
4.81658
4.81856
4.82012
4.81897
4.81828
4.81660
4.81627
4.81506
4.81613
4.81680
4.81300
4.81361
4.81442
4.81159
4.80984
4.81291
4.81474
4.81247
4.81094
4.81098
4.81186
4.81143
4.81012
4.80994
4.81048
4.81013
4.80955
4.80807
4.80836
4.80746
4.80900
4.80759
4.80467
4.80289
4.80362
4.80406
4.80457
4.80404
4.80343
4.80013
4.80090
4.80315
4.80184
4.80202
4.80137
4.79988
4.80106
4.80048
4.80012
4.80199
4.80164
4.79814
4.79673
4.79530
4.79586
4.79808
4.79738
4.79535
4.79460
4.79644
4.79565
4.79459
4.79556
4.79529
4.79353
4.79233
4.79246
4.79275
4.79179
4.79037
4.78962
4.78983
4.78810
4.78821
4.78972
4.78935
4.78868
4.78811
4.78813
4.78663
4.78626
4.78713
4.78547
