-0.00030
-0.00518
0.01027
-0.10672
0.04312
0.93535
1.07627
0.97790
0.99473
0.97972
0.96851
0.96931
0.95847
0.95491
0.95994
0.95145
0.95567
0.96774
0.95571
0.94464
0.95619
0.96024
0.96409
0.97434
0.97452
0.96209
0.93947
0.95175
0.96596
0.96106
0.96101
0.94815
0.93135
0.94153
0.94559
0.94536
0.94835
0.95626
0.95659
0.95083
0.94473
0.93732
0.93334
0.93983
0.94052
0.93395
0.92920
0.94020
0.92789
0.92589
0.92808
0.93011
0.93659
0.93960
0.93708
0.93561
0.94693
0.94913
0.93727
0.93683
0.91228
0.88577
0.87695
0.87831
0.85517
0.87177
0.89544
0.89165
0.89661
0.89649
0.88615
0.89275
0.90557
0.89988
0.89506
0.89549
0.89288
0.88425
0.88918
0.89741
0.90124
0.89452
0.89017
0.89888
0.89035
0.87937
0.89026
0.89614
0.89673
0.90001
0.89167
0.89032
0.89227
0.90224
0.89452
0.87978
0.87038
0.87872
0.87279
0.86350
