-0.00019
-0.00332
0.00653
-0.06807
0.02652
0.60025
0.69479
0.61871
0.62789
0.62350
0.62226
0.62149
0.62208
0.62163
0.62040
0.61994
0.61966
0.61919
0.61887
0.61800
0.61696
0.61657
0.61538
0.61341
0.61225
0.61205
0.61198
0.61151
0.61035
0.60911
0.60927
0.60850
0.60769
0.60776
0.60717
0.60594
0.60513
0.60415
0.60339
0.60236
0.60218
0.60144
0.60101
0.59988
0.59866
0.59883
0.59789
0.59695
0.59660
0.59539
0.59472
0.59444
0.59410
0.59228
0.59157
0.59138
0.59048
0.58940
0.58892
0.58847
0.58788
0.58739
0.58713
0.58643
0.58674
0.58517
0.58278
0.58265
0.58355
0.58205
0.58080
0.58004
0.58006
0.57968
0.57826
0.57895
0.57752
0.57577
0.57509
0.57326
0.57226
0.57274
0.57234
0.57110
0.57079
0.57085
0.56943
0.56807
0.56765
0.56685
0.56587
0.56488
0.56445
0.56306
0.56263
0.56267
0.56190
0.56071
0.56068
0.55964
