-0.00158
-0.02700
0.05321
-0.55453
0.21705
4.88571
5.65052
5.04459
5.12683
5.10050
5.09693
5.09664
5.09308
5.08935
5.09059
5.08917
5.09042
5.08913
5.08689
5.08446
5.08384
5.08418
5.08342
5.07996
5.07899
5.07915
5.07746
5.07536
5.07418
5.07541
5.07482
5.07067
5.06880
5.06837
5.06631
5.06534
5.06460
5.06193
5.06131
5.06027
5.06030
5.05840
5.05636
5.05532
5.05347
5.05256
5.05178
5.05076
5.04826
5.04792
5.04897
5.04673
5.04671
5.04701
5.04260
5.03976
5.03793
5.03406
5.03305
5.03251
5.03417
5.03347
5.03078
5.02924
5.02687
5.02741
5.02600
5.02398
5.02382
5.02250
5.02134
5.01974
5.01865
5.01621
5.01444
5.01255
5.01093
5.00924
5.00694
5.00646
5.00608
5.00644
5.00480
5.00142
4.99987
5.00001
4.99768
4.99641
4.99510
4.99349
4.99321
4.99182
4.99046
4.99008
4.98860
4.98686
4.98486
4.98223
4.98198
4.98091
