-0.00003
-0.00048
0.00094
-0.00985
0.00389
0.08651
0.10076
0.08959
0.08945
0.09038
0.08669
0.09138
0.08503
0.08557
0.09159
0.09078
0.08778
0.08783
0.09303
0.09107
0.09366
0.09439
0.08903
0.09074
0.09305
0.09202
0.08731
0.09000
0.09277
0.09272
0.09451
0.09992
0.09563
0.09417
0.09287
0.08383
0.08497
0.08814
0.09118
0.09563
0.09722
0.09052
0.09192
0.09323
0.09231
0.09596
0.09506
0.09620
0.09936
0.09469
0.09000
0.09617
0.09317
0.09181
0.09195
0.09584
0.09499
0.09199
0.09007
0.08993
0.08979
0.09591
0.09451
0.09270
0.09513
0.09726
0.09501
0.09075
0.09150
0.09697
0.09426
0.09528
0.09095
0.08776
0.09695
0.09901
0.09531
0.09716
0.10119
0.09716
0.09070
0.09174
0.09811
0.09886
0.09180
0.09364
0.09236
0.09144
0.09130
0.09224
0.09216
0.09209
0.09147
0.09653
0.09832
0.09500
0.10035
0.09663
0.08948
0.09373
