-0.00011
-0.00194
0.00381
-0.03979
0.01544
0.35086
0.40631
0.36342
0.36880
0.36288
0.36937
0.36740
0.36288
0.36844
0.36689
0.36600
0.36660
0.36633
0.37191
0.37473
0.36738
0.36392
0.36556
0.36889
0.37094
0.36769
0.36380
0.37027
0.36891
0.36729
0.36917
0.36744
0.36455
0.36536
0.36684
0.37138
0.36853
0.36440
0.36408
0.36935
0.37200
0.37169
0.36834
0.36922
0.36967
0.36943
0.36788
0.36465
0.36706
0.36652
0.36629
0.36612
0.36786
0.36941
0.37353
0.37144
0.36987
0.36795
0.36704
0.36418
0.36942
0.36945
0.36354
0.36578
0.36670
0.36325
0.36352
0.36687
0.37053
0.36614
0.36829
0.36774
0.36677
0.36966
0.37030
0.37035
0.36592
0.36581
0.36915
0.36704
0.37021
0.37027
0.36772
0.36882
0.36584
0.36906
0.36911
0.37197
0.37189
0.36880
0.36856
0.37186
0.36787
0.36867
0.36967
0.36755
0.36578
0.36666
0.37289
0.36955
