-0.00215
-0.03672
0.07230
-0.75383
0.29412
6.64304
7.68979
6.86721
6.98411
6.95106
6.94531
6.94440
6.94629
6.94990
6.95622
6.95558
6.95487
6.95541
6.95531
6.95637
6.95488
6.95544
6.95684
6.95617
6.95630
6.95538
6.95471
6.95648
6.95592
6.95592
6.95726
6.95998
6.96291
6.95939
6.95775
6.95116
6.92684
6.93278
6.94535
6.94131
6.93927
6.94367
6.94594
6.94198
6.93851
6.93324
6.91432
6.91759
6.91969
6.90450
6.90251
6.91204
6.91215
6.91434
6.91816
6.92237
6.91903
6.91581
6.91383
6.92043
6.92633
6.92984
6.92937
6.92029
6.92097
6.92328
6.91879
6.91917
6.91724
6.91100
6.90325
6.90049
6.89609
6.89735
6.90820
6.91679
6.92438
6.92689
6.92629
6.92549
6.92785
6.93338
6.93739
6.93730
6.93793
6.93765
6.93746
6.94007
6.94100
6.94103
6.94156
6.94025
6.93660
6.93601
6.93743
6.93692
6.93922
6.93981
6.93799
6.93869
