-0.00189
-0.03219
0.06338
-0.66084
0.25784
5.82376
6.74195
6.01847
6.11454
6.08456
6.08300
6.08332
6.08457
6.08246
6.07978
6.07911
6.08058
6.08234
6.08013
6.08017
6.07953
6.08065
6.08104
6.07915
6.07943
6.07909
6.07976
6.07977
6.07913
6.08001
6.08024
6.08112
6.08088
6.07827
6.07723
6.07702
6.07718
6.07535
6.07398
6.07724
6.07659
6.07564
6.07541
6.07593
6.07668
6.07254
6.07556
6.07978
6.07966
6.08135
6.08238
6.08217
6.08046
6.07980
6.07956
6.07506
6.07192
6.07502
6.07621
6.07288
6.07098
6.07169
6.07092
6.07112
6.07481
6.07270
6.07076
6.07329
6.07096
6.07149
6.07106
6.07118
6.07228
6.07118
6.07244
6.06826
6.06736
6.07205
6.07381
6.07304
6.07168
6.07214
6.07280
6.07323
6.07393
6.07469
6.07290
6.07300
6.07327
6.07510
6.07389
6.07284
6.07501
6.07392
6.07282
6.07303
6.07395
6.07257
6.07101
6.07138
