-0.00055
-0.00946
0.01854
-0.19389
0.07374
1.71464
1.99674
1.76478
1.78175
1.77008
1.76973
1.77269
1.77075
1.77108
1.77344
1.76577
1.76216
1.76599
1.76988
1.77430
1.79339
1.78212
1.78090
1.78513
1.77770
1.78901
1.80594
1.80334
1.79785
1.78637
1.77257
1.76062
1.76745
1.79237
1.77887
1.77027
1.78328
1.79450
1.79504
1.78429
1.77984
1.78550
1.77823
1.75204
1.77236
1.82466
1.79479
1.76417
1.78049
1.81482
1.80580
1.80465
1.79177
1.78047
1.77444
1.77038
1.77892
1.79082
1.79109
1.79592
1.79466
1.77796
1.77582
1.80008
1.80579
1.79151
1.78850
1.80892
1.82463
1.81122
1.80403
1.81353
1.81040
1.80785
1.82234
1.83094
1.80827
1.79322
1.79541
1.80021
1.80908
1.81186
1.80768
1.80640
1.80605
1.79402
1.80000
1.80065
1.78832
1.78608
1.80136
1.79578
1.78525
1.78784
1.78790
1.77855
1.78740
1.80213
1.81937
1.82124
