-0.00044
-0.00750
0.01485
-0.15423
0.06171
1.35658
1.55823
1.39261
1.41531
1.40207
1.40783
1.40808
1.40339
1.40559
1.40213
1.41003
1.40542
1.39458
1.42476
1.44840
1.43857
1.46140
1.44728
1.39588
1.40499
1.40089
1.42728
1.48272
1.47304
1.45725
1.41379
1.38803
1.40083
1.44865
1.45616
1.45899
1.44837
1.42672
1.42617
1.40528
1.40686
1.44059
1.44604
1.43182
1.43955
1.43508
1.41158
1.40996
1.43795
1.44367
1.43849
1.45420
1.47661
1.47326
1.45160
1.44049
1.45313
1.43828
1.42281
1.42517
1.42968
1.43988
1.44990
1.45049
1.42911
1.42262
1.42971
1.43146
1.45332
1.47193
1.45371
1.43098
1.43457
1.42581
1.44166
1.44986
1.43399
1.42330
1.44043
1.43349
1.42681
1.44025
1.43418
1.42468
1.43762
1.43227
1.43406
1.44019
1.43332
1.39630
1.38567
1.39688
1.41075
1.43613
1.43655
1.42351
1.42096
1.43062
1.43346
1.43176
