-0.00160
-0.02729
0.05372
-0.56021
0.21826
4.93742
5.71836
5.10524
5.18676
5.16230
5.16284
5.16151
5.16262
5.16481
5.16439
5.16245
5.16333
5.16750
5.16627
5.16364
5.16371
5.16196
5.16629
5.17111
5.17095
5.17249
5.17055
5.16780
5.16797
5.16898
5.17497
5.17746
5.17643
5.17445
5.17606
5.17545
5.17605
5.18001
5.18076
5.18184
5.18274
5.18110
5.18123
5.18360
5.18301
5.18352
5.18656
5.18711
5.18815
5.18785
5.18558
5.18271
5.18261
5.18412
5.18683
5.18957
5.19071
5.19249
5.19377
5.19453
5.19403
5.19457
5.19551
5.19575
5.19728
5.19817
5.19725
5.19990
5.19812
5.19539
5.19908
5.20130
5.20187
5.20450
5.20249
5.20366
5.20510
5.20649
5.20612
5.20789
5.20992
5.20805
5.20886
5.21095
5.21081
5.21131
5.21209
5.21210
5.21179
5.21762
5.21944
5.21750
5.21695
5.21613
5.21679
5.21764
5.21839
5.21916
5.21897
5.21946
