-0.00165
-0.02810
0.05533
-0.57685
0.22509
5.08410
5.88342
5.25087
5.34053
5.30878
5.30338
5.30575
5.30740
5.30944
5.30738
5.30074
5.29884
5.30091
5.30064
5.29813
5.29408
5.28738
5.28558
5.28434
5.28616
5.28860
5.28233
5.28081
5.28278
5.27974
5.28148
5.27608
5.27938
5.27712
5.27054
5.27262
5.27325
5.27271
5.26878
5.26614
5.26373
5.26886
5.26877
5.26662
5.26455
5.26304
5.26199
5.26262
5.26422
5.26460
5.26778
5.25819
5.24585
5.25484
5.25613
5.25139
5.24954
5.24620
5.24707
5.24370
5.24357
5.24243
5.23573
5.23631
5.23540
5.23240
5.23492
5.24120
5.24173
5.23789
5.23240
5.22397
5.22444
5.22795
5.22488
5.22780
5.22192
5.21913
5.22878
5.22009
5.21758
5.21928
5.21572
5.21292
5.21119
5.20805
5.20658
5.20604
5.20515
5.20193
5.19177
5.19070
5.19247
5.19289
5.18708
5.19305
5.19096
5.18519
5.18642
5.18299
