-0.00005
-0.00093
0.00182
-0.01898
0.00694
0.16938
0.19426
0.16778
0.18531
0.18625
0.18223
0.17496
0.17978
0.18074
0.17365
0.16924
0.18530
0.17505
0.16431
0.17921
0.18150
0.18018
0.18047
0.17025
0.17460
0.17417
0.17158
0.17391
0.16798
0.17779
0.17372
0.16850
0.18534
0.17192
0.16592
0.18479
0.17588
0.16499
0.17619
0.17440
0.17305
0.17887
0.18079
0.18075
0.17600
0.16449
0.16849
0.17469
0.16993
0.17870
0.17225
0.17692
0.17370
0.17802
0.16437
0.18070
0.19559
0.18124
0.16918
0.16611
0.16945
0.17508
0.16787
0.17377
0.17769
0.17486
0.17087
0.17298
0.17978
0.17792
0.16604
0.16664
0.18011
0.18125
0.17648
0.18011
0.17851
0.17413
0.19012
0.17950
0.16631
0.17078
0.16966
0.16884
0.17491
0.17050
0.17434
0.17932
0.17602
0.17790
0.16184
0.16842
0.18716
0.18482
0.16928
0.17472
0.18674
0.17661
0.17717
0.17583
