-0.00024
-0.00403
0.00786
-0.08260
0.03117
0.72649
0.85477
0.78091
0.80206
0.80906
0.79828
0.80714
0.79518
0.79160
0.79285
0.77243
0.80174
0.84805
0.83319
0.77040
0.74844
0.75111
0.76364
0.77668
0.79227
0.78744
0.76475
0.77041
0.79726
0.77645
0.77371
0.79439
0.77714
0.75025
0.74380
0.75659
0.77335
0.77488
0.78270
0.77399
0.77236
0.76939
0.75764
0.76637
0.78723
0.77525
0.76959
0.78907
0.79131
0.76682
0.76898
0.78863
0.78955
0.78110
0.78258
0.78422
0.78771
0.79775
0.78852
0.77796
0.79351
0.77562
0.75163
0.74703
0.73738
0.72508
0.76232
0.78129
0.76396
0.73408
0.72877
0.72455
0.72939
0.70208
0.70558
0.75842
0.75723
0.74880
0.75514
0.74376
0.74584
0.74185
0.72231
0.72971
0.72374
0.73170
0.78990
0.76769
0.74915
0.74275
0.72840
0.72336
0.71038
0.72822
0.74906
0.73951
0.72020
0.70682
0.72328
0.72118
