-0.00039
-0.00664
0.01306
-0.13638
0.05313
1.20066
1.39471
1.25273
1.26216
1.25139
1.25242
1.25127
1.25927
1.25175
1.24378
1.24917
1.25276
1.25092
1.24520
1.24543
1.24631
1.24119
1.23526
1.23662
1.24041
1.24166
1.24162
1.23852
1.23222
1.23464
1.23958
1.23191
1.22705
1.22127
1.22471
1.23245
1.23791
1.23169
1.22634
1.22952
1.22365
1.21703
1.20922
1.20979
1.21866
1.22530
1.22348
1.22109
1.22171
1.22060
1.21809
1.21515
1.21198
1.20965
1.20373
1.20810
1.21257
1.21037
1.20729
1.21173
1.21782
1.21518
1.21320
1.21216
1.20902
1.20299
1.19926
1.20365
1.20994
1.20667
1.20488
1.20826
1.21102
1.20359
1.20206
1.20986
1.21174
1.21577
1.20576
1.20260
1.20397
1.20097
1.20446
1.20602
1.19841
1.19215
1.19295
1.19646
1.19321
1.19270
1.19433
1.19219
1.18857
1.18705
1.18619
1.19272
1.19613
1.19413
1.18969
1.19010
