-0.00006
-0.00107
0.00214
-0.02207
0.00900
0.19411
0.21920
0.19645
0.20957
0.20322
0.20194
0.20506
0.20204
0.20633
0.20387
0.20004
0.20088
0.20178
0.18916
0.19174
0.19472
0.19533
0.19833
0.20779
0.20353
0.19847
0.19843
0.20069
0.19927
0.19732
0.20086
0.20878
0.20558
0.19875
0.20043
0.19786
0.19473
0.20114
0.20007
0.19891
0.20144
0.20225
0.20497
0.19812
0.19845
0.20430
0.19965
0.20360
0.20455
0.20522
0.19552
0.19357
0.20022
0.18990
0.19126
0.20097
0.20497
0.20605
0.20653
0.19756
0.19669
0.19918
0.20887
0.19899
0.20063
0.20173
0.19839
0.19505
0.19068
0.19292
0.19919
0.19214
0.19466
0.19181
0.19584
0.20137
0.20382
0.19379
0.19672
0.20680
0.20122
0.19747
0.19733
0.20008
0.19522
0.19784
0.20569
0.19885
0.19166
0.19685
0.20159
0.19831
0.19801
0.19431
0.19466
0.19283
0.19112
0.19118
0.19610
0.19829
