-0.00144
-0.02465
0.04855
-0.50610
0.19752
4.46070
5.16226
4.60514
4.67824
4.65096
4.64733
4.64614
4.64999
4.64746
4.64452
4.64379
4.64008
4.64112
4.64175
4.63765
4.63794
4.63730
4.63823
4.63742
4.63258
4.63227
4.63239
4.63111
4.63053
4.62630
4.62855
4.62859
4.62638
4.62667
4.62406
4.62151
4.62014
4.62010
4.61795
4.61453
4.61742
4.61726
4.61543
4.61484
4.61277
4.61117
4.61045
4.60840
4.60892
4.60713
4.60516
4.60358
4.60152
4.60081
4.59875
4.59860
4.59702
4.59556
4.59669
4.59360
4.59247
4.59259
4.59049
4.59093
4.58917
4.58783
4.58655
4.58651
4.58386
4.58214
4.58078
4.58031
4.57900
4.57762
4.57577
4.57575
4.57454
4.57111
4.57153
4.57100
4.56955
4.56960
4.56525
4.56570
4.56520
4.56199
4.55958
4.56067
4.55933
4.55586
4.55780
4.55764
4.55321
4.55380
4.55519
4.55187
4.54816
4.54576
4.54702
4.54519
