-0.00074
-0.01256
0.02473
-0.25784
0.10044
2.27267
2.63193
2.34883
2.38687
2.37518
2.37416
2.37425
2.37293
2.37221
2.37155
2.37216
2.37321
2.37336
2.37460
2.37380
2.37413
2.37648
2.37432
2.37415
2.37617
2.37605
2.37439
2.37324
2.37483
2.37473
2.37424
2.37484
2.37432
2.37391
2.37328
2.37343
2.37334
2.37320
2.37314
2.37304
2.37302
2.37421
2.37489
2.37511
2.37462
2.37391
2.37340
2.37369
2.37342
2.37306
2.37347
2.37374
2.37312
2.37337
2.37296
2.37306
2.37376
2.37337
2.37409
2.37439
2.37355
2.37386
2.37416
2.37403
2.37302
2.37277
2.37288
2.37274
2.37300
2.37227
2.37160
2.37217
2.37188
2.37264
2.37336
2.37235
2.37181
2.37171
2.37161
2.37252
2.37267
2.37253
2.37289
2.37292
2.37285
2.37340
2.37310
2.37164
2.37198
2.37164
2.37108
2.37221
2.37292
2.37299
2.37347
2.37430
2.37480
2.37480
2.37524
2.37487
