-0.00169
-0.02893
0.05698
-0.59400
0.23184
5.23494
6.05950
5.40758
5.49131
5.45883
5.45292
5.45089
5.45140
5.45244
5.45380
5.45669
5.45838
5.45947
5.46021
5.45976
5.46174
5.46341
5.46390
5.46503
5.46611
5.46669
5.46775
5.46805
5.46965
5.47071
5.47132
5.47171
5.47295
5.47389
5.47418
5.47441
5.47567
5.47575
5.47633
5.47721
5.47786
5.47891
5.47900
5.47959
5.48051
5.48073
5.48127
5.48094
5.48337
5.48369
5.48366
5.48473
5.48484
5.48448
5.48578
5.48697
5.48731
5.48756
5.48864
5.48854
5.48938
5.48977
5.48906
5.48955
5.48999
5.49078
5.49180
5.49233
5.49365
5.49436
5.49544
5.49519
5.49502
5.49593
5.49590
5.49704
5.49749
5.49782
5.49858
5.49848
5.49949
5.49968
5.49982
5.50112
5.50123
5.50102
5.50179
5.50210
5.50258
5.50335
5.50397
5.50392
5.50373
5.50445
5.50498
5.50444
5.50532
5.50626
5.50696
5.50702
