-0.00021
-0.00350
0.00690
-0.07194
0.02801
0.63396
0.73470
0.65590
0.66642
0.66488
0.66199
0.66169
0.66222
0.66284
0.66170
0.66233
0.66518
0.66543
0.66586
0.66527
0.66503
0.66619
0.66503
0.66120
0.66133
0.66412
0.66342
0.66456
0.66601
0.66553
0.66657
0.66598
0.66544
0.66541
0.66619
0.66655
0.66599
0.66865
0.66762
0.66670
0.66598
0.66468
0.66634
0.66693
0.66800
0.66730
0.66597
0.66482
0.66683
0.66523
0.66621
0.66537
0.66466
0.66938
0.66828
0.66766
0.66704
0.66659
0.66728
0.66644
0.66624
0.66754
0.66698
0.66530
0.66571
0.66690
0.66607
0.66642
0.66884
0.66642
0.66522
0.66778
0.66909
0.66947
0.67013
0.66635
0.66221
0.66477
0.66816
0.66856
0.66460
0.66434
0.66975
0.67038
0.66825
0.66849
0.66920
0.67066
0.67099
0.67070
0.67142
0.66857
0.66720
0.66896
0.66837
0.66697
0.66761
0.66634
0.66707
0.66630
