-0.00058
-0.00988
0.01943
-0.20273
0.07850
1.78886
2.07193
1.84584
1.88176
1.85006
1.84522
1.88037
1.84898
1.82702
1.84106
1.79436
1.81016
1.84236
1.81273
1.80569
1.81088
1.78960
1.78415
1.78559
1.79212
1.82250
1.83880
1.83435
1.84449
1.86723
1.85414
1.83484
1.83785
1.83920
1.84292
1.82938
1.82247
1.80985
1.81208
1.84118
1.83049
1.82082
1.82823
1.85145
1.94877
1.99751
1.95984
1.92659
1.89497
1.86896
1.84181
1.83094
1.85078
1.89089
1.90024
1.91572
1.96152
1.99204
1.93707
1.83471
1.82473
1.81816
1.80400
1.84281
1.85019
1.84051
1.87063
1.86967
1.83755
1.80574
1.83782
1.85498
1.86299
1.88575
1.85012
1.78934
1.81328
1.82038
1.78614
1.81275
1.82887
1.78440
1.80630
1.82840
1.86527
1.88875
1.86937
1.88285
1.90085
1.89534
1.84806
1.79202
1.79728
1.80073
1.81598
1.80161
1.79134
1.80336
1.83513
1.84933
