-0.00131
-0.02242
0.04417
-0.46033
0.18010
4.05581
4.69131
4.18883
4.25780
4.23749
4.23464
4.23131
4.23459
4.23591
4.23542
4.23764
4.23500
4.23354
4.23618
4.23526
4.23745
4.23774
4.23781
4.24031
4.24022
4.23603
4.23266
4.23415
4.23375
4.23378
4.23556
4.23393
4.23390
4.23443
4.23434
4.23413
4.23539
4.23518
4.23541
4.23414
4.22906
4.22835
4.23627
4.23493
4.22668
4.22679
4.22840
4.22901
4.23093
4.23144
4.23310
4.23473
4.23353
4.22830
4.23089
4.22920
4.22320
4.22343
4.22741
4.23120
4.22963
4.23231
4.23525
4.23085
4.23047
4.23116
4.23004
4.23095
4.23355
4.23497
4.23321
4.23216
4.23259
4.23285
4.23063
4.23300
4.22928
4.22877
4.23364
4.23365
4.23166
4.23287
4.23136
4.22684
4.22806
4.22990
4.22668
4.22348
4.22668
4.22503
4.22814
4.23193
4.23098
4.22984
4.23147
4.23127
4.23162
4.23139
4.22715
4.22687
