-0.00136
-0.02319
0.04566
-0.47604
0.18566
4.19540
4.85754
4.33564
4.40301
4.38201
4.38322
4.38216
4.38618
4.38735
4.38632
4.39085
4.39204
4.38964
4.39243
4.39582
4.39616
4.39790
4.39794
4.40052
4.39743
4.39743
4.39945
4.39721
4.39671
4.39910
4.40030
4.40169
4.40384
4.40344
4.40218
4.40365
4.40466
4.40931
4.40945
4.40969
4.41080
4.41059
4.40946
4.40821
4.40206
4.39915
4.39880
4.40388
4.41079
4.41064
4.41462
4.41982
4.41751
4.41299
4.41541
4.41220
4.40479
4.40538
4.41259
4.42391
4.42524
4.42541
4.42900
4.42488
4.42428
4.43093
4.42606
4.42352
4.42916
4.43306
4.43158
4.42898
4.42752
4.42830
4.43096
4.43815
4.43800
4.43878
4.44319
4.43789
4.43912
4.44218
4.43790
4.43861
4.44021
4.43881
4.43808
4.43763
4.43675
4.43944
4.44353
4.44739
4.44744
4.44775
4.44778
4.45039
4.45197
4.45302
4.44959
4.44894
