-0.00002
-0.00029
0.00055
-0.00584
0.00207
0.05191
0.06159
0.05432
0.05584
0.05646
0.05480
0.05587
0.05601
0.05539
0.05610
0.06227
0.05801
0.05690
0.05454
0.05357
0.05523
0.05478
0.05670
0.05494
0.05452
0.05670
0.06531
0.06062
0.05347
0.05921
0.06572
0.05673
0.05207
0.05974
0.06622
0.05779
0.05269
0.05347
0.05575
0.05545
0.05565
0.05889
0.05421
0.05358
0.05422
0.05488
0.05745
0.05818
0.05300
0.05468
0.05988
0.05809
0.06301
0.05527
0.05247
0.05529
0.05702
0.06242
0.05533
0.05236
0.05397
0.05728
0.05572
0.05402
0.05490
0.05331
0.05810
0.06614
0.06071
0.05379
0.05364
0.05592
0.05991
0.05706
0.05288
0.05518
0.06238
0.05909
0.05454
0.05731
0.06591
0.06377
0.06187
0.05540
0.05300
0.05542
0.05393
0.05718
0.05674
0.05445
0.05547
0.05706
0.05593
0.05802
0.06631
0.05816
0.06082
0.05515
0.05389
0.05730
