-0.00002
-0.00039
0.00078
-0.00805
0.00315
0.07130
0.08174
0.07047
0.07193
0.07252
0.07262
0.07236
0.07189
0.07083
0.07013
0.07184
0.07249
0.07342
0.07330
0.07046
0.07050
0.07053
0.07064
0.07070
0.07200
0.07076
0.07124
0.07319
0.07249
0.07038
0.07032
0.07104
0.07340
0.07354
0.07190
0.07280
0.07035
0.07162
0.07071
0.06971
0.06932
0.07083
0.07160
0.06963
0.06966
0.07180
0.07294
0.07235
0.07180
0.07254
0.07090
0.06973
0.07113
0.06892
0.07156
0.07385
0.07267
0.07186
0.07104
0.06881
0.06943
0.06914
0.07085
0.07006
0.06958
0.07049
0.07153
0.07038
0.07045
0.07091
0.06932
0.06955
0.06973
0.07137
0.07164
0.07087
0.07126
0.07163
0.06982
0.06827
0.06784
0.06944
0.06836
0.06981
0.07001
0.07036
0.07178
0.06832
0.06874
0.07216
0.07046
0.07046
0.07061
0.07016
0.06892
0.06877
0.06787
0.06786
0.06881
0.06920
