-0.00000
-0.00008
0.00013
-0.00154
-0.00007
0.01523
0.01820
0.01656
0.03833
0.03403
0.01226
0.01421
0.02428
0.01657
0.02646
0.02877
0.01774
0.01852
0.02524
0.02150
0.02045
0.02005
0.02216
0.01519
0.01234
0.01277
0.01495
0.01789
0.01945
0.01833
0.03341
0.02574
0.01332
0.01530
0.01602
0.01499
0.02174
0.02133
0.02598
0.02161
0.01614
0.02104
0.01771
0.01522
0.02289
0.01667
0.01216
0.01740
0.02209
0.01814
0.02390
0.02027
0.02838
0.01805
0.01425
0.03161
0.03466
0.02920
0.02020
0.03168
0.02602
0.01508
0.01569
0.01485
0.03572
0.03556
0.01520
0.01221
0.01345
0.02763
0.03784
0.02251
0.01382
0.01832
0.02496
0.03771
0.01993
0.01369
0.01829
0.01582
0.01435
0.01362
0.01311
0.01386
0.02090
0.01956
0.01161
0.02127
0.03394
0.02622
0.04028
0.04125
0.01501
0.01287
0.03578
0.03485
0.02142
0.02085
0.01454
0.01115
