-0.00195
-0.03329
0.06558
-0.68362
0.26705
6.02431
6.97103
6.22114
6.32069
6.28918
6.28666
6.28381
6.28114
6.28088
6.28007
6.27876
6.27805
6.27667
6.27661
6.27599
6.27298
6.27027
6.26837
6.26883
6.27012
6.26989
6.26846
6.26843
6.26675
6.26546
6.26355
6.26380
6.26424
6.26231
6.26046
6.25936
6.25590
6.25235
6.25292
6.25565
6.25341
6.24955
6.24787
6.24759
6.24830
6.24829
6.24658
6.24504
6.24447
6.24298
6.24137
6.23937
6.23755
6.23841
6.23602
6.23323
6.23420
6.23184
6.23057
6.23074
6.22830
6.22605
6.22509
6.22567
6.22487
6.22164
6.22065
6.22046
6.22006
6.22061
6.21881
6.21840
6.21647
6.21542
6.21200
6.21122
6.21222
6.21091
6.20870
6.20782
6.20752
6.20518
6.20247
6.20262
6.20045
6.19913
6.19846
6.19750
6.19867
6.19547
6.19514
6.19457
6.19315
6.19287
6.19118
6.18971
6.18826
6.18597
6.18464
6.18280
