-0.00156
-0.02657
0.05233
-0.54551
0.21307
4.80741
5.56355
4.96414
5.03807
5.00826
5.00972
5.01332
5.01187
5.00608
5.00415
5.00232
4.99864
4.99658
4.99481
4.99358
4.98986
4.98569
4.98166
4.97752
4.97403
4.97104
4.97040
4.96787
4.96275
4.96046
4.95861
4.95462
4.95330
4.95246
4.95052
4.94883
4.94637
4.94604
4.94291
4.94041
4.93717
4.93497
4.93450
4.93183
4.92962
4.92859
4.92761
4.92547
4.92154
4.91736
4.91391
4.91349
4.91236
4.90918
4.90863
4.90659
4.90452
4.90293
4.90117
4.90110
4.89923
4.89693
4.89513
4.89156
4.88720
4.88525
4.88561
4.88436
4.88330
4.88113
4.87804
4.87559
4.87401
4.87221
4.87068
4.86648
4.86461
4.86399
4.86113
4.85702
4.85456
4.85475
4.85172
4.84822
4.84790
4.84561
4.84366
4.84044
4.83903
4.83859
4.83597
4.83316
4.82985
4.82720
4.82453
4.82131
4.81939
4.81572
4.81233
4.81057
