-0.00038
-0.00651
0.01278
-0.13346
0.05143
1.17719
1.36822
1.21985
1.23873
1.23786
1.23490
1.23389
1.23536
1.25348
1.25296
1.24093
1.24374
1.23706
1.22770
1.22355
1.21810
1.22462
1.22881
1.22660
1.23103
1.23053
1.22376
1.22623
1.23009
1.22482
1.21971
1.22640
1.22355
1.22179
1.22366
1.21519
1.21661
1.21071
1.21397
1.21964
1.21054
1.20657
1.20790
1.21498
1.22004
1.21503
1.21559
1.21122
1.21517
1.23235
1.22723
1.20825
1.20272
1.20573
1.20429
1.20241
1.20142
1.20198
1.20329
1.20002
1.19480
1.19157
1.19437
1.19626
1.20046
1.19857
1.19416
1.19110
1.18377
1.18765
1.18905
1.18969
1.18819
1.18138
1.18332
1.18801
1.18625
1.17653
1.17722
1.18605
1.18949
1.18064
1.18183
1.19094
1.18031
1.17743
1.18224
1.18116
1.17691
1.16897
1.16516
1.17142
1.17136
1.17340
1.17460
1.16980
1.17444
1.17705
1.17522
1.18185
