-0.00127
-0.02167
0.04266
-0.44486
0.17337
3.92089
4.53999
4.05146
4.11820
4.10262
4.10391
4.10119
4.09950
4.10305
4.10382
4.10426
4.10598
4.10814
4.10503
4.10643
4.10925
4.11173
4.11367
4.11404
4.11502
4.11430
4.11650
4.12029
4.12143
4.12261
4.12097
4.12446
4.12274
4.12591
4.12792
4.12510
4.12788
4.12984
4.13088
4.12914
4.12999
4.13479
4.13207
4.13559
4.13876
4.14017
4.14189
4.14332
4.14210
4.14225
4.14519
4.14490
4.14578
4.14802
4.15011
4.15242
4.15107
4.15339
4.15469
4.15318
4.15513
4.15641
4.15763
4.15978
4.16112
4.16131
4.16163
4.16380
4.16607
4.16528
4.16403
4.16874
4.16973
4.16697
4.16734
4.17205
4.17321
4.17292
4.17715
4.17795
4.17465
4.17595
4.17992
4.17918
4.18139
4.18323
4.18285
4.18488
4.18461
4.18466
4.18864
4.19057
4.19064
4.19112
4.19080
4.19345
4.19491
4.19716
4.19488
4.19563
