-0.00017
-0.00296
0.00584
-0.06083
0.02377
0.53622
0.62015
0.55299
0.56005
0.55574
0.56161
0.55833
0.55659
0.56111
0.55831
0.55072
0.54906
0.55381
0.55885
0.55797
0.54839
0.55201
0.55659
0.55224
0.54886
0.55161
0.55291
0.54921
0.55358
0.55040
0.54366
0.54869
0.54944
0.54851
0.54838
0.54409
0.54508
0.54773
0.54536
0.54307
0.54326
0.54768
0.54973
0.54616
0.54217
0.53388
0.53949
0.54842
0.54127
0.53358
0.54013
0.53909
0.53900
0.53839
0.53887
0.54131
0.54197
0.54017
0.53708
0.53781
0.53873
0.53437
0.53090
0.53134
0.53212
0.53805
0.53187
0.53074
0.53259
0.53228
0.53342
0.53050
0.52827
0.53006
0.52730
0.52671
0.53154
0.52510
0.52464
0.52782
0.52799
0.52417
0.52334
0.52458
0.52443
0.52189
0.52035
0.52136
0.52726
0.52427
0.51854
0.52642
0.52857
0.52372
0.52414
0.52053
0.51823
0.51813
0.52036
0.51608
