-0.00094
-0.01612
0.03175
-0.33096
0.12921
2.91700
3.37580
3.01019
3.05726
3.04201
3.03598
3.03376
3.03113
3.02767
3.02795
3.02651
3.02387
3.02023
3.01636
3.01554
3.01512
3.01014
3.00605
3.00719
3.00673
3.00262
3.00079
2.99928
2.99615
2.99447
2.99217
2.98955
2.98596
2.98486
2.98496
2.98015
2.97766
2.97714
2.97358
2.97015
2.96801
2.96596
2.96284
2.96141
2.96077
2.95973
2.95687
2.95272
2.95101
2.95069
2.94533
2.94335
2.94278
2.94134
2.93759
2.93514
2.93396
2.92996
2.92845
2.92668
2.92294
2.92199
2.92002
2.91818
2.91515
2.91337
2.91193
2.90853
2.90596
2.90441
2.90283
2.90062
2.89563
2.89360
2.89275
2.89125
2.88901
2.88559
2.88296
2.88060
2.87929
2.87686
2.87249
2.87066
2.86930
2.86718
2.86685
2.86289
2.86110
2.86062
2.85690
2.85255
2.85005
2.84896
2.84717
2.84281
2.84264
2.84203
2.83941
2.83639
