-0.00000
-0.00007
0.00014
-0.00148
0.00049
0.01320
0.01491
0.01482
0.01836
0.02025
0.02796
0.01679
0.01183
0.01716
0.02264
0.02035
0.04286
0.02486
0.02420
0.05104
0.02432
0.01409
0.02151
0.01871
0.03249
0.02786
0.01588
0.02399
0.01711
0.02168
0.02485
0.02600
0.01610
0.01273
0.02713
0.03369
0.02756
0.01985
0.02661
0.02041
0.02465
0.01721
0.01885
0.02059
0.01344
0.01460
0.02685
0.02210
0.01671
0.03038
0.01625
0.01406
0.01552
0.01772
0.05060
0.03839
0.01393
0.01911
0.01407
0.01412
0.02438
0.01892
0.01336
0.01764
0.02390
0.02097
0.01933
0.01770
0.01985
0.02550
0.02468
0.02176
0.02733
0.03404
0.02615
0.01373
0.01866
0.02193
0.01293
0.01602
0.02647
0.02119
0.01429
0.01803
0.03846
0.03215
0.03722
0.02864
0.01910
0.02822
0.01849
0.01398
0.02302
0.02796
0.04246
0.02560
0.01453
0.01145
0.02012
0.03715
