-0.00190
-0.03252
0.06404
-0.66763
0.26050
5.88373
6.81114
6.07950
6.17610
6.14598
6.14523
6.14400
6.14361
6.14567
6.14584
6.14663
6.14717
6.14711
6.14797
6.14891
6.14822
6.14768
6.14924
6.14990
6.14994
6.14975
6.15052
6.15032
6.15004
6.15111
6.15289
6.15296
6.15318
6.15210
6.15109
6.15297
6.15384
6.15348
6.15164
6.15124
6.15186
6.15230
6.15340
6.15478
6.15410
6.15219
6.15575
6.15615
6.15567
6.15656
6.15613
6.15644
6.15714
6.15749
6.15486
6.15441
6.15538
6.15727
6.15848
6.15845
6.15873
6.15863
6.15879
6.15914
6.15921
6.15947
6.15893
6.16046
6.15941
6.15931
6.16081
6.16064
6.15943
6.16026
6.16144
6.16109
6.16104
6.16258
6.16233
6.16096
6.16200
6.16350
6.16324
6.16369
6.16329
6.16145
6.16350
6.16445
6.16524
6.16436
6.16432
6.16394
6.16288
6.16270
6.16345
6.16515
6.16397
6.16416
6.16522
6.16565
