-0.00141
-0.02402
0.04735
-0.49332
0.19322
4.34709
5.02561
4.48115
4.55085
4.52620
4.51848
4.50790
4.50464
4.50209
4.49539
4.49176
4.48972
4.48850
4.48714
4.48345
4.47626
4.45647
4.43454
4.42415
4.41944
4.41624
4.41154
4.40981
4.40744
4.40414
4.40582
4.40786
4.40805
4.40555
4.40136
4.39946
4.39796
4.39596
4.39458
4.38961
4.38383
4.37993
4.37732
4.37274
4.36686
4.36302
4.35874
4.35534
4.35116
4.34847
4.34838
4.34430
4.34029
4.33610
4.33376
4.33243
4.32843
4.32713
4.32506
4.32093
4.31902
4.31559
4.31267
4.30868
4.30379
4.30082
4.29829
4.29685
4.29523
4.29077
4.28737
4.28310
4.27523
4.26618
4.25820
4.25640
4.25273
4.24782
4.24480
4.24116
4.23713
4.23390
4.23364
4.23520
4.23281
4.22882
4.22577
4.22566
4.22480
4.22164
4.21837
4.21478
4.21163
4.20655
4.19771
4.19342
4.18982
4.18719
4.18430
4.17666
