-0.00003
-0.00047
0.00094
-0.00976
0.00384
0.08590
0.09933
0.08878
0.08978
0.08868
0.08837
0.08958
0.08949
0.08964
0.09493
0.09839
0.09431
0.08821
0.08753
0.08850
0.08917
0.09075
0.09360
0.09240
0.08984
0.09059
0.08864
0.08866
0.09119
0.08855
0.08828
0.08686
0.08928
0.08790
0.09015
0.10175
0.09224
0.09383
0.09093
0.08655
0.08875
0.08982
0.08894
0.09021
0.09940
0.09427
0.09436
0.10721
0.09271
0.08909
0.08778
0.09108
0.10184
0.09124
0.08769
0.08877
0.08759
0.09058
0.09504
0.08929
0.08882
0.08972
0.08832
0.08993
0.09000
0.09279
0.09054
0.08807
0.08902
0.09062
0.09505
0.09090
0.09082
0.09636
0.09523
0.09168
0.08938
0.08736
0.08758
0.08935
0.08804
0.09058
0.09722
0.09005
0.08676
0.09007
0.09382
0.09040
0.08794
0.08943
0.08912
0.08903
0.09481
0.09561
0.09549
0.09483
0.09179
0.09051
0.09379
0.09054
