-0.00105
-0.01796
0.03529
-0.36859
0.14252
3.24863
3.77360
3.38022
3.43722
3.42288
3.42285
3.42727
3.43661
3.44033
3.44121
3.43673
3.43522
3.44192
3.44431
3.44655
3.44626
3.44270
3.44706
3.45288
3.45311
3.45569
3.45696
3.45664
3.45975
3.46356
3.46050
3.45773
3.46354
3.47451
3.48239
3.48578
3.49192
3.49572
3.49232
3.49379
3.50288
3.50361
3.50545
3.50461
3.49764
3.50024
3.50479
3.50779
3.51133
3.51219
3.51400
3.51666
3.52015
3.52102
3.52271
3.52377
3.52273
3.52698
3.53679
3.54398
3.54508
3.54686
3.55080
3.55293
3.55242
3.55760
3.56312
3.56607
3.57396
3.57573
3.56896
3.57097
3.57564
3.57666
3.57908
3.58038
3.58175
3.58765
3.58973
3.59562
3.59783
3.60112
3.60305
3.60092
3.60423
3.61102
3.61288
3.61530
3.61873
3.62017
3.62085
3.62882
3.63686
3.63704
3.63640
3.63911
3.64096
3.64310
3.64152
3.64634
