-0.00029
-0.00489
0.00962
-0.10032
0.03915
0.88430
1.02328
0.91177
0.92618
0.92298
0.92142
0.91829
0.92055
0.92052
0.91705
0.91987
0.92307
0.91777
0.91753
0.91798
0.91831
0.91681
0.91975
0.91866
0.92318
0.91962
0.91334
0.91702
0.91793
0.91782
0.91694
0.91558
0.91500
0.91526
0.91402
0.91617
0.91351
0.91392
0.91758
0.91170
0.91174
0.91295
0.91311
0.91355
0.91663
0.91347
0.91035
0.91361
0.91176
0.90777
0.91070
0.91147
0.91355
0.91359
0.90602
0.90951
0.90975
0.90710
0.91078
0.91375
0.90944
0.90932
0.90531
0.90683
0.91000
0.91229
0.90797
0.90477
0.90464
0.90840
0.90339
0.90287
0.90493
0.90827
0.90752
0.90549
0.90875
0.90721
0.90286
0.90325
0.90393
0.90131
0.90557
0.90706
0.90121
0.90265
0.90583
0.90522
0.90288
0.90280
0.90054
0.90235
0.90324
0.89906
0.89623
0.90027
0.90354
0.89931
0.89883
0.89740
