-0.00062
-0.01067
0.02099
-0.21902
0.08510
1.93092
2.23843
1.99684
2.02452
2.01156
2.00838
2.00678
2.00860
2.00709
2.00583
2.00576
2.00050
2.00013
1.99769
1.99575
1.99800
1.99335
1.99109
1.99494
1.99263
1.98244
1.98163
1.98497
1.98368
1.98169
1.98301
1.98292
1.97851
1.97421
1.97531
1.97613
1.97195
1.97239
1.97204
1.96806
1.96864
1.96886
1.96252
1.96112
1.95831
1.95755
1.95728
1.95394
1.95211
1.95248
1.94928
1.94819
1.94642
1.94446
1.94117
1.94498
1.94194
1.93879
1.93698
1.93576
1.93424
1.93033
1.93107
1.93090
1.92900
1.93006
1.92667
1.92523
1.92678
1.92197
1.91645
1.91311
1.91546
1.91437
1.90974
1.91169
1.91141
1.90777
1.90564
1.90516
1.90599
1.90283
1.90042
1.90074
1.89808
1.89436
1.89447
1.89517
1.88906
1.88612
1.88852
1.88711
1.88553
1.88376
1.87899
1.88057
1.87912
1.87458
1.87369
1.87583
