-0.00042
-0.00714
0.01406
-0.14659
0.05720
1.29182
1.49545
1.33536
1.35709
1.35030
1.34928
1.34865
1.34912
1.35016
1.35048
1.34949
1.34917
1.35006
1.35010
1.35088
1.34923
1.34857
1.35032
1.35086
1.35030
1.35035
1.35130
1.35317
1.35238
1.35104
1.35145
1.35108
1.35232
1.35232
1.35089
1.35287
1.35421
1.35461
1.35364
1.35196
1.35242
1.35229
1.35437
1.35343
1.35167
1.35448
1.35444
1.35535
1.35487
1.35393
1.35441
1.35530
1.35604
1.35606
1.35606
1.35635
1.35654
1.35757
1.35743
1.35784
1.35701
1.35527
1.35662
1.35818
1.35773
1.35860
1.35912
1.35849
1.35824
1.35926
1.35980
1.35884
1.35827
1.35772
1.35663
1.35654
1.35600
1.35637
1.35665
1.35604
1.35685
1.35795
1.35966
1.35922
1.35934
1.36255
1.36230
1.35914
1.36109
1.36288
1.36173
1.36157
1.36197
1.36159
1.36195
1.36143
1.36129
1.36227
1.36244
1.36260
