-0.00156
-0.02657
0.05232
-0.54556
0.21272
4.80781
5.56700
4.97119
5.05356
5.02995
5.02433
5.02290
5.02455
5.02667
5.02695
5.02676
5.02986
5.03057
5.03129
5.03490
5.03083
5.02953
5.03686
5.03711
5.03648
5.03839
5.04099
5.04448
5.04332
5.04184
5.04176
5.04493
5.04857
5.05067
5.05082
5.05131
5.05370
5.05663
5.05708
5.05696
5.05427
5.05424
5.06044
5.06199
5.06001
5.06297
5.06481
5.06756
5.06678
5.06392
5.06599
5.07118
5.07038
5.07230
5.07653
5.07691
5.07881
5.08391
5.08488
5.08653
5.08338
5.08240
5.08495
5.08895
5.08954
5.09194
5.09446
5.09527
5.09250
5.09323
5.09569
5.09376
5.08988
5.08722
5.09025
5.09377
5.09232
5.09382
5.09552
5.09590
5.09978
5.10188
5.10428
5.09775
5.09832
5.11047
5.11163
5.10283
5.11111
5.11818
5.11111
5.11195
5.11927
5.11737
5.11650
5.11617
5.11567
5.11750
5.12374
5.12599
