-0.00051
-0.00866
0.01707
-0.17776
0.06961
1.56671
1.81189
1.60701
1.63792
1.65738
1.61737
1.59850
1.63343
1.63180
1.63787
1.69202
1.68824
1.66833
1.70177
1.70060
1.68471
1.67551
1.66633
1.67703
1.67520
1.67456
1.63297
1.59584
1.63323
1.65765
1.66098
1.63800
1.61731
1.62387
1.63245
1.63675
1.64041
1.62349
1.61600
1.64865
1.66090
1.65434
1.65535
1.63675
1.67151
1.67685
1.64013
1.62150
1.62199
1.61934
1.63958
1.64473
1.63655
1.63711
1.66672
1.67005
1.67210
1.68137
1.67306
1.66820
1.66765
1.65286
1.65833
1.68763
1.69055
1.65152
1.65580
1.67351
1.66500
1.64363
1.63961
1.63346
1.59630
1.57644
1.57769
1.59193
1.63429
1.60064
1.55648
1.58318
1.61181
1.58830
1.57814
1.63757
1.67766
1.63116
1.62674
1.61828
1.58494
1.57722
1.57535
1.57846
1.62247
1.63093
1.61870
1.60217
1.60348
1.61999
1.58170
1.60677
