-0.00103
-0.01751
0.03451
-0.35963
0.14085
3.16843
3.66406
3.27077
3.32150
3.30439
3.30302
3.29738
3.29537
3.30010
3.30317
3.29856
3.29475
3.29676
3.29260
3.28853
3.29338
3.29647
3.29405
3.29145
3.29486
3.29520
3.29126
3.28905
3.29242
3.29676
3.29493
3.29154
3.28821
3.28842
3.28548
3.28619
3.28548
3.28680
3.28729
3.28729
3.28606
3.27906
3.27887
3.28302
3.28066
3.27789
3.27736
3.28003
3.27499
3.27124
3.27513
3.27785
3.27754
3.27789
3.27358
3.27027
3.26994
3.27161
3.27310
3.27117
3.26524
3.27015
3.26870
3.26498
3.26560
3.26678
3.26031
3.26157
3.26901
3.26357
3.26351
3.26436
3.26671
3.26761
3.26125
3.25691
3.25560
3.25894
3.25574
3.25163
3.25444
3.25288
3.25353
3.25533
3.25154
3.25158
3.24965
3.25217
3.25145
3.24723
3.24830
3.25179
3.24840
3.24134
3.23887
3.24939
3.25100
3.24164
3.24081
3.24162
