-0.00004
-0.00072
0.00142
-0.01478
0.00587
0.13015
0.14980
0.13342
0.13434
0.13300
0.13454
0.13284
0.13513
0.13533
0.13577
0.13449
0.13319
0.13628
0.13675
0.13562
0.13504
0.13408
0.13639
0.13662
0.13622
0.13810
0.13484
0.13231
0.13622
0.13535
0.13477
0.13676
0.13850
0.13526
0.13541
0.13792
0.13588
0.13908
0.13763
0.13670
0.13663
0.13791
0.13836
0.13714
0.13754
0.13505
0.13491
0.13658
0.13440
0.13553
0.13620
0.13597
0.13711
0.13621
0.13692
0.14020
0.13834
0.13800
0.13842
0.14184
0.13695
0.13492
0.13566
0.13708
0.13763
0.13901
0.13755
0.13409
0.13477
0.13813
0.13865
0.13769
0.13742
0.13764
0.13661
0.13690
0.13893
0.13888
0.13618
0.13573
0.13703
0.13760
0.13836
0.13772
0.13692
0.13641
0.13529
0.13694
0.13649
0.13762
0.14113
0.13984
0.13947
0.13894
0.13753
0.13629
0.13950
0.13897
0.13881
0.14188
