-0.00045
-0.00776
0.01528
-0.15938
0.06215
1.40457
1.62641
1.45249
1.47566
1.46814
1.46835
1.46865
1.46852
1.46901
1.46971
1.47012
1.47022
1.47046
1.47120
1.47156
1.47140
1.47146
1.47167
1.47217
1.47336
1.47377
1.47403
1.47157
1.47165
1.46986
1.45378
1.44773
1.45138
1.45304
1.45240
1.45279
1.45266
1.45365
1.45282
1.45353
1.45678
1.45730
1.45863
1.46011
1.45592
1.45517
1.45919
1.45889
1.45737
1.45803
1.45923
1.45888
1.45848
1.45965
1.46109
1.46037
1.45525
1.45452
1.45473
1.45439
1.45521
1.45564
1.45502
1.45549
1.45618
1.45632
1.45726
1.45763
1.45810
1.45789
1.45808
1.45903
1.45886
1.45940
1.45955
1.45985
1.46100
1.46117
1.46145
1.46181
1.46240
1.46255
1.46221
1.46225
1.46234
1.46280
1.46304
1.46353
1.46422
1.46428
1.46404
1.46520
1.46544
1.46667
1.46698
1.46682
1.46802
1.46749
1.46708
1.46711
