-0.00001
-0.00011
0.00014
-0.00191
-0.00068
0.02056
0.03299
0.02112
0.01619
0.02044
0.03554
0.03214
0.02120
0.02565
0.02660
0.02861
0.03552
0.02480
0.01770
0.01965
0.02140
0.02173
0.02291
0.02058
0.02361
0.03559
0.02713
0.02020
0.02959
0.02599
0.01928
0.01879
0.02626
0.02587
0.02276
0.02905
0.02255
0.02364
0.02168
0.02584
0.02207
0.02263
0.02532
0.02719
0.02438
0.02260
0.02831
0.03088
0.02390
0.02845
0.02292
0.01973
0.01978
0.02614
0.01913
0.02063
0.03499
0.02386
0.01840
0.01812
0.01948
0.02652
0.02587
0.02652
0.03262
0.02051
0.01971
0.02392
0.02513
0.01844
0.01816
0.02311
0.01763
0.02226
0.03699
0.03373
0.01968
0.02491
0.02028
0.01589
0.01927
0.02702
0.01990
0.01655
0.02115
0.02098
0.01839
0.02224
0.02324
0.02024
0.01736
0.02139
0.02708
0.02004
0.02567
0.01840
0.01570
0.02738
0.03135
0.02491
