-0.00001
-0.00013
0.00023
-0.00259
0.00056
0.02396
0.03066
0.02538
0.02475
0.02457
0.02596
0.02311
0.02480
0.03155
0.02441
0.02108
0.02982
0.03428
0.02444
0.02288
0.02493
0.02711
0.02501
0.02413
0.02495
0.02552
0.02426
0.02527
0.02798
0.02780
0.02336
0.02276
0.02679
0.02553
0.02268
0.02859
0.03127
0.02334
0.02480
0.02407
0.02403
0.02837
0.02361
0.02344
0.02567
0.02337
0.02618
0.02909
0.02445
0.02263
0.02319
0.02470
0.02662
0.02400
0.02156
0.02682
0.03351
0.02469
0.02221
0.02322
0.02391
0.02509
0.02550
0.02626
0.02586
0.02277
0.02675
0.03313
0.02721
0.02569
0.02400
0.02586
0.02515
0.02454
0.02746
0.02374
0.02207
0.02523
0.02372
0.02279
0.02503
0.02398
0.02309
0.02475
0.02776
0.02724
0.02468
0.02355
0.02448
0.02363
0.02594
0.03042
0.02601
0.02478
0.02724
0.02232
0.02335
0.03052
0.02538
0.02285
