-0.00052
-0.00891
0.01757
-0.18295
0.07177
1.61254
1.86210
1.65838
1.68016
1.65884
1.67454
1.69018
1.68258
1.69884
1.70233
1.70056
1.67972
1.65576
1.65325
1.66290
1.67363
1.68306
1.69076
1.68124
1.66991
1.66123
1.65474
1.65418
1.65270
1.65674
1.65627
1.65386
1.64711
1.65174
1.65109
1.65009
1.66073
1.65618
1.64634
1.64192
1.64210
1.64095
1.64157
1.64610
1.64631
1.64696
1.64666
1.64886
1.64999
1.65025
1.65327
1.65111
1.64848
1.64932
1.64738
1.64800
1.65084
1.65035
1.64657
1.65076
1.65100
1.64763
1.65178
1.64847
1.64284
1.65181
1.65590
1.64292
1.63447
1.63403
1.64497
1.65065
1.64164
1.64496
1.64856
1.64757
1.64957
1.65388
1.64887
1.64528
1.64287
1.64152
1.64779
1.65711
1.66087
1.65234
1.64742
1.65480
1.65157
1.64658
1.63565
1.63159
1.63627
1.63802
1.63585
1.63529
1.63662
1.63595
1.64180
1.64720
