-0.00182
-0.03114
0.06132
-0.63935
0.24945
5.63409
6.52301
5.82509
5.91761
5.88719
5.88592
5.88678
5.88388
5.87837
5.88171
5.88256
5.88230
5.88237
5.88082
5.88152
5.87910
5.87900
5.88052
5.87905
5.88030
5.87922
5.87730
5.88000
5.87699
5.87436
5.87249
5.87386
5.87633
5.87375
5.87252
5.87230
5.87318
5.86768
5.86472
5.87297
5.87345
5.87185
5.87082
5.86851
5.86416
5.86647
5.86703
5.86699
5.86584
5.86595
5.86600
5.86568
5.86561
5.86359
5.86314
5.86346
5.86274
5.86179
5.86085
5.86332
5.86138
5.86170
5.86180
5.86025
5.86193
5.85877
5.85637
5.85600
5.85740
5.85790
5.85642
5.85690
5.85707
5.85227
5.85228
5.85320
5.85315
5.85502
5.85382
5.85107
5.85059
5.85202
5.85263
5.85179
5.85189
5.85024
5.84814
5.84683
5.84806
5.84922
5.84683
5.84516
5.84505
5.84482
5.84451
5.84204
5.84384
5.84404
5.83972
5.84137
