-0.00112
-0.01916
0.03772
-0.39330
0.15337
3.46658
4.01328
3.58042
3.63650
3.61706
3.61457
3.61258
3.61071
3.60942
3.60745
3.60396
3.60592
3.60446
3.60188
3.59927
3.59672
3.59771
3.59645
3.59595
3.59439
3.59161
3.59331
3.59136
3.59010
3.58652
3.58364
3.58576
3.58600
3.58485
3.58315
3.58196
3.57839
3.57517
3.57569
3.57307
3.57295
3.57113
3.57063
3.56996
3.56765
3.56657
3.56516
3.56192
3.56103
3.55992
3.55988
3.55792
3.55421
3.55384
3.55359
3.55204
3.55069
3.54939
3.54937
3.54630
3.54404
3.54490
3.54321
3.54098
3.53904
3.53929
3.53856
3.53679
3.53336
3.53221
3.53218
3.52890
3.52552
3.52826
3.52821
3.52537
3.52493
3.52435
3.52070
3.51794
3.51895
3.51641
3.51449
3.51333
3.51153
3.51186
3.50882
3.50635
3.50695
3.50337
3.50233
3.50355
3.50159
3.50000
3.49699
3.49463
3.49200
3.48954
3.48928
3.48997
