-0.00102
-0.01743
0.03433
-0.35784
0.13980
3.15357
3.64863
3.25500
3.30727
3.28960
3.28582
3.28159
3.28049
3.28259
3.28047
3.27830
3.27567
3.27464
3.27323
3.27116
3.26866
3.26669
3.26569
3.26497
3.26494
3.26212
3.25758
3.26074
3.25845
3.25435
3.25392
3.25219
3.25028
3.24937
3.24919
3.24834
3.24601
3.24497
3.24375
3.23997
3.23811
3.23506
3.23431
3.23554
3.23193
3.23127
3.22848
3.22826
3.22787
3.22472
3.22208
3.22177
3.22246
3.22312
3.21737
3.21496
3.21360
3.21283
3.21097
3.20777
3.20732
3.20636
3.20360
3.19964
3.20212
3.20223
3.19645
3.19673
3.19619
3.19609
3.19372
3.18980
3.18900
3.18838
3.18480
3.18715
3.18548
3.18206
3.18226
3.17806
3.17629
3.17417
3.17286
3.17244
3.16900
3.16681
3.16619
3.16525
3.16221
3.15960
3.15836
3.15736
3.15632
3.15540
3.15367
3.15245
3.15058
3.14662
3.14715
3.14597
