-0.00128
-0.02189
0.04310
-0.44938
0.17517
3.96097
4.58566
4.09104
4.15697
4.13485
4.13254
4.13155
4.13196
4.13158
4.12931
4.12879
4.12663
4.12460
4.12215
4.12384
4.12517
4.12373
4.11930
4.12079
4.11811
4.11677
4.11565
4.11515
4.11359
4.11187
4.11398
4.11492
4.11225
4.11183
4.11057
4.10963
4.10612
4.10714
4.10689
4.10618
4.10312
4.10271
4.10507
4.09988
4.09874
4.10102
4.09756
4.09571
4.09762
4.09713
4.09290
4.09065
4.09261
4.09198
4.08890
4.08724
4.08592
4.08661
4.08605
4.08614
4.08503
4.08388
4.08231
4.07930
4.07676
4.07884
4.07993
4.07749
4.07561
4.07734
4.07519
4.07127
4.06932
4.07065
4.07277
4.06856
4.06676
4.07071
4.06525
4.06406
4.06838
4.06488
4.06308
4.06339
4.06084
4.06028
4.06052
4.05983
4.05599
4.05512
4.05378
4.05470
4.05504
4.05124
4.05042
4.05064
4.05038
4.05003
4.04802
4.04785
