-0.00078
-0.01329
0.02615
-0.27284
0.10616
2.40438
2.78660
2.49055
2.53191
2.52294
2.52304
2.52605
2.52929
2.53086
2.53222
2.53545
2.53666
2.53610
2.53887
2.53741
2.54044
2.54248
2.54396
2.54545
2.54441
2.54555
2.54894
2.55113
2.55222
2.55608
2.55918
2.56469
2.56995
2.57439
2.57611
2.57670
2.58243
2.58497
2.58494
2.58658
2.58883
2.59320
2.59506
2.59738
2.60080
2.60013
2.60039
2.60399
2.60641
2.60854
2.61425
2.61647
2.61624
2.62012
2.62453
2.62748
2.63113
2.63595
2.63891
2.64220
2.64497
2.64760
2.65089
2.65436
2.65619
2.66080
2.66826
2.67053
2.67150
2.67738
2.68223
2.68442
2.68734
2.69191
2.69314
2.69603
2.70213
2.70273
2.70551
2.70707
2.70928
2.71357
2.71686
2.71774
2.72032
2.72322
2.72772
2.72551
2.72618
2.72937
2.73010
2.73139
2.73387
2.73910
2.73824
2.73976
2.74126
2.74028
2.74330
2.74796
