-0.00093
-0.01584
0.03116
-0.32513
0.12625
2.86584
3.32336
2.96938
3.01591
3.00269
3.00509
3.00835
3.01274
3.01473
3.01506
3.01796
3.01898
3.02101
3.02250
3.02237
3.02542
3.02591
3.02949
3.03481
3.03468
3.03755
3.03922
3.03833
3.04064
3.04526
3.04646
3.04815
3.05080
3.05284
3.05210
3.05540
3.05771
3.05942
3.06144
3.06268
3.06445
3.06584
3.06985
3.06919
3.06788
3.07207
3.07560
3.07760
3.07887
3.08077
3.08258
3.08483
3.08686
3.08721
3.08897
3.09152
3.09381
3.09479
3.09636
3.09952
3.09997
3.10073
3.10319
3.10258
3.10546
3.10827
3.10814
3.11310
3.11358
3.11256
3.11488
3.11629
3.11593
3.11764
3.12202
3.12944
3.13228
3.13609
3.14038
3.14026
3.14544
3.14996
3.14943
3.15441
3.15870
3.16024
3.16232
3.16648
3.16888
3.17041
3.17343
3.17663
3.17887
3.18167
3.18593
3.18766
3.18948
3.19116
3.19356
3.19588
