-0.00030
-0.00517
0.01020
-0.10617
0.04193
0.93395
1.07788
0.96875
0.98850
0.97843
0.97321
0.97140
0.97564
0.98246
0.98408
0.97860
0.98328
0.97822
0.96702
0.96515
0.96394
0.96050
0.95220
0.95268
0.95278
0.95087
0.95481
0.95449
0.94359
0.95627
0.97118
0.95538
0.95715
0.97294
0.95634
0.94609
0.95033
0.95225
0.94507
0.94274
0.95934
0.98164
0.99560
0.98649
0.96487
0.94523
0.93721
0.93237
0.93559
0.94320
0.94507
0.93863
0.93949
0.93881
0.94666
0.94745
0.93361
0.93717
0.95723
0.94501
0.94665
0.95725
0.93868
0.95157
0.97021
0.96345
0.95451
0.95564
0.95046
0.95031
0.95449
0.95547
0.95365
0.95181
0.95278
0.94614
0.92957
0.94244
0.94442
0.93422
0.93650
0.91816
0.90975
0.91715
0.92218
0.92646
0.91973
0.91822
0.91351
0.90954
0.92901
0.93323
0.92419
0.91994
0.92069
0.92354
0.92372
0.91742
0.90937
0.90569
