-0.00034
-0.00576
0.01141
-0.11858
0.04750
1.04209
1.19983
1.07393
1.08416
1.08459
1.08705
1.08485
1.09397
1.09084
1.08711
1.09619
1.09344
1.08843
1.08600
1.08635
1.08408
1.08436
1.09149
1.09389
1.09004
1.09272
1.09262
1.09036
1.09199
1.09658
1.09244
1.08297
1.07346
1.07598
1.08373
1.07469
1.08276
1.09532
1.09868
1.10487
1.10042
1.09357
1.07636
1.05425
1.06015
1.06956
1.06694
1.06431
1.07132
1.08732
1.07432
1.06996
1.06910
1.06220
1.06566
1.07315
1.07438
1.08009
1.09753
1.09891
1.08975
1.09350
1.08639
1.08443
1.08941
1.09686
1.08535
1.09521
1.09468
1.06698
1.06577
1.09224
1.08977
1.05725
1.05784
1.07314
1.06998
1.06563
1.06721
1.06897
1.06734
1.07490
1.07925
1.08082
1.08549
1.08193
1.08258
1.08495
1.08299
1.07398
1.06932
1.07411
1.07836
1.06102
1.06358
1.07986
1.09033
1.10392
1.08176
1.06701
