-0.00153
-0.02606
0.05130
-0.53495
0.20859
4.71444
5.45909
4.87400
4.95232
4.92983
4.92821
4.92983
4.93185
4.93168
4.93468
4.93469
4.93514
4.93879
4.94033
4.94305
4.94336
4.94342
4.94526
4.94534
4.94795
4.94841
4.94733
4.95029
4.95235
4.95365
4.95450
4.95501
4.95825
4.95992
4.95945
4.96047
4.96183
4.96350
4.96422
4.96504
4.96607
4.96920
4.97097
4.97161
4.97387
4.97467
4.97620
4.97759
4.97695
4.97945
4.98162
4.98311
4.98530
4.98465
4.98611
4.98754
4.98765
4.98835
4.98830
4.99070
4.99161
4.99216
4.99446
4.99486
4.99709
4.99652
4.99911
5.00110
5.00044
5.00405
5.00448
5.00393
5.00615
5.00851
5.01120
5.00964
5.01081
5.01449
5.01411
5.01596
5.01726
5.01880
5.01959
5.01942
5.01995
5.01970
5.02213
5.02444
5.02502
5.02806
5.02849
5.02848
5.02959
5.03181
5.03377
5.03207
5.03329
5.03342
5.03524
5.03989
