-0.00022
-0.00376
0.00740
-0.07712
0.03001
0.68004
0.78730
0.70138
0.71361
0.71007
0.70818
0.70925
0.70956
0.70888
0.70835
0.70894
0.70937
0.70807
0.70764
0.71120
0.70880
0.70909
0.70967
0.70509
0.70681
0.70657
0.70711
0.70941
0.70937
0.70681
0.70791
0.70879
0.70897
0.70856
0.70944
0.70935
0.70840
0.70952
0.70719
0.70598
0.70608
0.70691
0.70655
0.70552
0.70708
0.70712
0.70711
0.70681
0.70796
0.70806
0.70709
0.70806
0.70823
0.70679
0.70782
0.70825
0.70796
0.70628
0.70473
0.70738
0.70660
0.70637
0.70849
0.70496
0.70626
0.70723
0.70633
0.70603
0.70799
0.70722
0.70423
0.70434
0.70492
0.70577
0.70761
0.70399
0.70678
0.70867
0.70660
0.70423
0.70417
0.70568
0.70596
0.70476
0.70599
0.70449
0.70294
0.70478
0.70417
0.70411
0.70608
0.70442
0.70353
0.70585
0.70459
0.70299
0.70263
0.70302
0.70276
0.70429
