-0.00012
-0.00210
0.00414
-0.04318
0.01675
0.38066
0.44160
0.39429
0.40025
0.39957
0.40172
0.40326
0.40248
0.40159
0.40323
0.40504
0.40511
0.40419
0.40512
0.40675
0.40570
0.40849
0.41088
0.41032
0.41178
0.41157
0.40901
0.41134
0.41188
0.41175
0.41237
0.41467
0.41460
0.41733
0.41646
0.41646
0.41699
0.41628
0.41668
0.41920
0.41998
0.42039
0.42197
0.42230
0.42295
0.42288
0.42375
0.42559
0.42416
0.42500
0.42691
0.42727
0.42975
0.43011
0.42865
0.42978
0.43051
0.43397
0.43187
0.42933
0.43266
0.43490
0.43421
0.43138
0.43389
0.43681
0.43505
0.43644
0.43849
0.43951
0.44099
0.44177
0.44019
0.44015
0.44111
0.44082
0.44195
0.44376
0.44422
0.44524
0.44583
0.44719
0.44656
0.44500
0.44600
0.44678
0.44828
0.44954
0.44861
0.44786
0.44858
0.45084
0.45164
0.45437
0.45259
0.45195
0.45652
0.45586
0.45725
0.45662
