-0.00001
-0.00022
0.00039
-0.00431
0.00097
0.03979
0.04989
0.04191
0.03957
0.04667
0.06932
0.04536
0.04404
0.05264
0.04164
0.04124
0.04442
0.04122
0.04169
0.04517
0.04330
0.04243
0.04656
0.04251
0.04444
0.04177
0.04299
0.04859
0.04439
0.04036
0.04458
0.04969
0.04409
0.03938
0.04637
0.06221
0.05456
0.04366
0.04265
0.04430
0.04693
0.05218
0.04763
0.04241
0.04269
0.04042
0.04177
0.04669
0.04665
0.04591
0.04374
0.04292
0.04573
0.04371
0.04208
0.04267
0.04404
0.04277
0.04263
0.04363
0.04266
0.04466
0.05669
0.05842
0.04790
0.05201
0.05983
0.05720
0.04434
0.04383
0.04399
0.04542
0.04697
0.04579
0.04697
0.05299
0.04683
0.05475
0.05058
0.04919
0.04569
0.04378
0.04764
0.04850
0.04578
0.04433
0.04542
0.04434
0.04894
0.06520
0.05025
0.04444
0.04875
0.04435
0.05017
0.05673
0.04591
0.04256
0.06185
0.07611
