-0.00003
-0.00053
0.00105
-0.01089
0.00433
0.09591
0.10894
0.09839
0.10552
0.10062
0.09904
0.09954
0.10030
0.09705
0.09668
0.10102
0.10132
0.09726
0.09433
0.09647
0.10010
0.09661
0.09744
0.10110
0.09752
0.09544
0.09720
0.09592
0.09728
0.09885
0.09643
0.09890
0.10187
0.09800
0.09776
0.09748
0.10614
0.09904
0.09458
0.09687
0.09570
0.10205
0.10723
0.09926
0.09747
0.09591
0.09473
0.09520
0.09742
0.09971
0.09602
0.09393
0.09451
0.09644
0.09890
0.09616
0.09601
0.09929
0.09496
0.09328
0.09673
0.09960
0.09522
0.09432
0.09396
0.09332
0.09546
0.10077
0.10267
0.10223
0.09661
0.09418
0.09730
0.09510
0.09391
0.09571
0.09672
0.09807
0.09295
0.09327
0.09475
0.09430
0.09528
0.09486
0.09508
0.09461
0.09487
0.09482
0.09615
0.09647
0.09527
0.09688
0.09494
0.09526
0.10298
0.09443
0.09188
0.10222
0.09664
0.09489
