-0.00004
-0.00069
0.00136
-0.01412
0.00549
0.12450
0.14210
0.12987
0.14201
0.13280
0.12761
0.13159
0.13384
0.13215
0.13308
0.12988
0.13029
0.13038
0.13123
0.13171
0.13333
0.13023
0.12978
0.13206
0.13228
0.13076
0.13358
0.13454
0.13406
0.13917
0.12906
0.12694
0.13126
0.13271
0.13332
0.13001
0.13046
0.13226
0.13175
0.13050
0.12970
0.13167
0.13606
0.13517
0.13135
0.13122
0.13023
0.13045
0.13572
0.14003
0.13097
0.12932
0.13449
0.13280
0.13273
0.13322
0.13009
0.12948
0.13091
0.13097
0.13228
0.13349
0.13071
0.13476
0.13015
0.13416
0.14241
0.13199
0.13008
0.13359
0.12982
0.13210
0.13800
0.13243
0.12948
0.13157
0.13547
0.13075
0.13244
0.13748
0.13200
0.13300
0.13363
0.13229
0.13237
0.13439
0.13374
0.13104
0.13341
0.13693
0.13348
0.13186
0.13163
0.13166
0.13276
0.13138
0.13353
0.14136
0.13456
0.13650
