-0.00149
-0.02549
0.05018
-0.52338
0.20380
4.61284
5.34317
4.77128
4.84992
4.82829
4.82913
4.83158
4.83485
4.83639
4.83856
4.84144
4.84391
4.84526
4.84782
4.84939
4.85200
4.85433
4.85686
4.85992
4.86175
4.86404
4.86605
4.86902
4.87131
4.87183
4.87426
4.87677
4.87892
4.88270
4.88482
4.88585
4.88769
4.89000
4.89259
4.89415
4.89678
4.90075
4.90175
4.90368
4.90497
4.90667
4.90929
4.91152
4.91470
4.91670
4.91833
4.92097
4.92339
4.92501
4.92757
4.93000
4.93234
4.93375
4.93583
4.93849
4.94170
4.94327
4.94469
4.94739
4.94993
4.95155
4.95446
4.95551
4.95911
4.96006
4.96205
4.96522
4.96690
4.97007
4.97099
4.97223
4.97732
4.97931
4.98087
4.98250
4.98443
4.98805
4.98878
4.99108
4.99414
4.99574
4.99836
4.99974
5.00291
5.00416
5.00578
5.00919
5.01224
5.01431
5.01535
5.01739
5.01954
5.02197
5.02533
5.02846
