-0.00113
-0.01928
0.03798
-0.39593
0.15455
3.48972
4.03853
3.60140
3.65598
3.63740
3.63996
3.63458
3.63123
3.62975
3.62831
3.62634
3.62236
3.61767
3.61570
3.61716
3.61506
3.61391
3.61153
3.60692
3.60430
3.59954
3.59381
3.59471
3.59366
3.59165
3.59391
3.59144
3.58819
3.58557
3.58533
3.58274
3.57989
3.57657
3.57263
3.57195
3.56914
3.56519
3.56449
3.56552
3.56297
3.56275
3.55960
3.55358
3.55413
3.55133
3.54938
3.54987
3.54413
3.54361
3.54642
3.54238
3.54111
3.54057
3.54094
3.53850
3.53133
3.52518
3.52466
3.52610
3.52613
3.52176
3.52032
3.51769
3.51291
3.50767
3.51061
3.51028
3.50566
3.50025
3.49989
3.49533
3.49218
3.48893
3.48290
3.48312
3.48324
3.47626
3.47478
3.47292
3.47140
3.46818
3.46768
3.46780
3.46428
3.46330
3.46010
3.45867
3.45618
3.45562
3.45379
3.44822
3.44381
3.44400
3.44415
3.44337
