-0.00140
-0.02390
0.04707
-0.49066
0.19166
4.32375
5.00402
4.46562
4.53557
4.51334
4.50717
4.50746
4.50739
4.50450
4.50380
4.50383
4.50113
4.49929
4.49822
4.49658
4.49718
4.49524
4.49331
4.48990
4.48729
4.48718
4.48672
4.48412
4.48292
4.48246
4.48031
4.48019
4.47925
4.47687
4.47512
4.47441
4.47167
4.46782
4.46615
4.46534
4.46870
4.46896
4.46446
4.46396
4.46593
4.46061
4.45967
4.45988
4.45686
4.45571
4.45291
4.45065
4.45195
4.45019
4.44704
4.44616
4.44606
4.44563
4.44560
4.44449
4.44203
4.43865
4.44019
4.43995
4.43554
4.43363
4.43260
4.43233
4.43115
4.42897
4.42410
4.42656
4.42370
4.42146
4.42095
4.42088
4.41622
4.40894
4.41127
4.40926
4.40526
4.40366
4.40258
4.40016
4.39905
4.39896
4.39910
4.39419
4.39116
4.39460
4.39272
4.38952
4.38630
4.38447
4.38277
4.38105
4.38115
4.38124
4.38101
4.38147
