-0.00154
-0.02630
0.05179
-0.53993
0.21089
4.75736
5.50652
4.91893
4.99717
4.96929
4.96653
4.96943
4.97390
4.97768
4.98117
4.97625
4.97333
4.97549
4.98018
4.97866
4.97471
4.97102
4.96689
4.96951
4.97388
4.98025
4.98275
4.98126
4.98960
4.98484
4.97955
4.98633
4.98501
4.98932
4.98353
4.97941
4.98260
4.98005
4.98072
4.98396
4.98084
4.98652
4.98829
4.99185
4.99766
4.99525
4.99636
4.99568
4.99509
4.98890
4.99241
4.99863
4.99505
4.99405
5.00206
5.00236
4.99052
4.99339
4.99731
4.99590
5.00169
4.99966
5.00270
5.00709
5.00609
5.00359
5.00826
5.00784
5.00527
5.00371
5.00365
5.00714
5.00278
5.00536
5.00214
5.00837
5.00654
5.00241
5.00959
5.01087
5.01004
5.00445
5.00533
5.00550
5.00783
5.01992
5.01590
5.00703
5.00985
5.01222
5.01169
5.01605
5.01268
5.01017
5.01172
5.01649
5.01327
5.00213
5.00195
5.00964
