-0.00141
-0.02402
0.04734
-0.49333
0.19299
4.34674
5.02868
4.48896
4.55728
4.53140
4.52953
4.52822
4.52615
4.52296
4.51790
4.51644
4.51531
4.51331
4.50959
4.50808
4.50773
4.50397
4.49953
4.49903
4.50055
4.49941
4.49331
4.48931
4.48979
4.48682
4.48533
4.48329
4.48155
4.47928
4.47582
4.47336
4.47211
4.46849
4.46508
4.46349
4.46258
4.46086
4.45959
4.45581
4.45464
4.45235
4.44883
4.44795
4.44598
4.44615
4.44323
4.43766
4.43689
4.43378
4.43045
4.43170
4.43247
4.42958
4.42657
4.42356
4.42238
4.42219
4.42050
4.41561
4.41337
4.41427
4.41179
4.40903
4.40537
4.40154
4.40179
4.40018
4.39992
4.39994
4.39447
4.39255
4.39484
4.39081
4.38410
4.38223
4.38222
4.37966
4.37609
4.37236
4.37185
4.37019
4.36855
4.36629
4.36207
4.35925
4.35485
4.35353
4.35432
4.35160
4.34982
4.34769
4.34376
4.34431
4.34093
4.33814
