-0.00100
-0.01716
0.03378
-0.35226
0.13735
3.10454
3.59452
3.20902
3.26178
3.24218
3.23286
3.23246
3.22834
3.22152
3.22088
3.21276
3.21195
3.21189
3.21127
3.20879
3.20620
3.20056
3.19472
3.18884
3.18668
3.18625
3.18074
3.17736
3.17736
3.17473
3.16366
3.15934
3.15781
3.15640
3.15808
3.15899
3.15139
3.15195
3.15229
3.14798
3.14303
3.13823
3.13575
3.13154
3.12640
3.12072
3.11497
3.11055
3.11081
3.10810
3.10227
3.09871
3.09772
3.09634
3.09185
3.08603
3.08247
3.08158
3.08519
3.08673
3.08483
3.08067
3.07526
3.07163
3.06898
3.06767
3.06496
3.06444
3.06404
3.05853
3.06002
3.06325
3.05457
3.04582
3.04403
3.04226
3.03675
3.03224
3.03518
3.03464
3.03027
3.02566
3.02442
3.02278
3.01688
3.01423
3.01295
3.00823
3.01137
3.01256
3.00468
2.99424
2.98759
2.98733
2.98791
2.98750
2.98248
2.97864
2.97499
2.97170
