-0.00020
-0.00334
0.00668
-0.06867
0.02834
0.60714
0.68254
0.58183
0.59001
0.58125
0.58751
0.58911
0.58349
0.59764
0.59040
0.64405
0.63223
0.59422
0.58100
0.57183
0.57446
0.58749
0.60474
0.62861
0.61619
0.58657
0.59296
0.60589
0.59724
0.58672
0.64234
0.65660
0.65845
0.64998
0.60689
0.58568
0.60869
0.57403
0.57041
0.58771
0.59562
0.61363
0.60799
0.61301
0.59800
0.60564
0.65051
0.66100
0.63608
0.63185
0.64681
0.65203
0.63594
0.62471
0.62464
0.64618
0.65297
0.63263
0.57670
0.53799
0.56793
0.56692
0.58100
0.59413
0.58126
0.57101
0.57087
0.55857
0.56240
0.57058
0.53514
0.48800
0.53105
0.56605
0.55680
0.56707
0.57740
0.58014
0.56058
0.54137
0.54689
0.55068
0.54135
0.53566
0.55471
0.55159
0.53563
0.53676
0.51069
0.47814
0.49163
0.55656
0.59551
0.56298
0.53508
0.52549
0.53818
0.54258
0.55524
0.55293
