-0.00043
-0.00734
0.01445
-0.15062
0.05864
1.32794
1.53730
1.36928
1.39637
1.39022
1.37873
1.39305
1.39729
1.39633
1.40058
1.40771
1.41177
1.41145
1.40769
1.41024
1.41547
1.41608
1.42179
1.42145
1.40411
1.41209
1.42825
1.42783
1.42705
1.42683
1.43389
1.43823
1.43730
1.43492
1.43356
1.44306
1.44453
1.44864
1.45431
1.45666
1.45890
1.45941
1.45747
1.45675
1.46184
1.46723
1.46784
1.47002
1.47571
1.47711
1.47737
1.48183
1.48508
1.48767
1.48978
1.49262
1.49504
1.49401
1.49374
1.49881
1.50268
1.50562
1.50755
1.50800
1.51058
1.51368
1.51128
1.50849
1.51177
1.51340
1.51698
1.51919
1.50856
1.51564
1.52665
1.52417
1.52420
1.52888
1.53383
1.53567
1.53885
1.54856
1.54354
1.52382
1.53883
1.55980
1.54912
1.54166
1.54751
1.56781
1.57112
1.55588
1.56633
1.56939
1.57364
1.57237
1.57093
1.57599
1.57923
1.58327
