-0.00045
-0.00777
0.01518
-0.15952
0.06113
1.39923
1.64849
1.52464
1.54149
1.45785
1.33435
1.45759
1.56212
1.52605
1.51932
1.49472
1.45162
1.49142
1.50993
1.50974
1.45048
1.57847
1.43592
0.51342
0.64533
1.33820
1.53374
1.54943
1.53581
1.51544
1.51846
1.56399
1.52290
1.22661
1.17719
1.23628
1.53531
1.57409
1.53541
1.49262
1.41398
1.50035
1.53176
1.55046
1.55231
1.52912
1.53680
1.49897
1.49083
1.49798
1.48767
1.46411
1.45635
1.47189
1.49155
1.42223
1.25840
1.45097
1.51353
1.45687
1.45724
1.47280
1.47222
1.44829
1.46039
1.48141
1.52137
1.57083
1.61379
1.58642
1.56184
1.56171
1.29428
1.09356
1.33295
1.29450
1.51330
1.58196
1.56798
1.59504
1.54162
1.56909
1.49073
0.87862
1.11349
1.47038
1.14649
0.89287
0.79914
0.95828
1.14628
1.46443
1.53398
1.51831
1.47876
1.49894
1.53566
1.52916
1.53166
1.49511
