-0.00154
-0.02621
0.05162
-0.53818
0.20996
4.74261
5.49108
4.90322
4.98103
4.95700
4.95623
4.95626
4.95704
4.95626
4.95771
4.95885
4.95861
4.95860
4.95771
4.95888
4.96093
4.96121
4.96257
4.96270
4.96276
4.96249
4.96163
4.96109
4.96159
4.96190
4.96322
4.96323
4.96318
4.96379
4.96374
4.96429
4.96444
4.96602
4.96676
4.96661
4.96823
4.96876
4.96864
4.96927
4.97031
4.97211
4.97204
4.97084
4.97161
4.97229
4.97186
4.97319
4.97399
4.97408
4.97456
4.97538
4.97585
4.97611
4.97506
4.97496
4.97569
4.97635
4.97637
4.97659
4.97690
4.97489
4.97484
4.97786
4.97915
4.98044
4.98172
4.98224
4.98301
4.98240
4.98263
4.98317
4.98279
4.98161
4.98202
4.98433
4.98587
4.98519
4.98598
4.98559
4.98511
4.98591
4.98669
4.98697
4.98760
4.98851
4.98618
4.98588
4.98727
4.98846
4.98909
4.98989
4.99109
4.99076
4.99036
4.99064
