-0.00004
-0.00071
0.00138
-0.01461
0.00533
0.12873
0.15241
0.14018
0.14783
0.14719
0.14092
0.14601
0.14484
0.14159
0.13673
0.14319
0.14789
0.13681
0.14466
0.15303
0.14111
0.13173
0.14794
0.15197
0.14586
0.14094
0.14079
0.13918
0.14101
0.14671
0.14291
0.14461
0.14654
0.14903
0.14345
0.14346
0.14767
0.13341
0.13127
0.13766
0.14087
0.13983
0.14154
0.13738
0.14230
0.14111
0.14079
0.14079
0.15047
0.14400
0.14749
0.13573
0.14141
0.14045
0.13296
0.13499
0.13090
0.13987
0.13089
0.13848
0.14965
0.13126
0.14328
0.14518
0.14774
0.15447
0.14576
0.13503
0.14357
0.13876
0.13286
0.14611
0.14655
0.14819
0.14759
0.15058
0.14595
0.14043
0.13977
0.14470
0.14271
0.14327
0.13197
0.14110
0.15740
0.14718
0.14020
0.14309
0.12903
0.14067
0.14379
0.14834
0.14575
0.14320
0.13602
0.14071
0.13910
0.14325
0.14177
0.14571
