-0.00145
-0.02478
0.04879
-0.50870
0.19846
4.48261
5.18914
4.63607
4.71700
4.69307
4.69098
4.69783
4.69641
4.69592
4.70318
4.70526
4.70807
4.70001
4.70223
4.70939
4.71150
4.71063
4.71157
4.71547
4.71661
4.71276
4.71546
4.72851
4.73189
4.72097
4.72771
4.73468
4.73485
4.73912
4.73769
4.73932
4.73848
4.73726
4.74159
4.74275
4.75014
4.75313
4.74628
4.74974
4.75754
4.75440
4.75302
4.75469
4.76481
4.76225
4.76034
4.76078
4.76368
4.76550
4.77222
4.77199
4.77065
4.77948
4.77888
4.77796
4.78098
4.77679
4.78732
4.78490
4.78531
4.79456
4.79062
4.78928
4.79082
4.79202
4.80101
4.80442
4.80556
4.80313
4.79912
4.80696
4.81149
4.80777
4.81734
4.81895
4.81683
4.81861
4.82096
4.82166
4.81711
4.82332
4.82292
4.82628
4.82569
4.82944
4.83798
4.83281
4.83441
4.83687
4.84021
4.84512
4.84221
4.84296
4.85049
4.85122
