-0.00099
-0.01688
0.03323
-0.34650
0.13514
3.05370
3.53518
3.15639
3.20873
3.19244
3.19351
3.19570
3.19482
3.19956
3.20263
3.20446
3.20660
3.20619
3.20649
3.21183
3.21200
3.21060
3.21621
3.21955
3.21740
3.22019
3.22167
3.22212
3.22457
3.22892
3.22831
3.23032
3.23501
3.23519
3.23489
3.23490
3.23823
3.23730
3.23997
3.24676
3.24753
3.24677
3.24967
3.25124
3.25524
3.25473
3.25493
3.25740
3.25797
3.25822
3.26370
3.26382
3.26582
3.26630
3.26578
3.26990
3.27087
3.27402
3.27507
3.27677
3.28027
3.28367
3.28262
3.28278
3.28791
3.28919
3.29146
3.29172
3.29203
3.29711
3.29290
3.29670
3.30087
3.30174
3.30260
3.30398
3.30777
3.30834
3.30769
3.30699
3.31251
3.31772
3.31418
3.31725
3.32247
3.32440
3.32224
3.32193
3.32480
3.32868
3.32902
3.33203
3.33437
3.33248
3.33157
3.33773
3.34190
3.34125
3.33979
3.34089
