-0.00009
-0.00155
0.00309
-0.03199
0.01310
0.28079
0.32073
0.28662
0.29128
0.29146
0.28898
0.28540
0.28662
0.29127
0.29056
0.28979
0.28962
0.28793
0.29112
0.29060
0.28996
0.28769
0.28689
0.29125
0.29189
0.28773
0.29025
0.29040
0.29056
0.29047
0.28862
0.28630
0.28944
0.28912
0.29222
0.29119
0.29056
0.29023
0.28779
0.28474
0.28362
0.28686
0.29046
0.29262
0.29060
0.28980
0.29431
0.29272
0.29484
0.28916
0.28862
0.29132
0.28596
0.28624
0.29113
0.29203
0.28765
0.28497
0.29153
0.29504
0.30188
0.29053
0.28658
0.29205
0.28783
0.29262
0.30163
0.28790
0.28834
0.29729
0.29198
0.29114
0.28744
0.28587
0.28842
0.29009
0.28724
0.28809
0.29269
0.28903
0.29099
0.29173
0.29214
0.28586
0.28741
0.29437
0.29232
0.29073
0.28445
0.28662
0.29264
0.28862
0.28933
0.28976
0.29076
0.28634
0.28567
0.29067
0.28734
0.28893
