-0.00143
-0.02444
0.04813
-0.50179
0.19600
4.42119
5.11745
4.57162
4.64568
4.62290
4.62111
4.62401
4.62878
4.63208
4.63392
4.63638
4.63768
4.63384
4.63424
4.64441
4.64922
4.65191
4.65238
4.65239
4.65350
4.65691
4.65454
4.65341
4.65694
4.66470
4.66557
4.66596
4.67184
4.67275
4.67104
4.67178
4.67335
4.66963
4.67280
4.67658
4.67744
4.67843
4.68666
4.69623
4.69692
4.69412
4.69199
4.68978
4.69715
4.70136
4.70188
4.70558
4.70488
4.70430
4.71115
4.71949
4.71789
4.71614
4.71682
4.71639
4.71904
4.71321
4.71666
4.72295
4.72326
4.72158
4.71916
4.72870
4.72810
4.72943
4.73484
4.73452
4.73360
4.73286
4.73579
4.74062
4.74000
4.74250
4.74963
4.75095
4.75061
4.75101
4.75386
4.75007
4.74721
4.75478
4.75553
4.75430
4.75840
4.76203
4.76439
4.76777
4.77030
4.77187
4.77718
4.77796
4.77498
4.78139
4.78326
4.78018
