-0.00043
-0.00733
0.01439
-0.15035
0.05802
1.32571
1.54004
1.37744
1.40027
1.39429
1.39783
1.39951
1.40087
1.40328
1.40824
1.40792
1.40743
1.40860
1.41134
1.41728
1.42099
1.42127
1.42218
1.42459
1.42540
1.43002
1.43096
1.43247
1.43344
1.43738
1.44043
1.43977
1.44368
1.44814
1.45065
1.44967
1.45053
1.45257
1.45504
1.45608
1.45340
1.45728
1.46619
1.46954
1.47197
1.47340
1.47149
1.47266
1.47610
1.48304
1.48357
1.48243
1.48489
1.48343
1.48626
1.49088
1.49397
1.49699
1.49777
1.50033
1.49809
1.49773
1.50368
1.50783
1.50917
1.51117
1.51235
1.51939
1.52072
1.51987
1.52188
1.52238
1.52331
1.52103
1.52577
1.52808
1.53030
1.53373
1.53606
1.54120
1.54355
1.54517
1.54345
1.54368
1.54785
1.54895
1.54905
1.55183
1.55479
1.55837
1.56199
1.56290
1.56166
1.56746
1.57154
1.57073
1.56956
1.57208
1.57271
1.57920
