-0.00047
-0.00803
0.01581
-0.16485
0.06385
1.45461
1.68145
1.49523
1.54438
1.55961
1.56626
1.54595
1.52010
1.51506
1.48580
1.51306
1.55687
1.58494
1.56880
1.52156
1.50695
1.51138
1.51924
1.50644
1.49973
1.50678
1.52515
1.52476
1.52876
1.52354
1.52002
1.53148
1.51455
1.50238
1.50824
1.53960
1.54632
1.55670
1.55773
1.57010
1.60823
1.58156
1.52516
1.49476
1.49348
1.50936
1.54642
1.56065
1.53037
1.50416
1.51459
1.54062
1.56967
1.57680
1.56276
1.50408
1.49092
1.51994
1.55298
1.53885
1.53542
1.55726
1.55571
1.54158
1.55839
1.56197
1.55468
1.54155
1.56126
1.54714
1.51810
1.54242
1.59609
1.62219
1.61367
1.61972
1.59543
1.57164
1.55280
1.52967
1.54467
1.56904
1.59833
1.60962
1.62360
1.62326
1.61839
1.63847
1.62787
1.61170
1.61156
1.61578
1.61997
1.58502
1.56014
1.56531
1.61418
1.62487
1.63028
1.61041
