-0.00058
-0.00984
0.01939
-0.20190
0.07844
1.78491
2.06107
1.80400
1.87148
1.86342
1.62961
1.06568
0.68763
1.17254
0.95300
1.09805
0.33196
0.50213
1.29811
1.60018
1.69819
1.84829
1.93421
1.50090
0.97988
1.57593
1.17356
0.88469
1.39639
1.26997
0.75401
1.70008
1.17418
0.98587
1.83037
1.98407
1.82412
1.67039
1.80203
0.86964
0.11509
0.60300
0.88823
1.79422
1.93526
1.76272
1.86588
1.79418
1.52852
1.81446
1.89887
1.80222
1.70184
1.93036
1.94894
1.17875
0.69481
1.50673
1.83414
1.41811
1.60068
1.82455
1.85505
1.87058
2.01855
1.80679
0.89695
1.15004
1.90417
1.97310
1.86085
1.85145
1.84156
1.88147
1.85171
1.40035
1.28508
1.81404
1.92435
1.87214
1.85547
1.99608
1.82975
0.67150
0.63954
1.65200
1.86461
1.70989
1.78229
1.83622
1.78075
1.80248
1.82522
1.81507
1.82270
1.78012
1.78145
1.88380
1.87454
1.83282
