-0.00043
-0.00731
0.01431
-0.14998
0.05764
1.31792
1.54494
1.41031
1.41720
1.40613
1.41871
1.43091
1.42218
1.40553
1.42047
1.46088
1.46538
1.45925
1.47075
1.46770
1.43469
1.41415
1.39259
1.37509
1.42329
1.48572
1.42977
1.39834
1.41637
1.44791
1.46783
1.45851
1.44286
1.44366
1.44003
1.42707
1.43246
1.44354
1.42771
1.43098
1.45089
1.46328
1.44529
1.41572
1.43353
1.44760
1.43443
1.42264
1.43007
1.44135
1.46340
1.46270
1.45635
1.41892
1.40298
1.41167
1.42121
1.41782
1.42709
1.42039
1.40206
1.43175
1.42644
1.38696
1.40205
1.40513
1.41531
1.44210
1.46266
1.45867
1.44043
1.44201
1.44212
1.44892
1.45303
1.44258
1.43541
1.44790
1.44338
1.43506
1.43878
1.44287
1.44951
1.47294
1.48277
1.45654
1.42502
1.44537
1.46312
1.46338
1.46129
1.43835
1.42537
1.42510
1.44054
1.43796
1.41889
1.44972
1.45407
1.43713
