-0.00156
-0.02663
0.05244
-0.54682
0.21320
4.81858
5.58055
4.98606
5.06587
5.03887
5.03825
5.04303
5.04892
5.05079
5.04465
5.04427
5.04370
5.04373
5.04449
5.04492
5.05041
5.05397
5.05651
5.05428
5.05343
5.05608
5.06077
5.06293
5.06556
5.06703
5.06684
5.06786
5.06923
5.07037
5.07123
5.07020
5.07094
5.07562
5.07626
5.07577
5.07748
5.07674
5.07498
5.07530
5.08049
5.08679
5.09006
5.09081
5.09154
5.08964
5.09089
5.09176
5.09241
5.10200
5.10072
5.09918
5.10605
5.10668
5.10548
5.10521
5.10820
5.10858
5.10695
5.11033
5.11575
5.11867
5.11684
5.12050
5.12414
5.12320
5.12226
5.12364
5.12391
5.12422
5.12873
5.13250
5.12913
5.13316
5.13989
5.13986
5.13721
5.13624
5.13737
5.13812
5.13955
5.13897
5.13853
5.14341
5.14450
5.14308
5.14417
5.14681
5.14711
5.14566
5.14571
5.14968
5.15482
5.15569
5.15511
5.15641
