-0.00039
-0.00659
0.01296
-0.13529
0.05228
1.19329
1.38412
1.23525
1.26028
1.25422
1.25411
1.25698
1.25163
1.25487
1.25511
1.26921
1.26423
1.26614
1.27437
1.27847
1.28030
1.28096
1.28175
1.28355
1.28189
1.28333
1.28834
1.29162
1.29373
1.29357
1.29787
1.30369
1.30381
1.30659
1.31079
1.31101
1.31363
1.31755
1.31935
1.31763
1.31686
1.32285
1.32557
1.32614
1.32811
1.33186
1.33400
1.33364
1.33830
1.33986
1.34503
1.35017
1.34742
1.34774
1.34717
1.34900
1.35176
1.35753
1.35846
1.35856
1.36049
1.36217
1.36375
1.36365
1.36840
1.36971
1.36922
1.36838
1.37802
1.37823
1.38202
1.39100
1.39375
1.38822
1.39166
1.39405
1.39461
1.39796
1.40222
1.40558
1.40732
1.40647
1.40854
1.41572
1.42043
1.42021
1.42082
1.42060
1.42661
1.43025
1.42608
1.42846
1.43212
1.42562
1.42225
1.42243
1.42742
1.43195
1.43186
1.43288
