-0.00111
-0.01900
0.03738
-0.39001
0.15168
3.43715
3.98386
3.56080
3.61856
3.60108
3.60247
3.60461
3.60554
3.60750
3.60734
3.60796
3.60759
3.61038
3.61787
3.61937
3.61959
3.62227
3.62347
3.62406
3.62553
3.62789
3.63066
3.63497
3.63435
3.63444
3.63944
3.64059
3.64484
3.64967
3.64810
3.64993
3.65212
3.65209
3.65310
3.65426
3.65629
3.65791
3.65907
3.66105
3.66071
3.66436
3.66860
3.66996
3.67289
3.67350
3.67512
3.67706
3.67522
3.67605
3.67959
3.68365
3.68723
3.68940
3.68821
3.69152
3.69846
3.69384
3.69247
3.69581
3.69991
3.70478
3.71174
3.71404
3.71139
3.71592
3.71494
3.72003
3.72211
3.71988
3.72479
3.72403
3.72537
3.73054
3.72873
3.73058
3.73588
3.73538
3.73586
3.73904
3.73952
3.74017
3.74444
3.74526
3.74552
3.75088
3.74971
3.74767
3.74981
3.75512
3.75928
3.76387
3.76417
3.76091
3.76017
3.76121
