-0.00012
-0.00211
0.00414
-0.04326
0.01658
0.38204
0.44466
0.39437
0.39817
0.39845
0.39722
0.39975
0.40567
0.39970
0.39845
0.40161
0.39919
0.39807
0.40245
0.40453
0.39917
0.40175
0.39779
0.39779
0.40204
0.39720
0.39894
0.40178
0.40432
0.40827
0.40259
0.40100
0.40501
0.40354
0.39635
0.40240
0.40257
0.40115
0.40628
0.40496
0.39714
0.40132
0.40430
0.40256
0.40370
0.40489
0.40443
0.39918
0.40267
0.40661
0.39954
0.40294
0.40444
0.40528
0.40314
0.40298
0.40542
0.40493
0.40468
0.40574
0.40422
0.40568
0.40214
0.40424
0.40571
0.40019
0.40221
0.40691
0.40629
0.40342
0.40608
0.40427
0.40673
0.41035
0.40444
0.40348
0.40567
0.40794
0.40725
0.40660
0.41160
0.41544
0.41263
0.40663
0.40998
0.41036
0.40562
0.40879
0.41314
0.40709
0.41002
0.40789
0.40535
0.40229
0.40695
0.40860
0.40836
0.40756
0.40548
0.40650
