-0.00229
-0.03906
0.07691
-0.80184
0.31279
7.06662
8.18106
7.30225
7.41833
7.38157
7.37947
7.37973
7.37961
7.37917
7.37911
7.37855
7.37813
7.37802
7.37782
7.37804
7.37801
7.37835
7.37914
7.38012
7.38055
7.38004
7.37936
7.37919
7.37902
7.37913
7.37920
7.37915
7.37901
7.37914
7.37921
7.37889
7.37884
7.37901
7.37903
7.37907
7.37908
7.37910
7.37912
7.37903
7.37905
7.37895
7.37910
7.37906
7.37907
7.37904
7.37896
7.37901
7.37893
7.37886
7.37887
7.37907
7.37915
7.37930
7.37933
7.37936
7.37941
7.37932
7.37917
7.37954
7.37967
7.37991
7.37957
7.37890
7.37853
7.37804
7.37791
7.37778
7.37773
7.37808
7.37838
7.37897
7.37982
7.38032
7.38006
7.37952
7.37919
7.37901
7.37906
7.37900
7.37918
7.37907
7.37900
7.37932
7.37889
7.37888
7.37906
7.37893
7.37897
7.37900
7.37918
7.37916
7.37893
7.37899
7.37899
7.37910
