-0.00000
-0.00005
0.00007
-0.00088
-0.00010
0.00876
0.01317
0.01025
0.00927
0.00979
0.01082
0.00973
0.01271
0.01152
0.01635
0.00921
0.00632
0.01338
0.01843
0.01233
0.01601
0.01768
0.00866
0.00667
0.00928
0.01194
0.01369
0.00832
0.01090
0.01344
0.00830
0.00763
0.01230
0.01565
0.01311
0.01366
0.01066
0.00753
0.00907
0.01045
0.01879
0.01499
0.01573
0.00913
0.00789
0.00825
0.01024
0.00978
0.00821
0.01119
0.00798
0.00877
0.01411
0.01766
0.02187
0.00979
0.00917
0.00770
0.00565
0.01310
0.02254
0.01652
0.01416
0.01271
0.00941
0.00714
0.00807
0.00813
0.00623
0.00928
0.01744
0.00799
0.00704
0.01712
0.01298
0.00775
0.00752
0.01313
0.01319
0.00932
0.00952
0.00960
0.01248
0.02274
0.01137
0.00679
0.00840
0.01380
0.01553
0.00705
0.01237
0.02194
0.01091
0.01005
0.02506
0.01694
0.00732
0.00714
0.01066
0.02111
