-0.00197
-0.03371
0.06637
-0.69201
0.26992
6.09811
7.06094
6.30671
6.40809
6.37570
6.37638
6.38146
6.38102
6.38146
6.38575
6.38504
6.38488
6.38344
6.38526
6.38622
6.38905
6.39167
6.39035
6.38640
6.39169
6.39450
6.39564
6.39354
6.39397
6.39664
6.39953
6.40295
6.40447
6.40497
6.40453
6.40137
6.40539
6.40737
6.40773
6.40348
6.40387
6.40688
6.40416
6.40510
6.40883
6.40853
6.40953
6.41073
6.41233
6.41182
6.41261
6.41719
6.41966
6.41410
6.41187
6.41252
6.41872
6.41865
6.41738
6.42104
6.42246
6.42320
6.42446
6.42668
6.42752
6.42788
6.42929
6.42849
6.42952
6.42959
6.42559
6.42911
6.43097
6.43165
6.43106
6.43123
6.43551
6.43523
6.43320
6.43407
6.43402
6.43524
6.43662
6.43514
6.43585
6.43596
6.43760
6.43837
6.43751
6.44029
6.43875
6.43923
6.44093
6.43993
6.43695
6.44152
6.44572
6.44317
6.44314
6.44601
