-0.00135
-0.02300
0.04529
-0.47218
0.18432
4.16044
4.81628
4.30355
4.37346
4.34978
4.35300
4.35798
4.35687
4.35899
4.36418
4.36399
4.36686
4.36679
4.36508
4.36325
4.36503
4.36771
4.36534
4.36129
4.36659
4.36847
4.36835
4.36790
4.36878
4.37060
4.37457
4.37909
4.38192
4.38334
4.38466
4.38114
4.38435
4.38781
4.38899
4.38691
4.38627
4.38836
4.38796
4.39112
4.39208
4.39115
4.39562
4.39818
4.39893
4.39750
4.39995
4.40616
4.40905
4.40695
4.40623
4.40873
4.41316
4.41197
4.41428
4.41822
4.41999
4.41963
4.42308
4.42543
4.42506
4.42630
4.42999
4.43176
4.43086
4.42979
4.42627
4.42934
4.43504
4.43524
4.43418
4.43703
4.44001
4.44320
4.44293
4.44226
4.44281
4.44243
4.44338
4.44541
4.44915
4.45106
4.45153
4.45338
4.45234
4.45521
4.45507
4.45495
4.45860
4.45913
4.45598
4.46255
4.46712
4.46364
4.46409
4.46830
