-0.00097
-0.01663
0.03272
-0.34139
0.13246
3.00970
3.49015
3.11631
3.16461
3.15114
3.15507
3.15114
3.15453
3.15963
3.15284
3.15226
3.15729
3.16025
3.16630
3.16252
3.16048
3.17069
3.17019
3.17387
3.17482
3.17203
3.17517
3.18115
3.19075
3.18319
3.17771
3.18364
3.18888
3.19356
3.19162
3.19176
3.19766
3.19874
3.19547
3.20081
3.19895
3.20071
3.20294
3.20725
3.20662
3.20687
3.21457
3.21927
3.21616
3.21355
3.21385
3.21957
3.22238
3.22575
3.22658
3.22701
3.22715
3.23073
3.23071
3.23026
3.23410
3.23603
3.23464
3.23798
3.23986
3.24114
3.23966
3.24315
3.24619
3.24803
3.25197
3.25399
3.25782
3.25574
3.25914
3.26217
3.25994
3.25886
3.26512
3.26534
3.26058
3.26598
3.26612
3.26739
3.27662
3.27652
3.27279
3.27861
3.28200
3.28199
3.28123
3.28414
3.28763
3.28896
3.29409
3.29474
3.28719
3.28971
3.29304
3.29067
