-0.00057
-0.00976
0.01952
-0.20129
0.08385
1.76568
1.99385
1.78147
1.85189
1.84765
1.83698
1.81915
1.82864
1.82923
1.85071
1.85085
1.84200
1.83238
1.85574
1.87884
1.87021
1.85761
1.85894
1.85336
1.83531
1.85625
1.87359
1.85470
1.83597
1.88705
1.90901
1.86099
1.84404
1.82364
1.82327
1.86397
1.86108
1.86981
1.89947
1.87128
1.85555
1.83284
1.85427
1.86695
1.87121
1.86262
1.83645
1.83147
1.85772
1.85432
1.84826
1.85647
1.85391
1.81599
1.79959
1.84260
1.88293
1.84180
1.84080
1.87324
1.87613
1.89678
1.87177
1.88089
1.94055
1.94404
1.90581
1.88058
1.88898
1.88857
1.85891
1.83209
1.82380
1.85744
1.82700
1.84022
1.85997
1.86439
1.82514
1.83047
1.87501
1.87631
1.92077
1.91135
1.82776
1.81592
1.84635
1.88454
1.89072
1.86428
1.88718
1.89355
1.87190
1.81931
1.78725
1.82661
1.86389
1.86906
1.90583
1.91307
