-0.00145
-0.02482
0.04886
-0.50956
0.19856
4.49072
5.20087
4.64433
4.72061
4.70096
4.70161
4.70246
4.70412
4.70648
4.70721
4.70882
4.70963
4.71134
4.71495
4.71644
4.71666
4.71909
4.72078
4.72393
4.72582
4.72668
4.72810
4.72898
4.73309
4.73462
4.73569
4.73972
4.74057
4.74110
4.74319
4.74548
4.74750
4.74806
4.74888
4.75138
4.75259
4.75633
4.75651
4.75658
4.75928
4.76207
4.76422
4.76384
4.76609
4.76897
4.76911
4.77150
4.77341
4.77582
4.77764
4.77828
4.77996
4.78236
4.78519
4.78588
4.78637
4.78913
4.79046
4.79168
4.79377
4.79468
4.79819
4.79993
4.80061
4.80154
4.80251
4.80567
4.80624
4.80792
4.81080
4.81527
4.81716
4.81542
4.81669
4.81916
4.82095
4.82302
4.82368
4.82495
4.82636
4.82890
4.83057
4.83277
4.83526
4.83572
4.83734
4.83922
4.84044
4.84270
4.84436
4.84389
4.84585
4.84989
4.84990
4.85202
