-0.00012
-0.00199
0.00392
-0.04089
0.01572
0.36092
0.41897
0.37283
0.38188
0.38368
0.38413
0.38567
0.38094
0.37949
0.38299
0.38370
0.38442
0.38213
0.37984
0.38059
0.38346
0.38137
0.37900
0.38123
0.38167
0.37696
0.37832
0.38013
0.37697
0.37923
0.38219
0.37825
0.37797
0.38175
0.37914
0.37501
0.37713
0.37861
0.38210
0.38010
0.37557
0.37499
0.37712
0.37917
0.38027
0.38014
0.38218
0.38444
0.38225
0.38091
0.38211
0.38273
0.38150
0.38536
0.38673
0.38092
0.38250
0.38539
0.38184
0.38249
0.38241
0.38274
0.38425
0.38284
0.38106
0.38117
0.38110
0.38286
0.38374
0.38066
0.38167
0.37994
0.37793
0.37760
0.37776
0.37724
0.37947
0.37936
0.37980
0.37849
0.38118
0.38168
0.37689
0.37496
0.37623
0.37911
0.37850
0.37982
0.38122
0.37956
0.38072
0.37954
0.37783
0.37497
0.37421
0.37589
0.37440
0.37273
0.37334
0.37482
