-0.00129
-0.02201
0.04334
-0.45198
0.17621
3.98312
4.61246
4.11934
4.18624
4.16678
4.16844
4.17088
4.17307
4.17327
4.17439
4.17685
4.17660
4.17904
4.18072
4.18216
4.18406
4.18533
4.18655
4.18995
4.19215
4.19266
4.19441
4.19601
4.19692
4.19823
4.20143
4.20338
4.20552
4.20744
4.20853
4.21135
4.21336
4.21430
4.21601
4.21617
4.21824
4.22082
4.22399
4.22451
4.22539
4.22762
4.22926
4.23093
4.23296
4.23367
4.23534
4.23734
4.23818
4.24158
4.24327
4.24435
4.24685
4.24793
4.24930
4.25012
4.25269
4.25424
4.25573
4.25856
4.25996
4.26054
4.26387
4.26515
4.26644
4.26789
4.26934
4.27187
4.27266
4.27468
4.27648
4.27784
4.28015
4.28201
4.28406
4.28631
4.28682
4.28788
4.29087
4.29151
4.29309
4.29546
4.29722
4.29912
4.30098
4.30211
4.30628
4.30857
4.30716
4.30886
4.31075
4.31233
4.31290
4.31561
4.31930
4.32015
