-0.00163
-0.02782
0.05476
-0.57108
0.22247
5.03334
5.82944
5.20382
5.28686
5.26209
5.26715
5.27262
5.27165
5.27358
5.27685
5.27934
5.28204
5.28348
5.28659
5.28904
5.29173
5.29394
5.29574
5.29824
5.30170
5.30511
5.30749
5.30927
5.31209
5.31458
5.31648
5.31893
5.32149
5.32404
5.32561
5.32751
5.33025
5.33248
5.33471
5.33701
5.34025
5.34197
5.34347
5.34649
5.34832
5.35131
5.35448
5.35575
5.35877
5.36116
5.36372
5.36692
5.36823
5.37086
5.37307
5.37386
5.37416
5.37578
5.37936
5.38163
5.38317
5.38671
5.38862
5.39137
5.39437
5.39701
5.39944
5.40134
5.40409
5.40675
5.40869
5.41152
5.41421
5.41617
5.41872
5.42147
5.42436
5.42566
5.42795
5.43029
5.43380
5.43699
5.43808
5.44126
5.44353
5.44597
5.44835
5.45020
5.45356
5.45616
5.45763
5.46021
5.46181
5.46543
5.46734
5.46916
5.47295
5.47424
5.47654
5.47855
