-0.00072
-0.01224
0.02413
-0.25144
0.09837
2.21529
2.56250
2.28819
2.32626
2.31509
2.31518
2.31929
2.31897
2.31829
2.31910
2.32184
2.31946
2.32067
2.32257
2.32359
2.32467
2.32496
2.32402
2.32636
2.32879
2.32888
2.32944
2.32793
2.32777
2.33329
2.33284
2.32965
2.33194
2.33553
2.33658
2.33816
2.33508
2.33776
2.34094
2.33913
2.34006
2.34279
2.34113
2.34235
2.34469
2.34297
2.34464
2.34302
2.34483
2.34808
2.35064
2.34881
2.34821
2.34897
2.35096
2.35019
2.35198
2.35198
2.35286
2.35181
2.35425
2.36123
2.35959
2.35955
2.35979
2.35550
2.36057
2.36369
2.36165
2.36509
2.36732
2.36757
2.36804
2.36747
2.37049
2.37131
2.37019
2.36892
2.36880
2.37581
2.37688
2.37120
2.37183
2.37771
2.37709
2.37652
2.37955
2.37791
2.37879
2.37950
2.38371
2.38061
2.38046
2.38268
2.38313
2.38245
2.38441
2.38975
2.39091
2.38931
