-0.00006
-0.00095
0.00187
-0.01939
0.00754
0.17246
0.19472
0.16654
0.18151
0.18246
0.18316
0.17393
0.16638
0.18108
0.17280
0.17272
0.17028
0.17929
0.18768
0.17618
0.17031
0.17670
0.18868
0.17435
0.16910
0.17862
0.19474
0.17088
0.17071
0.17526
0.16908
0.17623
0.18404
0.17774
0.17059
0.17232
0.17758
0.16720
0.18998
0.19027
0.17685
0.18399
0.18078
0.17477
0.17679
0.18037
0.17689
0.18470
0.17061
0.18282
0.18834
0.16229
0.16464
0.17863
0.19524
0.19769
0.18039
0.19260
0.17910
0.17790
0.17617
0.17282
0.18290
0.19809
0.18453
0.17695
0.18935
0.18448
0.18774
0.18043
0.17397
0.16688
0.18068
0.19054
0.18441
0.18335
0.18398
0.17095
0.18809
0.18725
0.17824
0.17486
0.17970
0.18448
0.18781
0.17645
0.17922
0.18256
0.18273
0.17578
0.17771
0.16876
0.17003
0.17971
0.18562
0.17767
0.18282
0.18815
0.17557
0.19110
