-0.00008
-0.00140
0.00271
-0.02857
0.01046
0.25214
0.29917
0.27204
0.27437
0.26891
0.26282
0.26912
0.27245
0.26674
0.26875
0.26627
0.26316
0.27299
0.27276
0.26746
0.27290
0.27045
0.26675
0.27475
0.27538
0.26927
0.26089
0.26347
0.27342
0.27326
0.26835
0.27511
0.27326
0.26803
0.27078
0.27146
0.26974
0.26874
0.26498
0.27133
0.28048
0.27856
0.26958
0.26881
0.26694
0.27135
0.27327
0.27022
0.27557
0.26850
0.26520
0.27032
0.26961
0.26965
0.26839
0.26931
0.26739
0.26692
0.27433
0.26964
0.26428
0.27426
0.27228
0.26608
0.26907
0.26618
0.26701
0.27083
0.26579
0.26656
0.27683
0.28561
0.28052
0.27125
0.27889
0.27461
0.27161
0.27261
0.26904
0.27001
0.27488
0.27438
0.28242
0.27655
0.27289
0.27506
0.26704
0.27464
0.27450
0.27260
0.27365
0.27435
0.26750
0.27348
0.27654
0.26915
0.27011
0.27163
0.27429
0.27293
