-0.00005
-0.00079
0.00153
-0.01617
0.00570
0.14388
0.17103
0.14928
0.14951
0.15135
0.15359
0.15584
0.14862
0.14711
0.15297
0.16183
0.15234
0.14316
0.15493
0.15833
0.14444
0.15333
0.15091
0.14847
0.15267
0.15193
0.15180
0.15658
0.15372
0.14608
0.14320
0.15334
0.15548
0.14800
0.15788
0.15777
0.14805
0.15636
0.15494
0.15369
0.15341
0.15732
0.15204
0.13877
0.15225
0.15734
0.15544
0.15426
0.15468
0.15296
0.15790
0.16039
0.15478
0.15115
0.14790
0.14684
0.15267
0.15024
0.15313
0.15637
0.15684
0.15241
0.14090
0.15081
0.15107
0.15095
0.15021
0.14944
0.15255
0.15381
0.14799
0.15106
0.15564
0.14834
0.14574
0.14740
0.15164
0.14941
0.14445
0.14781
0.15500
0.15637
0.15122
0.15343
0.15311
0.15612
0.15816
0.15458
0.14832
0.15030
0.15233
0.14690
0.15008
0.14717
0.15157
0.15297
0.14738
0.14862
0.15577
0.16374
