-0.00008
-0.00132
0.00259
-0.02708
0.01042
0.23832
0.27938
0.25318
0.24751
0.24201
0.25463
0.25309
0.24727
0.25200
0.25114
0.25385
0.25724
0.25416
0.25621
0.24737
0.24687
0.25431
0.25351
0.24942
0.24656
0.25087
0.26036
0.25546
0.25106
0.24813
0.24464
0.24915
0.24765
0.25039
0.26000
0.25560
0.25015
0.24782
0.24704
0.24682
0.25037
0.25948
0.25204
0.24111
0.25769
0.26261
0.25591
0.25496
0.24582
0.25515
0.25811
0.25270
0.25218
0.24856
0.24454
0.24966
0.25169
0.25406
0.25304
0.24792
0.25038
0.25305
0.24697
0.25158
0.25313
0.24712
0.25111
0.25405
0.26010
0.25478
0.25005
0.25073
0.24987
0.25117
0.25293
0.25312
0.25746
0.25732
0.24756
0.25436
0.25561
0.26019
0.25105
0.24696
0.24955
0.24988
0.24793
0.25180
0.25117
0.25908
0.26241
0.24985
0.24866
0.25320
0.25315
0.24710
0.24804
0.25037
0.25285
0.25947
