-0.00085
-0.01443
0.02843
-0.29630
0.11592
2.61107
3.01955
2.69370
2.73551
2.71713
2.71548
2.71295
2.71095
2.70930
2.70662
2.70574
2.70366
2.70223
2.70006
2.69968
2.69861
2.69628
2.70122
2.69532
2.68974
2.68918
2.68812
2.68733
2.68320
2.67893
2.68057
2.67737
2.67345
2.67454
2.67501
2.67074
2.66000
2.66489
2.66347
2.66087
2.66352
2.66126
2.65757
2.65282
2.65255
2.65080
2.64643
2.64597
2.64154
2.64073
2.64688
2.64267
2.63675
2.63052
2.63631
2.64002
2.62952
2.62672
2.62828
2.63080
2.62771
2.62602
2.62259
2.62056
2.61578
2.61221
2.61147
2.60694
2.60542
2.60675
2.60840
2.60432
2.59948
2.60066
2.59620
2.59506
2.59701
2.59493
2.59072
2.58921
2.58909
2.58692
2.58437
2.58062
2.58040
2.58019
2.57346
2.57569
2.57312
2.56917
2.56992
2.56428
2.55829
2.56144
2.56320
2.56347
2.56353
2.56020
2.55641
2.55548
