-0.00002
-0.00028
0.00051
-0.00569
0.00132
0.05155
0.06797
0.06059
0.05282
0.05343
0.05876
0.04819
0.05202
0.05654
0.05426
0.05883
0.06046
0.05836
0.06216
0.05661
0.05337
0.06096
0.05971
0.05062
0.05686
0.05579
0.04923
0.05251
0.05318
0.05423
0.06406
0.05922
0.06170
0.05647
0.05054
0.05771
0.06376
0.06015
0.06133
0.06283
0.05895
0.05286
0.05680
0.05537
0.05733
0.05204
0.05455
0.05436
0.05300
0.06271
0.06046
0.05436
0.06008
0.06197
0.05928
0.05781
0.05378
0.05068
0.05346
0.06097
0.05907
0.05524
0.05762
0.05292
0.05471
0.05252
0.05298
0.06567
0.06064
0.04933
0.05141
0.05732
0.05693
0.06201
0.05806
0.05661
0.05850
0.06167
0.06140
0.05451
0.04707
0.05895
0.05688
0.05725
0.05678
0.05296
0.05853
0.05458
0.05883
0.05656
0.06594
0.06515
0.06448
0.05883
0.05912
0.05259
0.05839
0.07851
0.06120
0.04675
