-0.00171
-0.02928
0.05765
-0.60110
0.23432
5.29767
6.13499
5.47618
5.56204
5.53520
5.53183
5.53286
5.53494
5.53556
5.53942
5.54143
5.54237
5.54381
5.54519
5.54823
5.54962
5.55012
5.55206
5.55414
5.55507
5.55558
5.55648
5.55818
5.55797
5.56084
5.56398
5.56615
5.56835
5.56916
5.55432
5.53572
5.52626
5.50859
5.49355
5.49468
5.49459
5.48777
5.48362
5.48307
5.48226
5.47995
5.48086
5.48444
5.49081
5.49613
5.50316
5.50880
5.51230
5.51269
5.51521
5.51566
5.51727
5.51824
5.51879
5.52349
5.52660
5.52823
5.53187
5.54210
5.56152
5.57547
5.57644
5.57622
5.57758
5.57855
5.57722
5.57816
5.57743
5.57740
5.57839
5.57668
5.57568
5.57592
5.57468
5.57522
5.57497
5.57518
5.57630
5.57538
5.57482
5.57414
5.57390
5.57265
5.57219
5.57320
5.57211
5.57162
5.57052
5.57045
5.57158
5.57085
5.57055
5.57039
5.56921
5.56864
