-0.00247
-0.04223
0.08316
-0.86707
0.33804
7.64188
8.84869
7.89773
8.02299
7.98395
7.98090
7.98145
7.98164
7.98181
7.98250
7.98267
7.98069
7.98180
7.98250
7.98197
7.98236
7.98242
7.98210
7.98200
7.98217
7.98162
7.98076
7.98216
7.98153
7.98097
7.98230
7.98258
7.98145
7.98049
7.98183
7.98250
7.98213
7.98115
7.98084
7.98070
7.98135
7.98154
7.98240
7.98220
7.98096
7.97994
7.98144
7.98223
7.98200
7.98131
7.98238
7.98204
7.98211
7.98181
7.98207
7.98116
7.98166
7.98178
7.98204
7.98133
7.98088
7.98260
7.98209
7.98261
7.98273
7.98314
7.98276
7.98183
7.98271
7.98304
7.98052
7.97931
7.98111
7.98104
7.98072
7.98115
7.98080
7.98036
7.98184
7.98100
7.98219
7.98277
7.98152
7.98112
7.98251
7.98281
7.98163
7.98103
7.98167
7.98226
7.98302
7.98118
7.98062
7.98257
7.98146
7.98095
7.98152
7.98091
7.98051
7.98108
