-0.00004
-0.00066
0.00132
-0.01357
0.00586
0.11879
0.13271
0.11824
0.11966
0.11789
0.12290
0.11942
0.11749
0.11864
0.11971
0.11967
0.11909
0.11552
0.11838
0.12153
0.11696
0.11488
0.11821
0.11918
0.12097
0.12046
0.11828
0.11873
0.12011
0.11906
0.11823
0.11770
0.11816
0.12172
0.12098
0.11985
0.11859
0.12110
0.12043
0.11771
0.11820
0.12364
0.12151
0.11990
0.11878
0.12008
0.12281
0.11638
0.11857
0.12228
0.12168
0.12010
0.11727
0.11944
0.12108
0.12262
0.12148
0.12140
0.12082
0.12069
0.12237
0.11987
0.12162
0.11888
0.11850
0.12011
0.11821
0.11808
0.12082
0.12254
0.12301
0.12329
0.11824
0.11969
0.12014
0.11925
0.12067
0.12197
0.12060
0.11985
0.11961
0.11860
0.11977
0.12125
0.11967
0.12066
0.12396
0.12093
0.12247
0.12174
0.11941
0.11722
0.11574
0.11895
0.12469
0.12071
0.11873
0.12010
0.11814
0.11820
