-0.00002
-0.00032
0.00063
-0.00650
0.00257
0.05736
0.06633
0.05765
0.05698
0.05790
0.05663
0.05706
0.05611
0.05590
0.05819
0.05774
0.05946
0.06087
0.05716
0.05720
0.05722
0.05773
0.06012
0.05658
0.06069
0.06225
0.05711
0.05982
0.05887
0.05652
0.05596
0.05659
0.06288
0.05992
0.05592
0.05795
0.05770
0.05695
0.05574
0.05846
0.06098
0.05964
0.05746
0.05807
0.06021
0.05904
0.05887
0.06140
0.05883
0.05864
0.05924
0.05864
0.05786
0.05987
0.06069
0.06048
0.06357
0.06175
0.05859
0.06211
0.06162
0.05871
0.05870
0.06120
0.06206
0.05817
0.06118
0.06142
0.05665
0.06084
0.05955
0.05650
0.05615
0.06088
0.06108
0.05999
0.05936
0.05943
0.05760
0.05805
0.06217
0.06110
0.06059
0.05782
0.05796
0.06065
0.05937
0.05732
0.05751
0.06098
0.05953
0.06011
0.05871
0.06043
0.06332
0.05860
0.06215
0.06121
0.06017
0.06146
