-0.00149
-0.02549
0.05021
-0.52344
0.20435
4.61285
5.33904
4.76515
4.84016
4.81462
4.81328
4.81425
4.81462
4.81299
4.80964
4.80985
4.80870
4.80730
4.80813
4.80528
4.80309
4.80166
4.79952
4.79937
4.79759
4.79715
4.79691
4.79534
4.79369
4.79371
4.79290
4.79208
4.79350
4.79282
4.78476
4.77865
4.77345
4.77051
4.76950
4.76909
4.76881
4.76771
4.76778
4.76666
4.76462
4.76363
4.76354
4.76423
4.76353
4.76204
4.76468
4.76218
4.76101
4.76360
4.76195
4.75911
4.75636
4.75725
4.75835
4.75752
4.75564
4.75446
4.75466
4.75401
4.75251
4.75211
4.75061
4.74979
4.75021
4.75065
4.74988
4.74759
4.74603
4.74577
4.74430
4.74351
4.74282
4.74234
4.74146
4.73972
4.73802
4.73900
4.73792
4.73685
4.73629
4.73560
4.73456
4.73356
4.73145
4.72962
4.73004
4.72935
4.72741
4.72687
4.72636
4.72485
4.72296
4.72434
4.72411
4.72103
