-0.00015
-0.00261
0.00514
-0.05364
0.02084
0.47303
0.54804
0.48791
0.49490
0.49137
0.48948
0.48998
0.49071
0.48928
0.48669
0.48650
0.48933
0.48804
0.48687
0.48715
0.48664
0.48536
0.48789
0.48693
0.48622
0.48554
0.48536
0.48512
0.48685
0.48317
0.47972
0.48242
0.48344
0.48218
0.48048
0.47955
0.48168
0.48086
0.47928
0.47714
0.48033
0.47984
0.47809
0.47778
0.47487
0.47642
0.47622
0.47384
0.47578
0.47547
0.47369
0.47349
0.47265
0.47377
0.47247
0.47229
0.47060
0.47013
0.47219
0.47012
0.46974
0.46857
0.46729
0.46801
0.46853
0.46682
0.46490
0.46588
0.46588
0.46503
0.46433
0.46549
0.46378
0.46323
0.46228
0.46201
0.46012
0.46115
0.46306
0.46122
0.46013
0.45851
0.45701
0.45962
0.46202
0.46116
0.45885
0.45943
0.45791
0.45663
0.45404
0.45532
0.45573
0.45879
0.45928
0.45430
0.45297
0.45229
0.45099
0.45127
