-0.00026
-0.00438
0.00859
-0.08996
0.03469
0.79159
0.92586
0.83834
0.83366
0.81448
0.81685
0.81254
0.80590
0.82072
0.82537
0.80770
0.81536
0.82521
0.81894
0.79237
0.77288
0.77460
0.79251
0.85544
0.86062
0.80956
0.79134
0.79674
0.79119
0.80788
0.81239
0.79994
0.79561
0.79412
0.77252
0.76725
0.77377
0.78896
0.79117
0.78483
0.78704
0.79789
0.78703
0.78931
0.80315
0.79925
0.80532
0.79512
0.77258
0.77576
0.78607
0.77543
0.77541
0.77279
0.76400
0.76967
0.78764
0.78727
0.78783
0.78396
0.76469
0.76692
0.78070
0.76635
0.75485
0.76899
0.76990
0.75026
0.76627
0.78253
0.78337
0.79915
0.78456
0.74723
0.74981
0.74663
0.71110
0.71093
0.71319
0.69875
0.70656
0.71951
0.72192
0.72978
0.74233
0.72584
0.72373
0.71519
0.71711
0.71965
0.72720
0.70559
0.69243
0.73751
0.73526
0.72874
0.69972
0.67859
0.68998
0.68707
