-0.00119
-0.02038
0.04014
-0.41839
0.16344
3.68779
4.26582
3.80266
3.86351
3.84295
3.84123
3.83645
3.83214
3.82883
3.82567
3.82683
3.82343
3.81879
3.81625
3.81669
3.81827
3.81479
3.81086
3.80364
3.80041
3.80296
3.80304
3.79875
3.79696
3.79617
3.79513
3.79301
3.79490
3.79428
3.79309
3.79162
3.78848
3.78417
3.78144
3.77826
3.77619
3.77336
3.77284
3.77050
3.76374
3.76037
3.75685
3.75654
3.75490
3.75039
3.74815
3.74599
3.74370
3.74113
3.73912
3.73819
3.73388
3.73034
3.72833
3.72680
3.72590
3.72276
3.71903
3.71787
3.71609
3.71305
3.71055
3.70982
3.70673
3.70348
3.70230
3.69699
3.69578
3.69620
3.69372
3.69610
3.69797
3.69432
3.69123
3.68953
3.68809
3.68503
3.68214
3.67671
3.66709
3.66760
3.66599
3.66480
3.66374
3.65989
3.65694
3.65586
3.65358
3.64675
3.64642
3.64982
3.65022
3.64898
3.64541
3.64155
