-0.00036
-0.00616
0.01210
-0.12637
0.04875
1.11502
1.29423
1.15337
1.17134
1.16242
1.16443
1.16480
1.15739
1.16366
1.17215
1.16802
1.16210
1.15966
1.16150
1.15824
1.16048
1.16500
1.16803
1.16213
1.16257
1.17149
1.16566
1.16201
1.16540
1.15853
1.15951
1.16433
1.16512
1.16676
1.16531
1.15995
1.16582
1.16237
1.15804
1.16145
1.16015
1.16032
1.16032
1.16125
1.16369
1.16063
1.15849
1.16020
1.16246
1.15938
1.16130
1.16314
1.15801
1.15919
1.16449
1.16099
1.16076
1.15770
1.15371
1.15611
1.15802
1.15875
1.15597
1.16514
1.16037
1.15650
1.15892
1.15721
1.15402
1.15762
1.16035
1.15900
1.15844
1.16059
1.15760
1.15894
1.15800
1.15722
1.15954
1.15542
1.15555
1.15965
1.15523
1.15321
1.15913
1.15605
1.15315
1.15456
1.16101
1.15955
1.15159
1.15181
1.15277
1.15558
1.15572
1.15720
1.14604
1.15305
1.15727
1.15266
