-0.00002
-0.00039
0.00076
-0.00796
0.00289
0.07062
0.08254
0.07333
0.07675
0.08378
0.09284
0.07836
0.07440
0.08149
0.07858
0.07643
0.07949
0.08823
0.07735
0.07445
0.07428
0.07593
0.07993
0.07745
0.07461
0.08079
0.08483
0.07494
0.07519
0.07587
0.07586
0.08041
0.07635
0.07604
0.07199
0.07555
0.08248
0.07665
0.07680
0.08434
0.07939
0.07801
0.07534
0.07530
0.07420
0.07737
0.07451
0.07449
0.08012
0.07716
0.07922
0.07524
0.07339
0.07634
0.07471
0.07704
0.08106
0.08225
0.07767
0.08439
0.08217
0.07926
0.08052
0.07601
0.07475
0.07472
0.07750
0.08759
0.07807
0.07413
0.07638
0.07453
0.07648
0.07500
0.07383
0.07328
0.07700
0.07663
0.07639
0.07559
0.07764
0.07853
0.07328
0.07460
0.07319
0.07611
0.09116
0.07587
0.07241
0.07443
0.07449
0.07799
0.07630
0.07535
0.07419
0.07844
0.09571
0.07930
0.07260
0.07754
