-0.00155
-0.02643
0.05205
-0.54262
0.21168
4.78254
5.53599
4.93849
5.01595
4.98810
4.98438
4.98626
4.98573
4.98452
4.98407
4.98448
4.97950
4.97548
4.97897
4.97915
4.97768
4.97525
4.97257
4.97250
4.97218
4.97131
4.96989
4.96632
4.96561
4.96661
4.96643
4.96580
4.96181
4.96048
4.95954
4.95866
4.95710
4.95878
4.95918
4.95514
4.95264
4.95152
4.94937
4.95103
4.94829
4.94725
4.94428
4.94311
4.94507
4.94443
4.94438
4.94165
4.93960
4.93711
4.93561
4.93771
4.93615
4.93463
4.93458
4.93228
4.93228
4.93214
4.92881
4.92711
4.92632
4.92584
4.92386
4.92501
4.92324
4.92003
4.92046
4.91877
4.91512
4.91378
4.91288
4.91155
4.91143
4.91101
4.90855
4.90790
4.90916
4.90701
4.90462
4.90413
4.90282
4.90218
4.89916
4.89917
4.89756
4.89494
4.89454
4.89251
4.89087
4.89153
4.88909
4.88842
4.88949
4.88724
4.88542
4.88279
