-0.00136
-0.02322
0.04574
-0.47675
0.18627
4.20170
4.86166
4.33622
4.40103
4.37281
4.37104
4.37425
4.37400
4.37960
4.38128
4.37825
4.37887
4.37108
4.35799
4.35157
4.34120
4.33675
4.33731
4.32928
4.32726
4.33059
4.33257
4.33024
4.32704
4.32707
4.32377
4.32090
4.32396
4.32615
4.31760
4.31026
4.30605
4.30140
4.30014
4.29958
4.29855
4.29786
4.29589
4.29386
4.29069
4.28486
4.27708
4.27865
4.28279
4.28336
4.28218
4.28158
4.28047
4.27873
4.27639
4.27636
4.27560
4.27174
4.26966
4.26987
4.26850
4.26428
4.26260
4.25948
4.26091
4.26254
4.25577
4.25325
4.25257
4.25107
4.25550
4.26432
4.26743
4.26565
4.26606
4.26606
4.26497
4.26254
4.26036
4.25994
4.25687
4.25322
4.25095
4.24914
4.24821
4.24809
4.24544
4.24359
4.24330
4.24140
4.23942
4.23723
4.23545
4.23421
4.23275
4.23081
4.22874
4.22652
4.22721
4.22532
