-0.00003
-0.00045
0.00089
-0.00926
0.00359
0.08154
0.09475
0.08525
0.08641
0.08633
0.08807
0.08727
0.08565
0.08590
0.08616
0.08621
0.08682
0.08618
0.08565
0.08611
0.08574
0.08506
0.08761
0.08565
0.08594
0.08939
0.08618
0.08653
0.08850
0.08714
0.08792
0.08830
0.08789
0.08611
0.08512
0.08623
0.08689
0.08767
0.08728
0.08762
0.08772
0.08686
0.08696
0.08773
0.08852
0.08840
0.08636
0.08673
0.08918
0.08808
0.08796
0.08838
0.08965
0.08615
0.08821
0.09246
0.08876
0.08737
0.08910
0.08934
0.08745
0.08755
0.08841
0.08723
0.08875
0.08670
0.08646
0.08913
0.08830
0.09005
0.09020
0.08904
0.08884
0.09047
0.08946
0.08897
0.08892
0.08726
0.08907
0.09003
0.08852
0.08955
0.08875
0.08866
0.08966
0.08828
0.08700
0.08832
0.09006
0.08945
0.08923
0.08800
0.09073
0.09130
0.08822
0.08894
0.09101
0.08931
0.08786
0.08919
