-0.00000
-0.00005
0.00010
-0.00111
0.00031
0.01008
0.01126
0.01172
0.01636
0.01265
0.01344
0.01469
0.02677
0.02133
0.01328
0.01449
0.03103
0.01274
0.01121
0.02260
0.01388
0.02177
0.01649
0.01151
0.01990
0.01835
0.01322
0.01527
0.01957
0.04283
0.02955
0.02310
0.01386
0.01357
0.01805
0.01432
0.01174
0.01377
0.01322
0.01507
0.01380
0.01517
0.03092
0.03655
0.01031
0.02407
0.05057
0.01723
0.01460
0.01288
0.00922
0.02153
0.03771
0.02823
0.01200
0.01441
0.01273
0.01169
0.01140
0.01040
0.01506
0.02274
0.01723
0.01156
0.01275
0.01437
0.01084
0.01622
0.03605
0.01846
0.01134
0.00998
0.01326
0.02450
0.01019
0.02102
0.04150
0.02036
0.04564
0.04474
0.01709
0.01756
0.01647
0.01456
0.01374
0.00915
0.01580
0.03556
0.02194
0.01628
0.01864
0.02228
0.02976
0.02844
0.00820
0.01709
0.04944
0.02258
0.02115
0.01261
