-0.00067
-0.01152
0.02268
-0.23648
0.09223
2.08366
2.41257
2.15659
2.19343
2.18405
2.18906
2.19053
2.18750
2.18887
2.19524
2.19751
2.20119
2.20520
2.20561
2.20615
2.20591
2.20491
2.20403
2.21213
2.21660
2.21743
2.21938
2.21956
2.22192
2.22685
2.23131
2.22864
2.22956
2.23213
2.23011
2.23177
2.23661
2.23189
2.23433
2.24098
2.23980
2.24538
2.25414
2.25258
2.25438
2.25928
2.25850
2.26257
2.27193
2.27672
2.27841
2.27722
2.27617
2.27742
2.27712
2.27485
2.27141
2.27370
2.27348
2.27730
2.28097
2.27696
2.28439
2.29747
2.30459
2.29682
2.29833
2.31084
2.31449
2.31516
2.31330
2.31696
2.31677
2.31340
2.31941
2.32412
2.32483
2.32400
2.33174
2.33538
2.33594
2.33577
2.33734
2.34105
2.34145
2.34010
2.34708
2.34896
2.34705
2.34963
2.35017
2.34786
2.35018
2.36001
2.36378
2.36364
2.36581
2.36783
2.37358
2.37373
