-0.00003
-0.00058
0.00115
-0.01201
0.00491
0.10403
0.12186
0.11774
0.11743
0.11591
0.11506
0.10983
0.10728
0.11169
0.11677
0.11322
0.11441
0.10848
0.11086
0.11495
0.10678
0.09981
0.10604
0.11358
0.11649
0.10582
0.11384
0.12274
0.11741
0.11248
0.10342
0.11636
0.12752
0.10492
0.10140
0.12405
0.11948
0.10667
0.11689
0.11566
0.10579
0.11473
0.12420
0.12522
0.11878
0.11887
0.11664
0.10691
0.10839
0.11664
0.11665
0.11534
0.11430
0.10874
0.10592
0.11189
0.11265
0.11109
0.10809
0.11516
0.11302
0.11245
0.10352
0.10016
0.10584
0.10619
0.10858
0.10686
0.10613
0.11115
0.11178
0.10324
0.10973
0.11189
0.10218
0.10793
0.10788
0.10998
0.11814
0.11865
0.11108
0.10836
0.11347
0.11752
0.11336
0.10978
0.11567
0.11579
0.10999
0.11090
0.10920
0.11017
0.10617
0.11165
0.11487
0.11004
0.11397
0.11654
0.11448
0.11922
