-0.00144
-0.02464
0.04851
-0.50583
0.19725
4.45783
5.16046
4.60808
4.68802
4.66445
4.65985
4.66047
4.66491
4.66735
4.66714
4.66870
4.67113
4.67168
4.67404
4.67624
4.67458
4.67594
4.67476
4.67681
4.67970
4.68113
4.68224
4.68332
4.68417
4.68206
4.68095
4.68559
4.68917
4.68572
4.68685
4.69028
4.69188
4.69335
4.69594
4.69899
4.69983
4.70150
4.70096
4.70155
4.70456
4.70485
4.70626
4.70534
4.70596
4.70907
4.70995
4.71039
4.71459
4.71601
4.71641
4.71850
4.71772
4.72037
4.72203
4.72399
4.72490
4.72618
4.72739
4.72628
4.72995
4.73275
4.73257
4.73427
4.73543
4.73797
4.73795
4.73810
4.73949
4.74033
4.72920
4.72537
4.73404
4.74184
4.74322
4.74224
4.74192
4.74923
4.74566
4.74984
4.75286
4.74505
4.74746
4.76061
4.76362
4.75830
4.76291
4.75884
4.76256
4.76276
4.76288
4.76699
4.77116
4.77381
4.77529
4.77368
