-0.00155
-0.02640
0.05199
-0.54203
0.21144
4.77675
5.53050
4.93746
5.01633
4.99299
4.99096
4.98979
4.99084
4.99250
4.99282
4.99221
4.99341
4.99414
4.99326
4.99389
4.99394
4.99468
4.99566
4.99508
4.99558
4.99594
4.99629
4.99707
4.99663
4.99521
4.99367
4.99492
4.99610
4.99618
4.99706
4.99697
4.99673
4.99855
4.99994
5.00145
5.00210
5.00140
5.00009
5.00102
5.00246
5.00171
5.00067
5.00199
5.00182
5.00306
5.00260
5.00292
5.00519
5.00531
5.00567
5.00583
5.00682
5.00739
5.00737
5.00891
5.00847
5.00778
5.00853
5.00837
5.00986
5.01030
5.01046
5.01057
5.01081
5.01171
5.01244
5.01318
5.01244
5.01272
5.01268
5.01194
5.01296
5.01564
5.01516
5.01554
5.01501
5.01473
5.01499
5.01771
5.01836
5.01568
5.01621
5.01761
5.01763
5.01809
5.01843
5.01799
5.01811
5.01799
5.01641
5.01894
5.01978
5.01970
5.02037
5.02033
