-0.00203
-0.03469
0.06832
-0.71225
0.27803
6.27683
7.26562
6.48480
6.58495
6.55047
6.54910
6.54679
6.54541
6.54592
6.54567
6.54312
6.54199
6.54284
6.54084
6.53835
6.53856
6.53986
6.54027
6.53903
6.53831
6.53845
6.53721
6.53671
6.53627
6.53603
6.53614
6.53553
6.53037
6.52482
6.52648
6.52506
6.51982
6.51788
6.51609
6.51316
6.51188
6.50809
6.50706
6.50940
6.51022
6.50456
6.50107
6.49838
6.49336
6.49289
6.48553
6.45816
6.47313
6.47775
6.47404
6.47658
6.46826
6.45724
6.46100
6.46762
6.47590
6.46448
6.44705
6.46198
6.46935
6.46655
6.47320
6.47574
6.47360
6.46782
6.46954
6.46949
6.47130
6.47326
6.47054
6.46272
6.45347
6.45675
6.45770
6.45568
6.45391
6.45012
6.44826
6.44832
6.44620
6.44349
6.44307
6.44287
6.44104
6.43939
6.43931
6.43909
6.44005
6.43991
6.43841
6.43778
6.43759
6.43978
6.43777
6.43170
