-0.00003
-0.00046
0.00084
-0.00923
0.00224
0.08411
0.10652
0.09297
0.09522
0.09506
0.10174
0.09401
0.09440
0.11944
0.10588
0.10533
0.10194
0.10593
0.11489
0.10668
0.09877
0.09790
0.09700
0.09172
0.10809
0.10673
0.10405
0.11157
0.11255
0.10548
0.10596
0.11052
0.10734
0.10155
0.09434
0.09172
0.09340
0.09808
0.10092
0.10881
0.11672
0.09834
0.10546
0.10456
0.08893
0.09770
0.11360
0.12009
0.11121
0.10746
0.10180
0.10190
0.10618
0.10479
0.11025
0.10503
0.09806
0.10179
0.10963
0.10128
0.10850
0.09963
0.09808
0.09951
0.09526
0.10256
0.10088
0.09724
0.10599
0.09467
0.10093
0.12238
0.10254
0.10352
0.11322
0.10034
0.09124
0.09809
0.09521
0.09988
0.10739
0.10303
0.11903
0.11253
0.10887
0.11057
0.10626
0.10822
0.10421
0.09599
0.09778
0.10485
0.09895
0.09164
0.09657
0.09571
0.10561
0.10652
0.09946
0.10968
