-0.00119
-0.02028
0.03993
-0.41642
0.16216
3.67012
4.25190
3.79665
3.85285
3.83190
3.83961
3.84335
3.83894
3.84044
3.84647
3.84711
3.84469
3.84670
3.85307
3.85325
3.85522
3.85179
3.85250
3.86312
3.85870
3.85396
3.86064
3.86345
3.85933
3.86349
3.87275
3.87182
3.87097
3.86994
3.87272
3.87755
3.87453
3.87557
3.87996
3.88074
3.87721
3.88127
3.88138
3.87903
3.88667
3.88746
3.88444
3.88623
3.88781
3.88837
3.89100
3.89026
3.88701
3.89183
3.90597
3.90153
3.89938
3.90578
3.90471
3.90297
3.89866
3.90437
3.91045
3.90920
3.90605
3.90569
3.91089
3.91052
3.91510
3.91002
3.91160
3.91011
3.91553
3.92348
3.92480
3.92045
3.92285
3.92326
3.92771
3.93196
3.93125
3.93542
3.93531
3.93405
3.93447
3.93232
3.93252
3.93765
3.94367
3.93856
3.94387
3.94571
3.94415
3.94586
3.94673
3.94618
3.94756
3.94838
3.94751
3.94869
