-0.00082
-0.01403
0.02762
-0.28809
0.11210
2.53892
2.94192
2.62974
2.67369
2.65833
2.66182
2.66932
2.66667
2.67026
2.67188
2.67298
2.67690
2.67875
2.68051
2.68147
2.68313
2.68368
2.68719
2.69172
2.69055
2.69136
2.69769
2.70232
2.70532
2.70504
2.70198
2.70687
2.71056
2.71274
2.71293
2.71207
2.71502
2.71785
2.72445
2.72306
2.72160
2.72596
2.72888
2.73127
2.73327
2.73526
2.73913
2.73879
2.73828
2.73746
2.74323
2.74891
2.75131
2.75165
2.75705
2.75979
2.75712
2.75777
2.76396
2.76737
2.76745
2.76822
2.77053
2.77088
2.76970
2.77398
2.77912
2.77772
2.77395
2.77615
2.78102
2.78158
2.78639
2.78931
2.79187
2.79112
2.79568
2.79838
2.79918
2.80442
2.80544
2.80557
2.80882
2.81335
2.81503
2.81724
2.82102
2.82187
2.81832
2.82031
2.82262
2.82450
2.82627
2.82918
2.83177
2.83269
2.83681
2.83846
2.83740
2.84431
