-0.00002
-0.00033
0.00063
-0.00673
0.00206
0.06060
0.07397
0.06405
0.06475
0.06532
0.06424
0.06216
0.06478
0.06388
0.06344
0.06357
0.06316
0.06630
0.06483
0.06327
0.06511
0.06393
0.06387
0.06540
0.06594
0.06584
0.06672
0.06331
0.06421
0.06431
0.06357
0.06680
0.06758
0.06733
0.06600
0.06599
0.06466
0.06201
0.06427
0.06770
0.06609
0.06446
0.06388
0.06535
0.06509
0.06328
0.06272
0.06537
0.06563
0.06568
0.06726
0.06561
0.06560
0.06732
0.06721
0.06449
0.06698
0.07047
0.06826
0.06594
0.06555
0.06690
0.06864
0.06825
0.06661
0.06672
0.06550
0.06834
0.07086
0.07049
0.06693
0.06674
0.06955
0.06437
0.06472
0.06482
0.06659
0.06593
0.06835
0.06901
0.06387
0.06729
0.06801
0.06787
0.07034
0.07385
0.07258
0.06609
0.06861
0.07249
0.07008
0.06836
0.06939
0.06806
0.06885
0.07063
0.06678
0.07012
0.07159
0.07104
