-0.00033
-0.00560
0.01101
-0.11493
0.04437
1.01402
1.17700
1.04815
1.06383
1.05852
1.05827
1.06057
1.06013
1.05896
1.05779
1.05581
1.05971
1.06041
1.05850
1.06277
1.05978
1.05504
1.05957
1.06172
1.05827
1.05133
1.05427
1.05828
1.05839
1.05790
1.05139
1.05608
1.06305
1.05608
1.05405
1.05692
1.05783
1.05669
1.05831
1.05664
1.05552
1.06017
1.06053
1.05851
1.06081
1.06356
1.06056
1.05980
1.06488
1.06343
1.05936
1.06488
1.06641
1.06255
1.06628
1.06476
1.05796
1.06020
1.06365
1.05847
1.05965
1.06436
1.06471
1.06017
1.06325
1.06410
1.06119
1.06365
1.06323
1.05972
1.06126
1.06492
1.06578
1.06419
1.06436
1.05892
1.05892
1.06498
1.06198
1.06144
1.06327
1.06580
1.06320
1.06419
1.06463
1.06377
1.06195
1.06527
1.06558
1.06361
1.05975
1.06153
1.06652
1.06258
1.06525
1.06351
1.06232
1.06409
1.06152
1.06197
