-0.00202
-0.03444
0.06781
-0.70707
0.27573
6.23134
7.21511
6.44130
6.54445
6.51336
6.51157
6.51273
6.51356
6.51418
6.51648
6.51688
6.51758
6.51883
6.51857
6.51963
6.52066
6.52132
6.52271
6.52277
6.52506
6.52608
6.52647
6.52798
6.52802
6.52895
6.53024
6.53095
6.53198
6.53163
6.53287
6.53379
6.53538
6.53625
6.53603
6.53758
6.53740
6.53763
6.53864
6.53928
6.54085
6.54226
6.54301
6.54373
6.54455
6.54643
6.54778
6.54814
6.54912
6.54945
6.54978
6.55031
6.55150
6.55234
6.55317
6.55500
6.55523
6.55634
6.55715
6.55677
6.55875
6.55979
6.56056
6.56173
6.56208
6.56346
6.56339
6.56366
6.56511
6.56531
6.56674
6.56753
6.56809
6.56964
6.56974
6.57098
6.57172
6.57267
6.57390
6.57403
6.57520
6.57617
6.57744
6.57782
6.57840
6.58012
6.58075
6.58104
6.58216
6.58315
6.58451
6.58438
6.58494
6.58629
6.58624
6.58749
