-0.00003
-0.00054
0.00103
-0.01096
0.00362
0.09857
0.11760
0.09944
0.10101
0.10407
0.10712
0.10363
0.09925
0.10513
0.10464
0.10299
0.10482
0.10235
0.10229
0.10345
0.10527
0.09608
0.10017
0.10388
0.09817
0.10702
0.11169
0.09969
0.10351
0.10588
0.10538
0.10348
0.09969
0.10432
0.10296
0.10174
0.10193
0.09941
0.10215
0.10371
0.10715
0.10794
0.10505
0.10729
0.10756
0.10341
0.10045
0.10394
0.10272
0.10216
0.10578
0.10398
0.10242
0.10634
0.10372
0.10074
0.10198
0.10300
0.11025
0.10409
0.09670
0.09775
0.09946
0.10293
0.09950
0.09572
0.09954
0.10090
0.10201
0.09776
0.09649
0.10026
0.09850
0.09891
0.10776
0.10154
0.09917
0.10640
0.09922
0.10476
0.10409
0.10134
0.09924
0.09792
0.10218
0.10991
0.10580
0.09883
0.09700
0.10369
0.10401
0.10643
0.10887
0.11519
0.10609
0.09819
0.10369
0.11688
0.10260
0.10188
