-0.00003
-0.00051
0.00098
-0.01045
0.00359
0.09273
0.11196
0.10017
0.09924
0.09802
0.09560
0.09894
0.09858
0.09876
0.10121
0.10669
0.10427
0.10445
0.10192
0.10145
0.10433
0.10066
0.10035
0.09929
0.10059
0.10480
0.10701
0.09899
0.09890
0.10022
0.10409
0.10467
0.09903
0.10235
0.10223
0.10275
0.10711
0.10224
0.10079
0.10316
0.10478
0.10479
0.10400
0.10860
0.10402
0.10190
0.10511
0.10499
0.10756
0.10521
0.10296
0.10268
0.10364
0.10543
0.10128
0.10160
0.10105
0.10361
0.10581
0.10124
0.10390
0.10313
0.10429
0.10521
0.10174
0.10547
0.10826
0.10488
0.10648
0.10458
0.10293
0.10318
0.10183
0.10881
0.10408
0.10265
0.10653
0.10478
0.10374
0.10496
0.10758
0.10796
0.10382
0.10695
0.10489
0.10295
0.10667
0.10924
0.10684
0.10727
0.10830
0.10763
0.10677
0.10896
0.11184
0.10640
0.10784
0.10430
0.10340
0.10417
