-0.00247
-0.04224
0.08319
-0.86731
0.33838
7.64344
8.84887
7.89787
8.02193
7.98355
7.98055
7.98012
7.98024
7.97943
7.97898
7.98102
7.98195
7.98066
7.97987
7.98053
7.98134
7.98133
7.98017
7.98067
7.98229
7.98310
7.98123
7.98127
7.98102
7.98144
7.98151
7.98145
7.98129
7.98049
7.98046
7.98064
7.98100
7.98161
7.98162
7.98143
7.98198
7.98151
7.97862
7.97955
7.98040
7.98057
7.97997
7.97972
7.97979
7.98010
7.98075
7.98038
7.98230
7.98180
7.98162
7.98097
7.98036
7.98077
7.98082
7.98124
7.98104
7.98052
7.98005
7.98014
7.98141
7.98105
7.97957
7.98002
7.97995
7.98097
7.98012
7.98012
7.98161
7.98040
7.98157
7.98138
7.98007
7.97964
7.98131
7.98124
7.98190
7.98216
7.98096
7.97929
7.98056
7.98219
7.98006
7.98043
7.98079
7.98079
7.98071
7.98054
7.98161
7.98078
7.97960
7.98016
7.98093
7.98061
7.97970
7.97971
