-0.00002
-0.00038
0.00075
-0.00781
0.00294
0.06905
0.08032
0.07182
0.07536
0.07536
0.07416
0.07259
0.07005
0.07112
0.07299
0.07520
0.07612
0.07325
0.07245
0.07472
0.07613
0.07658
0.07567
0.07501
0.07469
0.07560
0.07554
0.07472
0.07215
0.07230
0.07370
0.07384
0.07410
0.07349
0.07468
0.07537
0.07541
0.07609
0.07300
0.07506
0.07978
0.07587
0.07232
0.07237
0.07529
0.07538
0.07335
0.07539
0.07478
0.07234
0.07370
0.07463
0.07370
0.07231
0.07489
0.07740
0.07669
0.07618
0.07744
0.07626
0.07668
0.07857
0.07590
0.07401
0.07815
0.07407
0.07332
0.07560
0.07947
0.07673
0.07275
0.07491
0.07831
0.07920
0.07763
0.07505
0.07522
0.07607
0.07360
0.07378
0.07611
0.07459
0.07430
0.07563
0.07448
0.07600
0.07483
0.07545
0.07635
0.07632
0.07525
0.07767
0.07704
0.07914
0.07879
0.07682
0.07617
0.07386
0.07749
0.07749
