-0.00136
-0.02321
0.04571
-0.47649
0.18617
4.19918
4.85900
4.33432
4.40049
4.37765
4.37457
4.37173
4.36983
4.36726
4.36559
4.36282
4.36007
4.35934
4.35608
4.35450
4.35274
4.35039
4.34898
4.34708
4.34367
4.34101
4.34005
4.33635
4.33212
4.33125
4.32998
4.32711
4.32456
4.32330
4.32107
4.32020
4.31757
4.31502
4.31260
4.31049
4.30845
4.30582
4.30493
4.30214
4.29936
4.29689
4.29589
4.29437
4.29067
4.28821
4.28567
4.28308
4.28204
4.27941
4.27774
4.27602
4.27225
4.27112
4.26842
4.26631
4.26448
4.26220
4.25971
4.25714
4.25555
4.25215
4.24880
4.24728
4.24523
4.24272
4.24056
4.23909
4.23743
4.23600
4.23352
4.23098
4.22879
4.22713
4.22485
4.22314
4.22007
4.21700
4.21493
4.21277
4.21071
4.20801
4.20595
4.20370
4.20119
4.20073
4.19762
4.19573
4.19378
4.19069
4.18767
4.18608
4.18415
4.18319
4.17972
4.17697
