-0.00029
-0.00497
0.00979
-0.10200
0.03987
0.89886
1.03998
0.92760
0.94121
0.93618
0.93599
0.93471
0.93420
0.93326
0.93398
0.93411
0.93345
0.93293
0.93165
0.93137
0.93114
0.92997
0.92995
0.92854
0.92737
0.92735
0.92722
0.92665
0.92559
0.92500
0.92494
0.92359
0.92329
0.92298
0.92199
0.92108
0.92081
0.92024
0.91928
0.91906
0.91813
0.91690
0.91658
0.91616
0.91573
0.91541
0.91462
0.91468
0.91404
0.91384
0.91340
0.91219
0.91189
0.91083
0.90955
0.90839
0.90808
0.90740
0.90685
0.90638
0.90619
0.90597
0.90473
0.90385
0.90350
0.90345
0.90232
0.90140
0.90051
0.89993
0.90005
0.89951
0.89916
0.89787
0.89691
0.89681
0.89595
0.89532
0.89485
0.89382
0.89418
0.89247
0.89188
0.89116
0.89128
0.89159
0.88957
0.88896
0.88827
0.88789
0.88752
0.88697
0.88585
0.88488
0.88432
0.88358
0.88256
0.88181
0.88165
0.88097
