-0.00172
-0.02935
0.05781
-0.60268
0.23537
5.31107
6.14716
5.48571
5.56972
5.54022
5.53638
5.53796
5.53644
5.53619
5.53380
5.53214
5.53183
5.52999
5.52933
5.52882
5.52812
5.52495
5.52389
5.52284
5.52452
5.52375
5.51966
5.51819
5.51760
5.51744
5.51283
5.51191
5.51259
5.50971
5.50914
5.50859
5.50716
5.50643
5.50457
5.50275
5.50098
5.49949
5.49757
5.49589
5.49598
5.49518
5.49154
5.49034
5.48778
5.48884
5.48840
5.48609
5.48391
5.48240
5.48239
5.48139
5.48154
5.47811
5.47620
5.47500
5.47188
5.47145
5.47197
5.47020
5.46776
5.46667
5.46747
5.46621
5.46258
5.46075
5.46173
5.45877
5.45808
5.45562
5.45579
5.45410
5.45333
5.45153
5.44847
5.44847
5.44754
5.44376
5.44282
5.44153
5.43997
5.43806
5.43631
5.43613
5.43521
5.43343
5.43377
5.43109
5.43075
5.42885
5.42656
5.42491
5.42212
5.42311
5.42139
5.41994
