-0.00173
-0.02958
0.05825
-0.60737
0.23687
5.35267
6.19709
5.53312
5.62387
5.59485
5.58971
5.58868
5.59305
5.59441
5.59344
5.59215
5.59425
5.59378
5.59346
5.59451
5.59287
5.59353
5.59279
5.59153
5.59256
5.59296
5.59379
5.59456
5.59549
5.59692
5.59604
5.59560
5.59592
5.59295
5.59443
5.59626
5.59767
5.59807
5.59433
5.59300
5.59791
5.59921
5.59751
5.59765
5.59942
5.59990
5.59759
5.59520
5.59750
5.60227
5.59994
5.60040
5.59993
5.59882
5.60164
5.60228
5.60087
5.60172
5.60185
5.60277
5.60070
5.60134
5.60377
5.60167
5.60085
5.60229
5.60476
5.60353
5.60073
5.60278
5.60255
5.60433
5.60556
5.60414
5.60456
5.60491
5.60590
5.60305
5.60400
5.60685
5.60538
5.60577
5.60545
5.60435
5.60706
5.60413
5.60611
5.61124
5.60745
5.60623
5.60782
5.60744
5.60635
5.60559
5.60785
5.60694
5.60709
5.60868
5.60814
5.60939
