-0.00154
-0.02628
0.05173
-0.53953
0.21004
4.75518
5.50963
4.91926
4.99619
4.97457
4.96966
4.97111
4.97735
4.97875
4.97941
4.98028
4.97916
4.98105
4.98367
4.98222
4.98026
4.98318
4.98427
4.98553
4.98887
4.98769
4.99012
4.99222
4.99210
4.99320
4.99267
4.99432
4.99498
4.99533
4.99828
4.99938
5.00062
5.00208
5.00390
5.00549
5.00268
5.00203
5.00674
5.00985
5.00962
5.01133
5.00989
5.00932
5.00939
5.01025
5.01333
5.01545
5.01670
5.01428
5.01707
5.01981
5.02101
5.02052
5.01915
5.02322
5.02550
5.02441
5.02620
5.02743
5.02864
5.02970
5.03138
5.02993
5.02901
5.03095
5.03418
5.03386
5.03499
5.03465
5.03630
5.03879
5.03818
5.03987
5.04197
5.04147
5.04089
5.04376
5.04419
5.04679
5.04940
5.05026
5.04943
5.04906
5.05040
5.05209
5.05264
5.05346
5.05621
5.05702
5.05525
5.05874
5.05772
5.05405
5.05898
5.06037
