-0.00000
-0.00008
0.00016
-0.00168
0.00047
0.01534
0.01732
0.01683
0.02449
0.01696
0.01516
0.02123
0.01658
0.01506
0.01921
0.02486
0.01905
0.01217
0.01925
0.03548
0.02222
0.02239
0.02489
0.02814
0.02256
0.02164
0.03125
0.02094
0.01748
0.02394
0.01690
0.01382
0.01805
0.03022
0.02582
0.01597
0.01976
0.03012
0.02317
0.02775
0.02409
0.02082
0.02610
0.02062
0.02537
0.03772
0.01980
0.02230
0.02749
0.01895
0.01618
0.01659
0.02049
0.03023
0.03345
0.01558
0.01734
0.02985
0.01940
0.02810
0.03400
0.03353
0.02120
0.03346
0.02375
0.01499
0.02078
0.02267
0.02849
0.02444
0.01857
0.02088
0.02049
0.02240
0.02290
0.01663
0.02807
0.03675
0.01733
0.01560
0.02448
0.02334
0.03166
0.02327
0.02393
0.03541
0.03350
0.03003
0.03838
0.03841
0.01830
0.01679
0.02772
0.02286
0.02209
0.02126
0.01668
0.01818
0.02286
0.02322
