-0.00123
-0.02102
0.04140
-0.43158
0.16858
3.80293
4.40175
3.93002
3.99000
3.96946
3.96836
3.96551
3.96559
3.96355
3.96191
3.96053
3.95940
3.95879
3.95668
3.95363
3.95352
3.95195
3.95084
3.95026
3.94980
3.94769
3.94474
3.94574
3.94644
3.94454
3.94464
3.94571
3.94551
3.94213
3.94043
3.93961
3.93759
3.93739
3.93601
3.93498
3.93456
3.93482
3.93308
3.93077
3.92939
3.92816
3.92770
3.92779
3.92400
3.92506
3.92261
3.92034
3.91945
3.91723
3.91807
3.91472
3.91595
3.91665
3.91396
3.91433
3.91325
3.91013
3.91204
3.91071
3.90930
3.90743
3.90638
3.90640
3.90656
3.90489
3.90288
3.89818
3.89759
3.89752
3.89587
3.89830
3.89670
3.89386
3.89576
3.89138
3.89084
3.88939
3.88696
3.88784
3.88942
3.88476
3.88378
3.88409
3.88086
3.88128
3.88263
3.88031
3.87744
3.87640
3.87868
3.87565
3.87315
3.87314
3.87214
3.86939
