-0.00155
-0.02649
0.05217
-0.54394
0.21205
4.79404
5.55119
4.95395
5.03234
5.00811
5.00371
5.00349
5.00353
5.00184
5.00014
5.00107
5.00034
4.99959
4.99800
4.99344
4.99405
4.99433
4.99299
4.99207
4.99138
4.99098
4.99097
4.98873
4.98861
4.98991
4.98902
4.98704
4.98707
4.98552
4.98662
4.98788
4.98509
4.98413
4.98383
4.98322
4.98183
4.98168
4.98010
4.97995
4.97963
4.97895
4.97864
4.97495
4.97383
4.97523
4.97177
4.97115
4.97396
4.97078
4.96908
4.97031
4.96982
4.96681
4.96570
4.96534
4.96311
4.96287
4.96360
4.96212
4.96213
4.96037
4.95982
4.95880
4.95796
4.95967
4.95986
4.95792
4.95647
4.95473
4.95450
4.95404
4.95119
4.95092
4.94945
4.94810
4.94624
4.94664
4.94636
4.94416
4.94443
4.94081
4.94186
4.94135
4.93707
4.93584
4.93570
4.93568
4.93614
4.93616
4.93568
4.93362
4.93281
4.93143
4.93158
4.93209
