-0.00006
-0.00101
0.00195
-0.02056
0.00713
0.18376
0.21365
0.19207
0.20724
0.19140
0.20438
0.18142
0.17010
0.17034
0.16841
0.17365
0.17746
0.18697
0.19005
0.19274
0.19509
0.18802
0.18803
0.18325
0.17750
0.18363
0.19738
0.19835
0.17610
0.17158
0.17982
0.19692
0.18726
0.18771
0.19064
0.18651
0.18980
0.18239
0.18090
0.17566
0.17091
0.17266
0.17356
0.17451
0.17817
0.17987
0.18514
0.20110
0.19142
0.19566
0.21383
0.18988
0.17821
0.18816
0.18271
0.18179
0.17027
0.16887
0.18418
0.19136
0.19042
0.18473
0.18984
0.19894
0.18668
0.18340
0.19135
0.17590
0.16785
0.17930
0.17680
0.18508
0.20460
0.19054
0.20586
0.20934
0.18716
0.18372
0.19114
0.17912
0.17845
0.17138
0.17020
0.17574
0.18863
0.19232
0.18790
0.18615
0.18926
0.18986
0.19000
0.19259
0.18607
0.18100
0.17831
0.17514
0.17289
0.17160
0.17214
0.17659
