-0.00220
-0.03760
0.07407
-0.77204
0.30161
6.80374
7.87287
7.02411
7.13320
7.09588
7.09263
7.08999
7.08910
7.08788
7.08585
7.08338
7.08112
7.07933
7.07532
7.07191
7.07132
7.06960
7.06647
7.06271
7.06182
7.06041
7.05801
7.05806
7.05697
7.05493
7.05223
7.04873
7.04834
7.04559
7.04330
7.04195
7.03866
7.03711
7.03478
7.03261
7.03118
7.02890
7.02730
7.02437
7.02186
7.02067
7.01803
7.01633
7.01396
7.01175
7.00944
7.00638
7.00500
7.00298
7.00086
6.99935
6.99651
6.99463
6.99196
6.98970
6.98742
6.98436
6.98271
6.97988
6.97757
6.97446
6.97143
6.97158
6.96782
6.96297
6.95864
6.95630
6.95431
6.95063
6.94917
6.94719
6.94397
6.94274
6.94023
6.93861
6.93592
6.93224
6.93078
6.92864
6.92629
6.92405
6.92080
6.91921
6.91705
6.91665
6.91477
6.91131
6.90941
6.90728
6.90430
6.90203
6.89911
6.89789
6.89555
6.89198
