-0.00004
-0.00074
0.00142
-0.01506
0.00522
0.13442
0.15979
0.13907
0.13892
0.13692
0.13920
0.13891
0.13829
0.13930
0.13721
0.13757
0.14490
0.14040
0.14312
0.14006
0.13695
0.13904
0.14334
0.13883
0.13685
0.13686
0.13633
0.13717
0.13644
0.14142
0.13859
0.13779
0.13965
0.14150
0.13819
0.13662
0.13453
0.13563
0.13839
0.14242
0.13937
0.14091
0.13910
0.13466
0.13600
0.13950
0.13886
0.13912
0.13720
0.14259
0.13847
0.13414
0.13357
0.13390
0.13526
0.13866
0.13768
0.14122
0.13941
0.14057
0.13679
0.13342
0.13836
0.13926
0.13398
0.13506
0.13723
0.13600
0.14045
0.14052
0.13677
0.13808
0.13685
0.13739
0.13773
0.13415
0.13711
0.13984
0.13910
0.13361
0.14078
0.13714
0.13441
0.13798
0.13660
0.13269
0.13567
0.13880
0.13490
0.13536
0.13551
0.13474
0.13739
0.13402
0.13727
0.14896
0.13637
0.13464
0.13849
0.13465
