-0.00001
-0.00010
0.00019
-0.00202
0.00057
0.01826
0.02290
0.01947
0.01940
0.02102
0.01918
0.01777
0.01918
0.02496
0.02436
0.02019
0.01807
0.01843
0.02066
0.02119
0.01879
0.01960
0.02019
0.01666
0.01612
0.01677
0.01707
0.01656
0.01594
0.01683
0.01690
0.01807
0.02031
0.01997
0.01692
0.01612
0.01705
0.02066
0.01727
0.02080
0.02094
0.01693
0.01712
0.01941
0.01749
0.01569
0.01501
0.01575
0.01646
0.01869
0.01512
0.01432
0.01489
0.01486
0.01666
0.01562
0.01560
0.01469
0.01411
0.01529
0.01445
0.01514
0.01440
0.01482
0.02195
0.01801
0.01446
0.01362
0.01516
0.01838
0.01479
0.01378
0.01246
0.01175
0.01357
0.01663
0.01341
0.01258
0.01949
0.02277
0.01676
0.01451
0.01566
0.01572
0.01505
0.01922
0.01959
0.01263
0.01406
0.02072
0.01535
0.01674
0.01539
0.01512
0.01589
0.01351
0.01434
0.01328
0.01268
0.01552
