-0.00122
-0.02085
0.04108
-0.42812
0.16742
3.77240
4.36507
3.89425
3.95207
3.93704
3.93462
3.92776
3.92542
3.92309
3.92127
3.92160
3.91837
3.91449
3.91412
3.90965
3.90377
3.89768
3.89382
3.89768
3.89483
3.89255
3.89226
3.88971
3.88908
3.88342
3.87924
3.88081
3.87672
3.87377
3.87068
3.86761
3.86597
3.86575
3.86850
3.86677
3.86260
3.85610
3.85335
3.84871
3.84611
3.85030
3.84778
3.84626
3.84413
3.84091
3.83927
3.84210
3.84336
3.83885
3.83325
3.83300
3.83161
3.82758
3.82150
3.82082
3.82209
3.81596
3.81390
3.81079
3.81229
3.81437
3.81056
3.80765
3.80699
3.80478
3.79963
3.79847
3.79891
3.79887
3.79398
3.79208
3.79299
3.79129
3.78909
3.78844
3.78641
3.78325
3.78442
3.78397
3.78144
3.78049
3.77990
3.77578
3.77069
3.76974
3.76869
3.76407
3.76168
3.75716
3.76099
3.76257
3.75612
3.75904
3.75955
3.75613
