-0.00112
-0.01917
0.03774
-0.39357
0.15341
3.46870
4.01736
3.58561
3.63964
3.62192
3.62309
3.62787
3.63144
3.63355
3.63517
3.63457
3.63804
3.63814
3.63570
3.63673
3.63713
3.63568
3.63320
3.63425
3.63418
3.63559
3.63669
3.63292
3.63330
3.63495
3.63493
3.63531
3.63718
3.63314
3.63150
3.63271
3.62996
3.63037
3.63218
3.62868
3.62791
3.62520
3.62548
3.62711
3.62650
3.62752
3.62495
3.62342
3.62390
3.62336
3.62129
3.62146
3.62162
3.62033
3.61847
3.61755
3.61875
3.62018
3.61757
3.61527
3.61380
3.61316
3.61362
3.61029
3.61126
3.60943
3.60727
3.60933
3.60943
3.60681
3.60619
3.60419
3.60422
3.60397
3.60108
3.60218
3.60019
3.59811
3.59984
3.59706
3.59551
3.59564
3.59523
3.59176
3.58971
3.59032
3.58895
3.58675
3.58587
3.58502
3.58309
3.58267
3.58116
3.58119
3.58128
3.58096
3.57979
3.57597
3.57518
3.57503
