-0.00002
-0.00032
0.00062
-0.00652
0.00251
0.05734
0.06634
0.06107
0.06633
0.06451
0.05580
0.05200
0.05731
0.06149
0.06318
0.06236
0.06284
0.06432
0.06229
0.06082
0.06359
0.05857
0.05969
0.06007
0.05767
0.06267
0.05942
0.05406
0.06016
0.06000
0.05481
0.05541
0.05968
0.06258
0.05945
0.06632
0.06260
0.06017
0.06498
0.06660
0.06188
0.06083
0.06416
0.07072
0.06341
0.05716
0.06358
0.06433
0.05721
0.05942
0.05902
0.05797
0.06029
0.06169
0.06390
0.06017
0.06083
0.05744
0.06050
0.06316
0.05923
0.05771
0.05663
0.05946
0.05985
0.05889
0.05867
0.05816
0.06226
0.06527
0.06406
0.05520
0.06248
0.06426
0.06281
0.06732
0.06114
0.05768
0.06217
0.06495
0.06302
0.06148
0.05713
0.05933
0.05792
0.05630
0.06140
0.06071
0.06011
0.05765
0.05432
0.06022
0.05944
0.05617
0.05325
0.05731
0.06240
0.06116
0.05638
0.05753
