-0.00185
-0.03161
0.06222
-0.64887
0.25295
5.71811
6.62343
5.91418
6.00367
5.97823
5.97695
5.97633
5.97769
5.97692
5.97346
5.97885
5.97709
5.97956
5.98115
5.98106
5.98185
5.98341
5.98497
5.98672
5.99115
5.99110
5.98602
5.98331
5.98444
5.98996
5.99499
5.99311
6.00144
6.00162
6.00004
6.00786
6.00008
6.00237
6.00626
6.00838
6.01118
6.00689
6.00968
6.01837
6.02319
6.02755
6.02482
6.02177
6.01748
6.02103
6.02471
6.01789
6.01679
6.01428
6.02210
6.02876
6.02835
6.03124
6.03334
6.03250
6.02550
6.02786
6.03411
6.03737
6.03728
6.03922
6.04035
6.04420
6.04570
6.04611
6.04718
6.04750
6.04736
6.05169
6.05318
6.04661
6.05162
6.05199
6.05299
6.05137
6.05191
6.05748
6.05691
6.05628
6.06056
6.06491
6.06069
6.06133
6.06549
6.06691
6.07047
6.06951
6.06796
6.06904
6.07067
6.07537
6.07534
6.07109
6.07147
6.07544
