-0.00001
-0.00013
0.00026
-0.00265
0.00123
0.02262
0.02588
0.02482
0.02391
0.02628
0.02622
0.02597
0.02420
0.02558
0.02597
0.02427
0.02380
0.02599
0.02527
0.02426
0.02462
0.02405
0.02437
0.02454
0.02328
0.02438
0.02702
0.02344
0.02536
0.02554
0.02538
0.02399
0.02360
0.02428
0.02618
0.02597
0.02333
0.02419
0.02590
0.02564
0.02464
0.02413
0.02327
0.02300
0.02352
0.02433
0.02440
0.02472
0.02431
0.02337
0.02462
0.02450
0.02507
0.02590
0.02537
0.02438
0.02351
0.02246
0.02196
0.02406
0.02401
0.02349
0.02478
0.02597
0.02605
0.02536
0.02387
0.02446
0.02558
0.02543
0.02312
0.02310
0.02336
0.02279
0.02284
0.02471
0.02444
0.02386
0.02406
0.02517
0.02420
0.02278
0.02466
0.02497
0.02436
0.02535
0.02484
0.02603
0.02489
0.02379
0.02343
0.02498
0.02302
0.02248
0.02357
0.02420
0.02532
0.02561
0.02529
0.02496
