-0.00051
-0.00874
0.01725
-0.17939
0.06988
1.58712
1.82430
1.60149
1.63746
1.56831
1.52263
1.56865
1.63004
1.65466
1.65171
1.63007
1.57786
1.54528
1.57077
1.59583
1.62742
1.66144
1.62078
1.57313
1.62030
1.59882
1.58144
1.59803
1.57864
1.59024
1.62519
1.61828
1.59559
1.58174
1.58574
1.62857
1.69558
1.68128
1.69704
1.67737
1.66868
1.65528
1.63322
1.60476
1.61109
1.61899
1.63245
1.68774
1.73329
1.71463
1.67079
1.71285
1.71589
1.67590
1.65888
1.66479
1.68444
1.70050
1.68500
1.70250
1.73201
1.74141
1.72741
1.70220
1.68724
1.71742
1.72542
1.72200
1.72376
1.70853
1.71088
1.68956
1.68845
1.70018
1.67588
1.67665
1.69370
1.68963
1.67792
1.66234
1.65798
1.66018
1.66811
1.68689
1.69503
1.67426
1.69697
1.68910
1.66069
1.66362
1.65199
1.66554
1.70542
1.70106
1.68007
1.68899
1.69410
1.70748
1.70028
1.68949
