-0.00136
-0.02330
0.04588
-0.47844
0.18645
4.21612
4.88338
4.36235
4.43308
4.41829
4.42369
4.41978
4.41730
4.41695
4.41786
4.42121
4.42608
4.43011
4.43177
4.43148
4.43025
4.42874
4.43422
4.44131
4.43847
4.43745
4.44283
4.44349
4.44644
4.44974
4.44723
4.44868
4.45311
4.45494
4.45446
4.45468
4.45299
4.45410
4.45142
4.45622
4.45827
4.46407
4.46685
4.46676
4.46929
4.47228
4.47201
4.47101
4.47100
4.47135
4.47642
4.47560
4.47459
4.48092
4.48447
4.48709
4.48414
4.48402
4.48942
4.48825
4.48735
4.48829
4.49187
4.49653
4.49772
4.49672
4.50042
4.50073
4.50187
4.50449
4.50746
4.50993
4.51257
4.51401
4.51477
4.51681
4.51817
4.51955
4.52198
4.52474
4.52553
4.52644
4.52952
4.52877
4.53043
4.53380
4.53268
4.53603
4.54201
4.53961
4.54251
4.54535
4.54250
4.54370
4.54776
4.54919
4.54983
4.54832
4.54889
4.55378
