-0.00044
-0.00751
0.01471
-0.15398
0.05877
1.35846
1.58481
1.41752
1.44033
1.43318
1.40970
1.41393
1.41001
1.38767
1.42136
1.42844
1.44785
1.46992
1.43229
1.40048
1.38233
1.37345
1.37937
1.37763
1.37999
1.40398
1.37576
1.37810
1.40718
1.40998
1.39422
1.41588
1.39874
1.35977
1.37991
1.44738
1.45629
1.47625
1.45571
1.43363
1.40845
1.40456
1.43615
1.46731
1.44107
1.40376
1.41399
1.40941
1.38147
1.36850
1.36837
1.40479
1.35901
1.31686
1.38600
1.40796
1.38211
1.37997
1.39574
1.43025
1.41368
1.39685
1.40757
1.40617
1.40587
1.40899
1.39224
1.38108
1.38051
1.37495
1.39118
1.43122
1.43862
1.45644
1.44702
1.42229
1.38673
1.37269
1.35710
1.31423
1.32462
1.33405
1.33832
1.38256
1.37072
1.36674
1.41263
1.39561
1.34080
1.33210
1.38169
1.38031
1.33221
1.34586
1.36920
1.37607
1.38742
1.38973
1.38235
1.38010
