-0.00003
-0.00053
0.00103
-0.01089
0.00374
0.09695
0.11602
0.10392
0.10255
0.10133
0.11383
0.10868
0.10298
0.10743
0.09979
0.09705
0.10365
0.10553
0.10390
0.10362
0.11045
0.10902
0.10492
0.10539
0.11057
0.11390
0.11082
0.10437
0.10850
0.11092
0.10763
0.10931
0.10825
0.11033
0.10595
0.10349
0.10575
0.10506
0.10439
0.10184
0.10784
0.11343
0.10424
0.10149
0.10595
0.10699
0.10712
0.10497
0.11481
0.10948
0.10121
0.10049
0.11041
0.10743
0.11164
0.11164
0.10654
0.10418
0.11040
0.10506
0.10506
0.11329
0.10924
0.10536
0.10864
0.10879
0.10874
0.10954
0.10915
0.11400
0.11349
0.10576
0.10662
0.10778
0.11052
0.11400
0.11348
0.11474
0.11460
0.11130
0.10959
0.11314
0.11570
0.11009
0.10573
0.10602
0.10726
0.10567
0.10486
0.11148
0.11106
0.10832
0.10457
0.10731
0.10836
0.10950
0.11675
0.11781
0.11247
0.10773
