-0.00046
-0.00787
0.01552
-0.16176
0.06364
1.42246
1.64612
1.48403
1.51225
1.49850
1.48586
1.47251
1.45950
1.47319
1.48434
1.50811
1.48156
1.45967
1.47440
1.46947
1.46272
1.46073
1.45787
1.46107
1.47015
1.45507
1.45171
1.46452
1.46530
1.45709
1.45175
1.46412
1.44838
1.44757
1.44467
1.43278
1.42877
1.41316
1.42439
1.40292
1.41404
1.42366
1.44086
1.46277
1.41277
1.39877
1.42889
1.44461
1.47150
1.48994
1.47275
1.43295
1.45614
1.49775
1.47608
1.42338
1.42512
1.44564
1.44120
1.42139
1.40123
1.41690
1.40581
1.39212
1.41381
1.45997
1.44387
1.41936
1.40017
1.39342
1.39808
1.42037
1.42297
1.41001
1.41948
1.44028
1.45625
1.47238
1.46949
1.46355
1.47036
1.47063
1.46742
1.46140
1.47019
1.45780
1.45147
1.44128
1.44103
1.44497
1.45101
1.49076
1.49603
1.46619
1.47117
1.44177
1.42700
1.43058
1.44404
1.45622
