-0.00101
-0.01729
0.03404
-0.35501
0.13819
3.12874
3.62486
3.23772
3.29312
3.28216
3.27868
3.28193
3.28860
3.28776
3.29068
3.29189
3.29437
3.28794
3.29176
3.30213
3.29816
3.29441
3.30067
3.30653
3.30650
3.30627
3.31118
3.31353
3.31590
3.31944
3.31800
3.32016
3.32112
3.32130
3.32637
3.32607
3.32821
3.33639
3.33729
3.33222
3.33920
3.34045
3.34057
3.34539
3.34710
3.34637
3.35230
3.35595
3.35791
3.36000
3.36255
3.36592
3.36157
3.36331
3.36917
3.37152
3.37078
3.37187
3.37858
3.37557
3.37495
3.38114
3.38138
3.38414
3.39088
3.39034
3.39158
3.39144
3.39162
3.39599
3.39814
3.40075
3.39736
3.39392
3.39903
3.40548
3.40676
3.40936
3.41551
3.41704
3.41852
3.42180
3.42402
3.42751
3.42856
3.43390
3.43529
3.43018
3.43568
3.44158
3.43820
3.44083
3.43940
3.43753
3.44465
3.44785
3.45288
3.45189
3.45475
3.45672
