-0.00022
-0.00383
0.00753
-0.07868
0.03045
0.69338
0.80552
0.72183
0.73301
0.73185
0.73583
0.73754
0.74275
0.74476
0.74343
0.74787
0.75071
0.75023
0.75268
0.75777
0.75771
0.75522
0.76113
0.76545
0.76529
0.77459
0.77299
0.77177
0.77580
0.77901
0.77845
0.77664
0.78145
0.78644
0.78811
0.78866
0.79429
0.79712
0.79722
0.80191
0.80341
0.80427
0.80971
0.80763
0.80660
0.81203
0.81627
0.81909
0.82372
0.82382
0.82500
0.82845
0.82895
0.82959
0.83446
0.83560
0.83344
0.84077
0.84520
0.84424
0.84460
0.84659
0.85017
0.85803
0.85831
0.85685
0.86089
0.86484
0.86477
0.86624
0.87104
0.87013
0.87008
0.87217
0.87424
0.88001
0.87891
0.88354
0.88305
0.88541
0.89339
0.89312
0.89100
0.89778
0.90211
0.90331
0.90711
0.90734
0.90985
0.91150
0.91415
0.91693
0.91423
0.91505
0.92363
0.92653
0.92571
0.92684
0.93172
0.93301
