-0.00070
-0.01192
0.02354
-0.24496
0.09670
2.15689
2.48976
2.22159
2.24877
2.23432
2.22921
2.22088
2.22492
2.22140
2.21765
2.21321
2.20653
2.20801
2.19986
2.19646
2.19181
2.18335
2.18029
2.17294
2.17213
2.16732
2.15761
2.15798
2.15359
2.14848
2.14250
2.13889
2.13912
2.13010
2.12795
2.12377
2.11686
2.11567
2.10713
2.10549
2.09957
2.09327
2.09448
2.08277
2.08198
2.07506
2.06485
2.06512
2.05661
2.05464
2.05205
2.04820
2.04563
2.03440
2.03311
2.03186
2.02685
2.02351
2.01271
2.01193
2.00757
2.00142
2.00081
1.99231
1.99459
1.98558
1.97814
1.97631
1.96549
1.96606
1.96007
1.95207
1.95161
1.94427
1.94452
1.94443
1.93778
1.93306
1.92274
1.91927
1.91262
1.90951
1.90709
1.89663
1.89581
1.89163
1.88575
1.88102
1.87490
1.87455
1.86500
1.85730
1.85755
1.85047
1.85071
1.84374
1.83707
1.83536
1.82435
1.82516
