-0.00009
-0.00159
0.00318
-0.03269
0.01374
0.28733
0.32336
0.28266
0.28759
0.28913
0.29220
0.29193
0.29238
0.29626
0.29783
0.29628
0.29140
0.29055
0.29101
0.28289
0.27858
0.28262
0.27883
0.27443
0.27298
0.27315
0.27873
0.28464
0.28470
0.28380
0.28237
0.27877
0.28011
0.27677
0.27610
0.27396
0.26324
0.26550
0.26028
0.25908
0.26673
0.26813
0.26069
0.26119
0.26043
0.25944
0.26449
0.27030
0.27177
0.26230
0.25800
0.25643
0.25656
0.25704
0.25585
0.24895
0.24972
0.26052
0.25312
0.24939
0.25324
0.25040
0.24366
0.24222
0.24288
0.25372
0.25745
0.26439
0.26637
0.25360
0.25447
0.26743
0.26193
0.25573
0.25128
0.23696
0.23519
0.25327
0.25978
0.25438
0.25163
0.25200
0.25458
0.25370
0.25037
0.25137
0.24386
0.23408
0.23300
0.23823
0.24867
0.25849
0.25652
0.25232
0.25516
0.25240
0.25155
0.25147
0.25164
0.25581
