-0.00122
-0.02082
0.04099
-0.42737
0.16666
3.76646
4.36085
3.89305
3.95423
3.93234
3.93583
3.94257
3.94265
3.94117
3.94207
3.94274
3.94633
3.95156
3.95242
3.95144
3.95463
3.95607
3.95648
3.95873
3.95850
3.95688
3.95857
3.96136
3.96209
3.96034
3.96421
3.96515
3.96442
3.96848
3.96912
3.96358
3.96109
3.96417
3.97220
3.97377
3.97542
3.97955
3.98153
3.98123
3.98507
3.98754
3.98018
3.98093
3.98801
3.98972
3.99151
3.99596
3.99488
3.99450
3.99958
4.00361
3.99813
4.00359
4.01069
4.00116
4.00022
4.00779
4.00513
4.00309
4.00926
4.00495
3.99778
4.00310
4.00566
4.00634
4.01152
4.01565
4.01140
4.00808
4.01041
4.01158
4.01636
4.01965
4.02200
4.02149
4.02299
4.02589
4.02673
4.02924
4.02347
4.02453
4.02989
4.03013
4.03126
4.03288
4.03248
4.02858
4.03365
4.03833
4.04058
4.04140
4.03835
4.04419
4.04539
4.04285
