-0.00011
-0.00183
0.00366
-0.03782
0.01585
0.33062
0.37643
0.34290
0.34281
0.33081
0.33954
0.34477
0.34176
0.34433
0.34953
0.34135
0.34317
0.35404
0.34253
0.34243
0.34522
0.34250
0.34586
0.34260
0.34111
0.34430
0.33764
0.33853
0.34550
0.34555
0.34584
0.34734
0.33910
0.34364
0.34776
0.33864
0.33896
0.34122
0.33010
0.33111
0.33375
0.32509
0.33025
0.33072
0.32205
0.33184
0.34004
0.33692
0.33308
0.33905
0.33247
0.32749
0.33871
0.32739
0.32346
0.33051
0.32629
0.32258
0.32724
0.32909
0.32595
0.32316
0.32862
0.32623
0.32456
0.33181
0.33180
0.32766
0.32844
0.33255
0.33130
0.33532
0.32835
0.31745
0.32073
0.31943
0.32068
0.32557
0.32719
0.33597
0.34035
0.32364
0.32141
0.32657
0.33426
0.32827
0.32997
0.32987
0.33478
0.33509
0.32430
0.31775
0.32225
0.32408
0.33047
0.33306
0.33159
0.33558
0.33437
0.32929
