-0.00061
-0.01039
0.02037
-0.21301
0.08133
1.87935
2.18547
1.95201
2.02784
2.07384
2.03341
1.99177
2.01446
2.02338
2.02345
2.01438
2.00468
1.98942
1.97646
1.99783
1.98792
1.98422
1.99268
1.99711
2.00581
2.05232
2.02886
1.98408
1.99420
2.01799
1.99903
2.01414
2.00386
1.97163
1.99734
2.03106
2.05098
2.03992
2.00976
1.98083
1.98315
1.97420
1.96116
1.94582
1.93064
1.94265
2.02733
2.06878
2.00967
1.96706
1.97580
1.95514
1.95189
1.94725
1.91148
1.92456
1.96211
1.94791
1.90561
1.93406
1.96329
1.93665
1.94849
1.94580
1.90851
1.92321
2.00115
1.94182
1.87459
1.87367
1.87403
1.88595
1.89788
1.93387
1.93048
1.91261
1.89054
1.89269
1.92362
1.89822
1.89127
1.91670
1.90072
1.90161
1.93396
1.94851
1.92122
1.92234
1.92737
1.94402
1.95306
1.95185
1.96459
1.95234
1.91384
1.91014
1.91668
1.92249
1.93909
1.93437
