-0.00094
-0.01608
0.03170
-0.33029
0.12974
2.90768
3.36108
3.01145
3.06568
3.04776
3.04884
3.05287
3.05272
3.05705
3.05392
3.05328
3.06055
3.05974
3.06458
3.06502
3.06591
3.06557
3.07111
3.07595
3.07627
3.07757
3.07286
3.07112
3.08015
3.08330
3.08434
3.08178
3.08282
3.08738
3.08765
3.09653
3.09866
3.09372
3.09683
3.10226
3.10729
3.10971
3.11452
3.11294
3.10965
3.11561
3.11794
3.11720
3.11464
3.11540
3.11857
3.11466
3.12102
3.12767
3.12848
3.12785
3.12343
3.13028
3.13766
3.13135
3.13771
3.14152
3.14176
3.14320
3.14348
3.14711
3.15150
3.14986
3.15070
3.15131
3.15252
3.15472
3.15517
3.15757
3.16126
3.16502
3.16632
3.16749
3.16836
3.16644
3.17165
3.17611
3.17683
3.17425
3.17413
3.17707
3.18139
3.18753
3.18446
3.17741
3.18597
3.19053
3.18917
3.18589
3.19175
3.20180
3.20748
3.21113
3.20796
3.20548
