-0.00131
-0.02230
0.04395
-0.45803
0.17925
4.03510
4.66719
4.17032
4.24083
4.22040
4.22498
4.22656
4.22465
4.22790
4.22483
4.22226
4.22849
4.22823
4.22909
4.23115
4.23446
4.23601
4.23900
4.24030
4.24350
4.24734
4.24157
4.23676
4.24416
4.24649
4.24187
4.24242
4.24865
4.25102
4.24820
4.25112
4.25261
4.25219
4.25707
4.26020
4.26100
4.26204
4.26258
4.26606
4.26511
4.26491
4.26791
4.26871
4.26740
4.26718
4.26915
4.26522
4.26921
4.27687
4.27724
4.27481
4.27179
4.27477
4.27979
4.28068
4.28473
4.28830
4.29169
4.28757
4.28607
4.29080
4.29041
4.29395
4.29538
4.29664
4.29371
4.29183
4.29594
4.29935
4.30017
4.30493
4.30373
4.30195
4.30810
4.30569
4.30518
4.30637
4.30537
4.30825
4.30857
4.30977
4.31514
4.31580
4.31321
4.31158
4.31634
4.31553
4.31657
4.31838
4.32269
4.32771
4.32896
4.32870
4.32941
4.33027
