-0.00013
-0.00224
0.00439
-0.04586
0.01754
0.40565
0.47089
0.41454
0.42090
0.42101
0.41784
0.41638
0.42609
0.42878
0.42327
0.42212
0.42240
0.42423
0.42159
0.42204
0.41846
0.42358
0.42845
0.42687
0.41879
0.41814
0.41530
0.42159
0.42460
0.41448
0.41308
0.41918
0.42394
0.42417
0.42136
0.41922
0.41851
0.42428
0.42377
0.42229
0.43157
0.42772
0.42033
0.41780
0.41906
0.42407
0.42782
0.42617
0.42366
0.42211
0.43100
0.42995
0.41981
0.42144
0.42886
0.42239
0.42202
0.42549
0.42958
0.42764
0.42265
0.42842
0.43064
0.42729
0.42666
0.42188
0.42108
0.43259
0.43317
0.41922
0.41891
0.43142
0.42718
0.41657
0.42406
0.42410
0.42256
0.42116
0.42522
0.42029
0.42184
0.42542
0.43097
0.42611
0.42101
0.42445
0.42586
0.42625
0.43465
0.42397
0.42080
0.42168
0.42769
0.42257
0.42672
0.43304
0.42653
0.42645
0.42549
0.42358
