-0.00193
-0.03301
0.06505
-0.67797
0.26525
5.97308
6.90887
6.17260
6.27472
6.23576
6.23968
6.24589
6.24822
6.24975
6.23713
6.23758
6.24647
6.24417
6.24781
6.25012
6.25238
6.25293
6.25483
6.25915
6.25536
6.25899
6.25152
6.24784
6.25532
6.25614
6.25253
6.24892
6.25724
6.26317
6.25465
6.26370
6.26787
6.26482
6.26797
6.26752
6.27407
6.27549
6.27286
6.27474
6.27375
6.27625
6.27993
6.27608
6.27348
6.27862
6.27737
6.27260
6.27020
6.27870
6.28414
6.27932
6.27412
6.27553
6.28584
6.28660
6.28841
6.29054
6.29471
6.29270
6.28713
6.29104
6.28977
6.29495
6.29913
6.29535
6.29317
6.29095
6.29436
6.29047
6.29176
6.30392
6.29754
6.29503
6.30639
6.30258
6.30247
6.30075
6.30010
6.30238
6.30022
6.30451
6.30732
6.30480
6.30559
6.30007
6.30473
6.30660
6.30755
6.30884
6.30915
6.31726
6.31971
6.31840
6.31727
6.31764
