-0.00228
-0.03891
0.07662
-0.79882
0.31163
7.04004
8.15015
7.27429
7.38953
7.35240
7.34966
7.34941
7.34911
7.34836
7.34691
7.34585
7.34489
7.34327
7.34220
7.34128
7.33997
7.33968
7.33898
7.33808
7.33797
7.33785
7.33745
7.33690
7.33686
7.33670
7.33680
7.33542
7.33020
7.32863
7.32982
7.33063
7.33196
7.33327
7.33375
7.33583
7.33823
7.33877
7.33861
7.33868
7.33908
7.33892
7.33877
7.33953
7.33959
7.33976
7.33972
7.33924
7.33907
7.33860
7.33716
7.33667
7.33699
7.33739
7.33740
7.33801
7.33949
7.34052
7.34074
7.34009
7.33949
7.33894
7.33898
7.33913
7.33847
7.33839
7.33919
7.33975
7.33991
7.34022
7.34121
7.34106
7.34086
7.34111
7.34115
7.34157
7.34123
7.34089
7.34046
7.34032
7.34043
7.34017
7.34033
7.34025
7.33984
7.34013
7.34006
7.33971
7.33963
7.33959
7.33950
7.33939
7.33945
7.33926
7.33909
7.33938
