-0.00190
-0.03250
0.06401
-0.66734
0.26035
5.88126
6.80853
6.07663
6.17309
6.14248
6.13927
6.13894
6.13598
6.13484
6.13809
6.13818
6.13673
6.13580
6.13563
6.13714
6.13694
6.13624
6.13512
6.13358
6.13227
6.13120
6.13103
6.13288
6.13195
6.13154
6.13245
6.13346
6.13390
6.13321
6.13525
6.13139
6.13163
6.13060
6.12883
6.13062
6.12777
6.12754
6.12616
6.12431
6.12291
6.12264
6.12524
6.12399
6.12283
6.12402
6.12232
6.12199
6.12013
6.11856
6.12057
6.11809
6.11731
6.11689
6.11579
6.11540
6.11289
6.11212
6.11099
6.10784
6.10728
6.10699
6.10696
6.10780
6.10742
6.10844
6.10796
6.10786
6.10720
6.10678
6.10498
6.10262
6.10280
6.10359
6.10376
6.10251
6.10021
6.09927
6.09795
6.09736
6.09788
6.09610
6.09631
6.09637
6.09542
6.09500
6.09207
6.09273
6.09328
6.09170
6.09174
6.08836
6.08680
6.08733
6.08642
6.08746
