-0.00031
-0.00523
0.01029
-0.10735
0.04193
0.94495
1.09632
0.98501
0.99568
0.98770
0.99282
1.00981
1.02822
1.01798
0.99927
0.99280
0.98834
0.99067
0.99622
0.99290
0.98829
0.99268
1.00665
1.01204
1.00978
1.00938
0.99771
0.99908
1.00087
0.99819
0.99679
0.99313
0.99793
1.00748
1.00346
1.01545
1.01278
1.00198
1.00463
0.99847
0.99456
0.99901
1.00435
0.99666
0.99494
0.99409
0.99187
0.99070
0.99008
0.99324
0.99459
0.99670
1.00302
0.99530
0.99088
0.99191
0.99838
0.99564
0.99211
0.99385
0.99339
0.99767
0.99496
0.99381
1.00398
0.99700
0.99161
0.99717
0.99621
0.99134
0.99238
0.98876
0.98684
0.99462
0.99868
0.99558
0.99566
0.99668
0.99521
0.98720
0.98709
1.00850
1.01219
1.00121
0.99711
0.99831
0.99666
0.99789
1.00297
0.99633
0.99022
0.99098
0.99424
0.99415
0.99200
0.99412
0.98863
0.99288
1.00015
0.98914
