-0.00004
-0.00074
0.00143
-0.01507
0.00545
0.13387
0.15805
0.13814
0.13880
0.14050
0.13934
0.13806
0.14080
0.14406
0.13936
0.13646
0.13735
0.13909
0.14141
0.13921
0.14483
0.14725
0.14218
0.14026
0.13902
0.13949
0.14147
0.14053
0.13850
0.13659
0.13968
0.14256
0.13940
0.14031
0.14252
0.14318
0.13956
0.14004
0.13938
0.13929
0.14268
0.13962
0.13719
0.13967
0.13988
0.13737
0.13893
0.14334
0.14318
0.14097
0.13741
0.13541
0.13847
0.13795
0.13599
0.14064
0.14080
0.13690
0.13671
0.13679
0.13921
0.14684
0.14242
0.13641
0.13827
0.13726
0.13598
0.13777
0.13814
0.13887
0.13774
0.13716
0.13966
0.14010
0.14214
0.13841
0.13570
0.13691
0.13916
0.13636
0.13724
0.13741
0.13822
0.13755
0.14072
0.13926
0.13522
0.13950
0.13853
0.14061
0.14021
0.13819
0.14131
0.13994
0.14011
0.13685
0.13816
0.13827
0.13600
0.13677
