-0.00111
-0.01897
0.03737
-0.38955
0.15201
3.43364
3.97372
3.54321
3.59878
3.57920
3.57662
3.57564
3.57509
3.57289
3.56588
3.56466
3.56563
3.56192
3.55957
3.55694
3.55533
3.55474
3.55312
3.55207
3.55116
3.55117
3.54924
3.54833
3.54763
3.54438
3.54124
3.54056
3.53867
3.53741
3.53516
3.53431
3.53346
3.53086
3.52982
3.52885
3.52458
3.52362
3.52390
3.52385
3.52162
3.52005
3.52014
3.51721
3.51400
3.51233
3.51075
3.50889
3.50782
3.50762
3.50505
3.50132
3.49891
3.49940
3.49635
3.49586
3.49446
3.49280
3.49266
3.48990
3.48900
3.48843
3.48613
3.48529
3.48484
3.47898
3.47573
3.47777
3.47756
3.47821
3.47586
3.47403
3.47125
3.47008
3.46973
3.46639
3.46579
3.46601
3.46365
3.46075
3.45823
3.45645
3.45566
3.45419
3.45277
3.45184
3.44787
3.44716
3.44608
3.44355
3.44072
3.43782
3.43581
3.43385
3.43096
3.42970
