-0.00123
-0.02103
0.04140
-0.43171
0.16821
3.80463
4.40679
3.93585
3.99866
3.97929
3.98055
3.98255
3.98365
3.98542
3.98710
3.98976
3.99080
3.99236
3.99438
3.99616
4.00006
4.00176
4.00201
4.00408
4.00657
4.00845
4.00951
4.01115
4.01246
4.01301
4.01300
4.01433
4.01694
4.01888
4.01905
4.02216
4.02421
4.02521
4.02810
4.02550
4.02699
4.02979
4.02934
4.03154
4.03363
4.03474
4.03612
4.03659
4.03890
4.04152
4.04314
4.04547
4.04737
4.05001
4.05003
4.05169
4.05232
4.05423
4.05622
4.05559
4.05955
4.06049
4.06048
4.06122
4.06253
4.06629
4.06739
4.06786
4.07137
4.07105
4.07220
4.07430
4.07670
4.07832
4.07738
4.07981
4.08104
4.08296
4.08539
4.08576
4.08482
4.08486
4.08884
4.09173
4.09303
4.09785
4.09793
4.09570
4.09875
4.10071
4.10141
4.10172
4.10333
4.10568
4.10814
4.10893
4.10800
4.11036
4.11400
4.11399
