-0.00002
-0.00030
0.00058
-0.00621
0.00219
0.05452
0.06558
0.06332
0.06392
0.05947
0.06750
0.06571
0.05731
0.06214
0.06179
0.06469
0.06205
0.05740
0.06069
0.06405
0.06226
0.06025
0.05835
0.05648
0.05828
0.06175
0.06520
0.06365
0.06015
0.06193
0.06598
0.06134
0.05831
0.05807
0.05706
0.05797
0.06210
0.06176
0.06104
0.06842
0.06219
0.05989
0.06107
0.06425
0.05841
0.05619
0.05821
0.05992
0.06283
0.05968
0.06633
0.06697
0.06562
0.06287
0.06273
0.06121
0.06077
0.06211
0.06086
0.05992
0.06903
0.07018
0.05773
0.05880
0.06380
0.06179
0.05842
0.05946
0.06206
0.05970
0.05987
0.05794
0.06245
0.06361
0.06238
0.06095
0.05723
0.05678
0.06647
0.06448
0.06097
0.06054
0.05542
0.05650
0.06437
0.06481
0.06017
0.05777
0.06184
0.06059
0.05329
0.06135
0.06516
0.06677
0.06837
0.06196
0.06157
0.07086
0.06560
0.06286
