-0.00125
-0.02142
0.04218
-0.43983
0.17157
3.87580
4.48733
4.00845
4.07454
4.05332
4.05347
4.05575
4.05563
4.05981
4.06180
4.06237
4.06516
4.06702
4.06800
4.06656
4.06857
4.07095
4.07066
4.07302
4.07278
4.07724
4.07992
4.07850
4.08014
4.08105
4.08293
4.08392
4.08627
4.08845
4.08940
4.08806
4.08985
4.09466
4.09632
4.09629
4.09717
4.09949
4.10046
4.10155
4.10340
4.10500
4.10582
4.10610
4.10704
4.11112
4.11138
4.11482
4.11692
4.11609
4.11601
4.11929
4.12155
4.12070
4.12281
4.12529
4.12731
4.12846
4.12958
4.13011
4.13254
4.13259
4.13219
4.13484
4.13946
4.13860
4.13958
4.14044
4.14288
4.14096
4.14193
4.14699
4.14859
4.14890
4.15048
4.15137
4.15535
4.15515
4.15321
4.15480
4.15650
4.15736
4.15832
4.16100
4.16118
4.16445
4.16762
4.16699
4.16566
4.16534
4.16676
4.17127
4.17258
4.17520
4.17514
4.17630
