-0.00001
-0.00010
0.00021
-0.00216
0.00096
0.01866
0.01970
0.02152
0.02699
0.01613
0.01714
0.02345
0.01752
0.01982
0.01978
0.01803
0.02080
0.02426
0.02327
0.01954
0.01760
0.01826
0.02815
0.02632
0.01973
0.02405
0.02171
0.01460
0.01686
0.02203
0.01632
0.01788
0.02484
0.02369
0.01772
0.01993
0.02884
0.02681
0.02551
0.02276
0.02522
0.02081
0.02216
0.02268
0.01910
0.01777
0.01873
0.01853
0.02006
0.02127
0.01895
0.01989
0.02245
0.02092
0.01834
0.02205
0.02531
0.01892
0.01852
0.02319
0.02145
0.01850
0.02089
0.02526
0.02338
0.01881
0.02160
0.02387
0.02151
0.02052
0.01932
0.01925
0.02100
0.01888
0.02133
0.02772
0.02484
0.02067
0.01986
0.01625
0.02031
0.02159
0.01981
0.02073
0.01766
0.01858
0.02316
0.02078
0.01943
0.01887
0.02223
0.02364
0.02232
0.02060
0.02339
0.02226
0.01943
0.02460
0.02466
0.02165
