-0.00126
-0.02158
0.04249
-0.44309
0.17280
3.90429
4.52186
4.03985
4.10409
4.08755
4.08830
4.09040
4.09319
4.09613
4.09804
4.09891
4.10302
4.11092
4.11422
4.10891
4.10782
4.11165
4.11648
4.11854
4.11927
4.12165
4.12471
4.12350
4.12765
4.13169
4.13479
4.13589
4.13625
4.13883
4.14241
4.14956
4.15455
4.15256
4.15752
4.16650
4.16734
4.17403
4.18145
4.18124
4.18141
4.18330
4.18282
4.18006
4.17854
4.18086
4.18521
4.18644
4.18451
4.18606
4.18699
4.18843
4.19192
4.19776
4.20042
4.19954
4.20405
4.21090
4.21304
4.21055
4.21326
4.21874
4.21865
4.21984
4.22535
4.22726
4.22750
4.23315
4.23392
4.23168
4.23567
4.24452
4.24830
4.24984
4.25250
4.25396
4.25423
4.25285
4.25109
4.25469
4.25998
4.26283
4.26192
4.26599
4.27179
4.27202
4.26759
4.27442
4.28263
4.28445
4.28797
4.29180
4.29377
4.29122
4.29013
4.28919
