-0.00165
-0.02823
0.05559
-0.57957
0.22618
5.10784
5.91219
5.27562
5.35908
5.33107
5.32902
5.32813
5.32728
5.32703
5.32549
5.32492
5.32575
5.32206
5.31899
5.31895
5.31869
5.31659
5.31693
5.31593
5.31340
5.31386
5.31372
5.31412
5.31405
5.30968
5.30824
5.30891
5.30834
5.30610
5.30523
5.30502
5.30298
5.30266
5.30162
5.29856
5.29933
5.30153
5.30070
5.29792
5.29642
5.29422
5.29380
5.29415
5.29091
5.28876
5.28903
5.28839
5.28699
5.28745
5.28706
5.28374
5.28179
5.28319
5.28259
5.27961
5.28003
5.27884
5.27824
5.27794
5.27432
5.27173
5.27293
5.27037
5.26855
5.26961
5.26782
5.26542
5.26603
5.26602
5.26497
5.26187
5.26236
5.26479
5.26084
5.26081
5.26046
5.25789
5.25619
5.25369
5.25423
5.25380
5.25260
5.25145
5.24947
5.24853
5.24713
5.24728
5.24732
5.24380
5.24295
5.24201
5.24162
5.24127
5.23658
5.23681
