-0.00030
-0.00517
0.01017
-0.10609
0.04140
0.93480
1.08330
0.96830
0.97793
0.96655
0.96211
0.95617
0.96047
0.96337
0.95999
0.95222
0.94831
0.95514
0.95783
0.95250
0.95067
0.94851
0.94333
0.95232
0.95057
0.94231
0.93235
0.94361
0.94810
0.94294
0.93825
0.93877
0.94352
0.94117
0.93775
0.93637
0.92917
0.93100
0.93937
0.93828
0.93115
0.91934
0.91985
0.92146
0.91225
0.91957
0.91642
0.90799
0.92692
0.92886
0.91049
0.90809
0.90580
0.91929
0.93010
0.92695
0.91220
0.91467
0.92459
0.93004
0.93242
0.92724
0.93005
0.92954
0.91431
0.91129
0.92502
0.93605
0.92208
0.92124
0.92087
0.89998
0.89321
0.90623
0.90557
0.89821
0.89726
0.89531
0.89530
0.89691
0.88937
0.87556
0.88015
0.89181
0.89319
0.88726
0.88187
0.88488
0.88683
0.87599
0.88265
0.89078
0.89026
0.89014
0.87975
0.87507
0.87711
0.88560
0.88777
0.88230
