-0.00002
-0.00041
0.00078
-0.00828
0.00272
0.07407
0.08982
0.07799
0.07694
0.07747
0.07807
0.08457
0.08122
0.07684
0.07943
0.07903
0.07974
0.08454
0.08582
0.08574
0.08049
0.07899
0.07766
0.07520
0.07914
0.08004
0.07970
0.07975
0.07627
0.08009
0.08018
0.07867
0.07628
0.08039
0.07986
0.08145
0.08229
0.07864
0.07783
0.08230
0.07784
0.08052
0.08788
0.08187
0.08106
0.07917
0.07881
0.07793
0.08066
0.08103
0.07502
0.07771
0.08075
0.07437
0.07709
0.08062
0.07596
0.07657
0.07751
0.07679
0.07729
0.07499
0.06838
0.07256
0.07491
0.07041
0.06962
0.07809
0.07959
0.07402
0.07595
0.07620
0.07682
0.07671
0.07495
0.07374
0.07164
0.07586
0.07382
0.07537
0.07271
0.07152
0.06855
0.07565
0.08344
0.07344
0.07462
0.07498
0.07992
0.07571
0.07482
0.07887
0.08120
0.07816
0.07799
0.07525
0.07312
0.07978
0.07763
0.08155
