-0.00125
-0.02128
0.04190
-0.43687
0.17054
3.84943
4.45571
3.98068
4.04807
4.02866
4.02719
4.02709
4.03075
4.03238
4.03455
4.03740
4.03827
4.04114
4.04278
4.04380
4.04710
4.04702
4.05012
4.05151
4.05258
4.05383
4.05474
4.05614
4.05713
4.05885
4.06104
4.06235
4.06359
4.06666
4.06846
4.06784
4.06883
4.07220
4.07318
4.07628
4.07809
4.07704
4.08010
4.08120
4.08397
4.08587
4.08618
4.08634
4.08657
4.08961
4.09169
4.09228
4.09612
4.09697
4.09761
4.09969
4.10093
4.10308
4.10525
4.10732
4.10814
4.10917
4.11099
4.11136
4.11454
4.11726
4.11628
4.11769
4.11980
4.12097
4.12423
4.12524
4.12689
4.12873
4.13149
4.13141
4.13269
4.13662
4.13568
4.13772
4.13822
4.13927
4.14234
4.14239
4.14369
4.14826
4.15037
4.15142
4.15041
4.15185
4.15464
4.15626
4.15771
4.15807
4.16027
4.16230
4.16280
4.16572
4.16634
4.16930
