-0.00026
-0.00438
0.00860
-0.08990
0.03462
0.79244
0.92383
0.82747
0.83034
0.82413
0.82598
0.82688
0.83707
0.83921
0.83071
0.83009
0.83079
0.82792
0.82663
0.83049
0.84246
0.83835
0.82192
0.82910
0.82905
0.82535
0.83018
0.82931
0.82683
0.82990
0.82732
0.82387
0.82908
0.82577
0.82467
0.82907
0.82960
0.83094
0.83132
0.82801
0.82055
0.81276
0.80908
0.80917
0.81442
0.81674
0.81661
0.81478
0.80963
0.80835
0.81453
0.81506
0.81996
0.81724
0.81888
0.82180
0.81606
0.82078
0.82053
0.81916
0.81922
0.80995
0.80463
0.81008
0.82296
0.82510
0.82569
0.82853
0.82248
0.82132
0.81776
0.80802
0.80389
0.80433
0.80414
0.80353
0.79950
0.80364
0.81183
0.80779
0.80734
0.81903
0.82060
0.81914
0.82484
0.81376
0.80668
0.80733
0.79815
0.79095
0.79440
0.79296
0.79334
0.79513
0.79956
0.80293
0.79479
0.79244
0.79263
0.79262
