-0.00017
-0.00282
0.00556
-0.05786
0.02280
0.50987
0.58757
0.52313
0.53155
0.52678
0.52925
0.52586
0.52520
0.52769
0.52747
0.52740
0.52581
0.52704
0.52491
0.52350
0.52406
0.52324
0.52507
0.52510
0.52410
0.52273
0.52355
0.52482
0.52230
0.52168
0.52327
0.52193
0.52056
0.52286
0.52402
0.52257
0.51948
0.51940
0.51833
0.51829
0.52088
0.52102
0.51931
0.52006
0.52071
0.51892
0.51732
0.51650
0.51776
0.52058
0.51800
0.51559
0.51767
0.51845
0.51686
0.51752
0.51627
0.51569
0.51625
0.51504
0.51407
0.51430
0.51466
0.51368
0.51310
0.51564
0.51598
0.51255
0.51325
0.51330
0.51176
0.51297
0.51273
0.51329
0.51407
0.51311
0.51083
0.51173
0.51159
0.51187
0.51091
0.50992
0.51084
0.50877
0.50794
0.51028
0.50858
0.50733
0.50970
0.51231
0.51220
0.50971
0.50950
0.50941
0.50815
0.50894
0.50815
0.50502
0.50619
0.50605
