-0.00113
-0.01926
0.03794
-0.39555
0.15444
3.48538
4.03200
3.60367
3.67590
3.65896
3.65512
3.65517
3.65786
3.66101
3.66900
3.67940
3.67036
3.66722
3.67625
3.68530
3.68665
3.68394
3.68358
3.69042
3.69311
3.69529
3.70537
3.70709
3.70411
3.71085
3.71582
3.71646
3.71632
3.71890
3.72393
3.72556
3.72171
3.72403
3.73020
3.73675
3.73871
3.74134
3.74396
3.74471
3.74562
3.74909
3.75020
3.75221
3.75538
3.75527
3.76057
3.76541
3.76536
3.76639
3.77056
3.77548
3.77758
3.77401
3.77746
3.78054
3.78003
3.78168
3.78837
3.79786
3.80064
3.80312
3.80324
3.80541
3.79922
3.79933
3.80874
3.81261
3.81138
3.81419
3.81921
3.82179
3.82402
3.82674
3.83238
3.83796
3.83731
3.83739
3.85002
3.85534
3.84634
3.85024
3.85703
3.85989
3.85874
3.86062
3.87008
3.87661
3.87856
3.87054
3.86418
3.86945
3.87334
3.87798
3.88019
3.88471
