-0.00154
-0.02624
0.05167
-0.53876
0.21021
4.74775
5.49502
4.90817
4.99581
4.97145
4.96654
4.96584
4.96857
4.97125
4.97579
4.98225
4.97681
4.97447
4.97862
4.98297
4.98461
4.98319
4.98293
4.98711
4.98914
4.99000
4.99463
4.99525
4.99414
4.99781
4.99950
5.00105
5.00108
5.00138
5.00537
5.00541
5.00141
5.00380
5.00660
5.00994
5.01239
5.01585
5.01674
5.01419
5.01641
5.01691
5.01755
5.01961
5.02067
5.01942
5.02102
5.02399
5.02389
5.02515
5.02867
5.02983
5.03007
5.02954
5.02994
5.03127
5.03197
5.03344
5.03724
5.04159
5.04397
5.04813
5.04730
5.04615
5.04364
5.04288
5.04680
5.04795
5.04802
5.05191
5.05344
5.05319
5.05479
5.05704
5.06191
5.06292
5.06036
5.06429
5.07186
5.07424
5.07007
5.07272
5.07634
5.07641
5.07602
5.07778
5.08166
5.08582
5.08616
5.08157
5.07739
5.07714
5.07856
5.08168
5.08349
5.08542
