-0.00033
-0.00567
0.01120
-0.11659
0.04620
1.02564
1.18231
1.06030
1.08165
1.07420
1.07144
1.07329
1.07378
1.07335
1.07441
1.07442
1.07498
1.07315
1.07547
1.08037
1.07793
1.07506
1.07615
1.07713
1.07788
1.07981
1.07814
1.07613
1.07538
1.08331
1.08201
1.08071
1.08027
1.07975
1.08195
1.08269
1.08202
1.08187
1.07999
1.08198
1.08294
1.08098
1.08516
1.08362
1.08223
1.08106
1.07697
1.08196
1.08516
1.08280
1.08076
1.08381
1.08552
1.08361
1.08435
1.08606
1.08081
1.07792
1.08234
1.08899
1.08885
1.08301
1.08239
1.08688
1.09036
1.08821
1.08790
1.08489
1.08184
1.08263
1.08383
1.08939
1.08837
1.08192
1.08890
1.09131
1.09169
1.09000
1.09004
1.09417
1.09000
1.09019
1.09377
1.09255
1.09150
1.09064
1.08706
1.09099
1.09536
1.09291
1.09320
1.09781
1.09462
1.08777
1.08775
1.09480
1.09554
1.09262
1.09154
1.09406
