-0.00068
-0.01156
0.02248
-0.23636
0.08803
2.08958
2.47832
2.18933
2.08062
2.08780
2.15291
2.17154
2.15716
2.14938
2.09019
2.00454
2.13303
2.20419
2.13286
2.07875
2.08118
2.14557
2.16375
2.11041
2.10814
2.10489
2.03453
2.05366
2.11608
2.07146
2.03733
2.05407
2.08214
2.09266
2.06612
2.06298
2.13065
2.14663
2.11195
2.06962
2.07082
2.04665
2.05048
2.09527
2.09175
2.10094
2.12428
2.11076
2.09258
2.12772
2.12350
2.10754
2.13218
2.13427
2.11083
2.09095
2.10852
2.16066
2.16621
2.16858
2.17703
2.18016
2.14866
2.10225
2.08599
2.04979
2.08102
2.10296
2.17920
2.20807
2.13601
2.12420
2.16999
2.14983
2.13654
2.14145
2.13475
2.12982
2.08437
2.07503
2.11342
2.10834
2.01143
1.98354
2.09487
2.07923
2.03526
2.02596
2.05355
2.05750
1.99664
1.95957
1.98090
2.09122
2.18007
2.16799
2.15368
2.11952
2.12876
2.12875
