-0.00115
-0.01957
0.03853
-0.40176
0.15650
3.54133
4.10106
3.65885
3.71636
3.69678
3.69630
3.69507
3.68765
3.68637
3.68830
3.69128
3.68808
3.68497
3.68139
3.67810
3.67682
3.67987
3.67929
3.67891
3.67893
3.67815
3.67478
3.67126
3.67129
3.66650
3.66828
3.66985
3.66732
3.66796
3.66240
3.66203
3.66525
3.66091
3.65854
3.65170
3.65231
3.65519
3.65142
3.65303
3.65084
3.64863
3.65164
3.64758
3.64416
3.64433
3.64076
3.63960
3.64092
3.63634
3.63504
3.63465
3.63389
3.62735
3.62598
3.62701
3.61722
3.60898
3.60853
3.60523
3.60008
3.60289
3.59814
3.59528
3.59696
3.59769
3.59322
3.58879
3.59562
3.59152
3.58741
3.58838
3.58640
3.58503
3.58723
3.58617
3.58113
3.57955
3.58149
3.57715
3.57612
3.57877
3.57722
3.57460
3.56990
3.56748
3.56530
3.56730
3.56773
3.56097
3.56060
3.56172
3.55854
3.55856
3.55649
3.55503
