-0.00049
-0.00844
0.01661
-0.17325
0.06751
1.52687
1.76930
1.57995
1.60066
1.58575
1.57857
1.57288
1.56097
1.56167
1.56372
1.56937
1.56585
1.56429
1.56644
1.56908
1.56900
1.55620
1.54833
1.55541
1.55321
1.54990
1.54807
1.53823
1.53745
1.53727
1.53016
1.52932
1.53060
1.53169
1.52835
1.52250
1.52136
1.52027
1.51857
1.51655
1.51601
1.51051
1.50769
1.50972
1.50634
1.49977
1.49360
1.49501
1.49333
1.48757
1.49232
1.49319
1.47611
1.47239
1.46864
1.46094
1.45694
1.46075
1.46536
1.45855
1.45433
1.45209
1.45201
1.44696
1.44389
1.44655
1.44111
1.43168
1.42746
1.42826
1.42668
1.41844
1.42018
1.41988
1.41451
1.41600
1.41850
1.40928
1.40010
1.40017
1.40427
1.40530
1.40096
1.39355
1.38282
1.37231
1.37275
1.38395
1.38456
1.38322
1.38616
1.38300
1.37666
1.36930
1.36264
1.36513
1.35846
1.35012
1.34709
1.33817
