-0.00059
-0.01016
0.01957
-0.20691
0.07158
1.84601
2.18821
1.91946
1.97675
1.94020
1.94235
2.00525
2.00401
1.98096
2.02287
2.09539
2.12975
2.10820
2.02386
1.99671
2.04344
2.04778
2.03984
2.06322
2.07167
2.09137
2.09518
2.04094
1.99513
1.96188
1.99805
2.07547
2.03561
2.04719
2.05518
2.03423
2.04706
2.06624
2.03212
2.01436
2.02250
2.05406
2.04056
2.02664
2.02433
1.99085
1.95990
2.00750
2.01527
2.01397
2.00608
2.01008
1.98796
1.92984
1.92120
1.99213
1.97182
1.94815
1.93163
1.91836
1.96904
1.99089
1.99520
1.96108
1.98319
2.01837
2.01063
1.99969
1.95502
1.93198
1.99335
1.98337
1.96513
1.99758
1.99035
2.00913
2.00732
1.99206
2.02165
2.04837
2.07243
2.17190
2.12501
2.02781
2.00438
2.02713
2.03510
2.01540
1.98004
1.95937
1.95615
1.95661
1.99411
2.08112
2.03391
1.95313
1.96249
1.96621
1.99850
1.97300
