-0.00006
-0.00103
0.00199
-0.02099
0.00764
0.18620
0.21993
0.19295
0.19359
0.19724
0.19543
0.19476
0.18976
0.19017
0.19981
0.19372
0.19567
0.19946
0.19397
0.18947
0.19053
0.19837
0.20086
0.19672
0.20152
0.19638
0.19015
0.20269
0.20043
0.19297
0.19461
0.19993
0.19642
0.19978
0.20822
0.20631
0.19548
0.19810
0.19822
0.19883
0.19926
0.19694
0.20492
0.20587
0.19918
0.20003
0.20076
0.20033
0.19591
0.19282
0.19890
0.19680
0.19466
0.19835
0.20018
0.19797
0.20133
0.19683
0.19924
0.20331
0.20546
0.20414
0.19893
0.19637
0.19273
0.20160
0.19907
0.20262
0.19477
0.19582
0.19771
0.19615
0.19723
0.19569
0.19095
0.18900
0.19205
0.20643
0.20600
0.19657
0.19438
0.19936
0.20399
0.20227
0.20822
0.20710
0.20702
0.20181
0.20564
0.21306
0.20754
0.21041
0.20636
0.20578
0.20634
0.20798
0.21159
0.21788
0.20642
0.20312
