-0.00003
-0.00051
0.00101
-0.01045
0.00417
0.09233
0.10536
0.09193
0.09333
0.09280
0.09595
0.09633
0.09358
0.09340
0.09780
0.10277
0.09697
0.09544
0.09568
0.09188
0.09336
0.09273
0.09203
0.09287
0.09544
0.09534
0.09332
0.08954
0.08988
0.09082
0.09404
0.09966
0.09181
0.09234
0.09478
0.09032
0.09628
0.10668
0.09693
0.09360
0.08984
0.09035
0.09189
0.09054
0.08959
0.09235
0.09932
0.09362
0.09186
0.09514
0.09305
0.09713
0.09346
0.09164
0.09613
0.09578
0.08911
0.09058
0.09260
0.09281
0.09846
0.09274
0.08834
0.09025
0.08917
0.08870
0.09058
0.09353
0.09028
0.08710
0.09060
0.09131
0.09335
0.09493
0.09504
0.09212
0.09106
0.09567
0.09337
0.08994
0.10185
0.10107
0.08932
0.08937
0.09916
0.09157
0.08970
0.09509
0.09141
0.08928
0.09244
0.08966
0.08861
0.09007
0.08933
0.08929
0.09112
0.08967
0.08786
0.09182
