-0.00201
-0.03439
0.06772
-0.70606
0.27543
6.22278
7.20381
6.42866
6.52955
6.49575
6.49581
6.49622
6.49569
6.49422
6.49254
6.49175
6.49149
6.49115
6.48969
6.48919
6.48908
6.48671
6.48571
6.48607
6.48533
6.48448
6.48341
6.48235
6.48255
6.48276
6.48215
6.48061
6.47930
6.47956
6.47881
6.47789
6.47730
6.47698
6.47585
6.47526
6.47387
6.47363
6.47186
6.47108
6.47101
6.47004
6.46890
6.46858
6.46729
6.46579
6.46516
6.46578
6.46424
6.46379
6.46403
6.46193
6.46066
6.46038
6.45977
6.45793
6.45747
6.45744
6.45551
6.45537
6.45537
6.45560
6.45341
6.45148
6.45273
6.45064
6.45071
6.44972
6.44899
6.44879
6.44796
6.44810
6.44803
6.44673
6.44513
6.44256
6.44254
6.44138
6.44135
6.44110
6.44054
6.43975
6.43900
6.43771
6.43704
6.43620
6.43631
6.43523
6.43356
6.43339
6.43201
6.43156
6.43144
6.42988
6.42972
6.42754
