-0.00009
-0.00154
0.00298
-0.03141
0.01111
0.27984
0.32975
0.28760
0.29703
0.30084
0.30112
0.29525
0.29471
0.29506
0.28882
0.29172
0.29035
0.29035
0.29481
0.29542
0.29571
0.29601
0.29384
0.30163
0.29836
0.29866
0.29019
0.29014
0.29500
0.29365
0.28405
0.28634
0.29181
0.29498
0.29328
0.29040
0.29900
0.29961
0.29148
0.29825
0.30078
0.29403
0.29386
0.29906
0.29825
0.29737
0.30321
0.29422
0.29606
0.29854
0.29457
0.29513
0.29651
0.30124
0.29722
0.29089
0.29849
0.30353
0.29558
0.29670
0.30504
0.30343
0.29825
0.29977
0.29672
0.29444
0.29595
0.29942
0.29603
0.29017
0.29379
0.30035
0.29987
0.29897
0.29465
0.29570
0.30278
0.30811
0.30099
0.29399
0.29965
0.30041
0.29880
0.29839
0.29727
0.29315
0.29236
0.29859
0.30628
0.30320
0.30116
0.29854
0.30035
0.30118
0.29873
0.30592
0.29606
0.29181
0.29604
0.29520
