-0.00186
-0.03180
0.06260
-0.65284
0.25436
5.75327
6.66428
5.95354
6.04762
6.01353
6.01167
6.01402
6.01452
6.01529
6.01733
6.01884
6.02068
6.02128
6.02267
6.02247
6.02663
6.02935
6.02802
6.02688
6.02771
6.02916
6.03197
6.03271
6.03027
6.02876
6.03241
6.03575
6.03833
6.03988
6.03962
6.04104
6.03971
6.04004
6.04456
6.04358
6.04423
6.04551
6.04711
6.05096
6.05225
6.05281
6.05483
6.05661
6.05866
6.05765
6.05807
6.05858
6.05617
6.05660
6.05925
6.06212
6.06336
6.06247
6.06196
6.06269
6.06557
6.06725
6.06923
6.07148
6.07089
6.06984
6.07227
6.07405
6.07579
6.07382
6.07228
6.07163
6.07376
6.07925
6.07738
6.07665
6.07720
6.07746
6.07947
6.07872
6.07968
6.08017
6.07865
6.08285
6.08349
6.08570
6.08867
6.08752
6.08644
6.08881
6.09049
6.09021
6.09161
6.09356
6.09327
6.09416
6.09661
6.09862
6.10008
6.10049
