-0.00109
-0.01870
0.03680
-0.38378
0.14939
3.38248
3.91866
3.49963
3.55688
3.54209
3.54391
3.54522
3.54596
3.54858
3.55196
3.55420
3.55557
3.55755
3.55973
3.56076
3.56258
3.56412
3.56631
3.56931
3.57096
3.57218
3.57536
3.57725
3.57807
3.57954
3.58294
3.58542
3.58711
3.59052
3.59233
3.59245
3.59560
3.59874
3.60019
3.60326
3.60524
3.60700
3.61004
3.61106
3.61292
3.61564
3.61759
3.61925
3.62231
3.62401
3.62564
3.62747
3.62737
3.63133
3.63371
3.63477
3.63788
3.63916
3.64145
3.64377
3.64494
3.64687
3.64853
3.65107
3.65281
3.65498
3.65878
3.66073
3.66268
3.66511
3.66694
3.66847
3.67023
3.67293
3.67484
3.67573
3.67841
3.68143
3.68291
3.68576
3.68820
3.69056
3.69322
3.69492
3.69686
3.69960
3.70128
3.70322
3.70683
3.70800
3.70962
3.71231
3.71333
3.71586
3.71838
3.72170
3.72451
3.72650
3.72883
3.73051
