-0.00128
-0.02179
0.04290
-0.44740
0.17428
3.94276
4.56724
4.08007
4.14835
4.12919
4.12408
4.12994
4.13555
4.14163
4.14477
4.14500
4.14857
4.14967
4.14980
4.15416
4.15640
4.15959
4.16173
4.16289
4.16548
4.16724
4.17042
4.17308
4.17471
4.17690
4.17816
4.18201
4.18685
4.18717
4.18947
4.19403
4.19923
4.20127
4.20421
4.20875
4.21193
4.21596
4.21800
4.22111
4.22525
4.22635
4.22975
4.23456
4.23995
4.24702
4.25431
4.26496
4.27417
4.27889
4.28371
4.28828
4.29109
4.29118
4.29233
4.29474
4.29649
4.30105
4.30409
4.30707
4.30930
4.30874
4.31267
4.31818
4.32090
4.32683
4.32886
4.32894
4.33231
4.33378
4.33800
4.34290
4.34338
4.34459
4.34718
4.34820
4.34976
4.35657
4.35855
4.35768
4.36359
4.36776
4.37094
4.37186
4.37236
4.37117
4.37473
4.38135
4.38386
4.38805
4.39062
4.39048
4.39276
4.39583
4.40278
4.41607
