-0.00001
-0.00011
0.00022
-0.00231
0.00086
0.02050
0.02407
0.02151
0.02078
0.01889
0.02020
0.02125
0.02271
0.02458
0.02055
0.01941
0.02202
0.02300
0.02020
0.02077
0.02718
0.02290
0.02250
0.02151
0.02334
0.02294
0.02006
0.02172
0.02221
0.02156
0.02173
0.02127
0.02148
0.02297
0.02343
0.02050
0.02185
0.02326
0.02169
0.02257
0.02213
0.02319
0.02322
0.02149
0.02087
0.02108
0.02348
0.02271
0.02149
0.02284
0.02254
0.02253
0.02201
0.02318
0.02247
0.02026
0.02037
0.02295
0.02310
0.02114
0.02082
0.02396
0.02260
0.02002
0.02086
0.02341
0.02300
0.02093
0.02190
0.02157
0.02318
0.02239
0.01966
0.02109
0.02413
0.02046
0.01892
0.02099
0.02396
0.02620
0.02582
0.02378
0.02303
0.02201
0.02205
0.02726
0.02373
0.02139
0.02249
0.02083
0.02065
0.01980
0.02104
0.02275
0.02340
0.02459
0.02531
0.02276
0.02280
0.02261
