-0.00017
-0.00291
0.00572
-0.05969
0.02305
0.52663
0.61100
0.54451
0.55450
0.55161
0.54919
0.54975
0.55204
0.55101
0.55069
0.55181
0.54966
0.55133
0.55107
0.55022
0.54804
0.54851
0.55121
0.55194
0.55035
0.55103
0.55316
0.55207
0.55198
0.54967
0.54964
0.54865
0.54933
0.54988
0.55073
0.54838
0.54837
0.55082
0.55212
0.55119
0.54929
0.54903
0.54948
0.54930
0.55091
0.55076
0.55042
0.55190
0.55045
0.54975
0.54981
0.54978
0.54825
0.55065
0.54969
0.54854
0.55015
0.55069
0.55012
0.54928
0.55048
0.55171
0.54982
0.54887
0.54951
0.55164
0.55120
0.55093
0.54929
0.54764
0.54987
0.55487
0.54961
0.54766
0.55000
0.55103
0.55061
0.54915
0.55005
0.55146
0.55133
0.54882
0.54891
0.54846
0.55168
0.54942
0.54896
0.55077
0.55015
0.54768
0.54958
0.55155
0.55070
0.55052
0.55118
0.55202
0.55120
0.55061
0.54958
0.55042
