-0.00011
-0.00184
0.00361
-0.03768
0.01454
0.33249
0.38615
0.34366
0.34847
0.34840
0.34900
0.34828
0.34798
0.34797
0.34811
0.34765
0.34702
0.34743
0.34432
0.34233
0.34336
0.34557
0.34555
0.34536
0.34535
0.34478
0.34448
0.34338
0.34266
0.34548
0.34520
0.34337
0.34273
0.34223
0.34384
0.34291
0.33692
0.32599
0.32468
0.32919
0.33018
0.32698
0.32451
0.31980
0.30738
0.31196
0.31950
0.31894
0.31957
0.32181
0.31847
0.31782
0.32141
0.32271
0.32286
0.32483
0.32556
0.32481
0.32639
0.32288
0.31285
0.31343
0.31390
0.30614
0.31069
0.30704
0.30109
0.30858
0.31137
0.30422
0.30716
0.30877
0.30401
0.30223
0.30771
0.31071
0.30085
0.29313
0.29698
0.29189
0.29479
0.30356
0.30348
0.29951
0.29921
0.29394
0.28690
0.28871
0.29483
0.30149
0.30345
0.30506
0.30729
0.31000
0.30769
0.30403
0.30322
0.30277
0.30321
0.29664
