-0.00033
-0.00568
0.01126
-0.11686
0.04701
1.02695
1.17862
1.05588
1.07361
1.06564
1.06751
1.06932
1.07007
1.07001
1.06767
1.06232
1.06338
1.06847
1.06515
1.06158
1.06227
1.05852
1.04811
1.04354
1.04868
1.05097
1.05117
1.05092
1.04695
1.05110
1.05318
1.05058
1.04420
1.04233
1.04573
1.04635
1.04221
1.04105
1.03981
1.03681
1.01455
1.01801
1.03291
1.03336
1.00800
1.00114
1.01040
0.99542
0.97955
0.99386
1.02666
1.02987
1.02617
1.02413
1.02556
1.02230
1.01439
1.00158
1.00581
1.01140
1.01893
1.01930
1.01533
1.00647
1.00951
1.00278
0.99145
1.00016
1.00661
1.01148
1.00241
0.99892
1.01193
1.00546
1.00759
1.01889
1.00894
0.99855
1.01039
1.02105
1.01025
0.99585
1.00254
1.00257
1.00493
1.00967
1.00343
1.00496
1.00216
0.98966
1.00213
0.99693
0.97479
0.96677
0.97926
0.97155
0.94278
0.96253
0.98905
0.99138
