-0.00002
-0.00032
0.00062
-0.00648
0.00241
0.05727
0.06734
0.06063
0.06143
0.05996
0.05853
0.05784
0.05888
0.06079
0.06201
0.06108
0.06000
0.06056
0.06143
0.05794
0.05877
0.06041
0.05788
0.05966
0.06205
0.05918
0.06143
0.06072
0.05860
0.05957
0.06190
0.05754
0.05698
0.05794
0.06209
0.06235
0.05798
0.05763
0.05848
0.05795
0.05882
0.06012
0.05848
0.05794
0.05821
0.05884
0.05449
0.05587
0.05786
0.05850
0.05963
0.05782
0.05761
0.05873
0.05627
0.05673
0.05734
0.05797
0.05656
0.05706
0.05961
0.05809
0.05840
0.05606
0.05548
0.05660
0.05549
0.05454
0.05777
0.05697
0.05619
0.06009
0.05759
0.05905
0.05966
0.05812
0.06075
0.05615
0.05649
0.05870
0.05577
0.05835
0.06229
0.05863
0.05441
0.05469
0.05971
0.06123
0.05788
0.05508
0.05309
0.05412
0.05402
0.05582
0.05658
0.05814
0.05673
0.05618
0.05740
0.05415
