-0.00228
-0.03887
0.07655
-0.79805
0.31153
7.03284
8.14045
7.26620
7.38046
7.34286
7.34118
7.33932
7.33981
7.33842
7.33695
7.33637
7.33466
7.33490
7.33391
7.33308
7.33244
7.32918
7.32937
7.32970
7.32956
7.32885
7.32628
7.32684
7.32542
7.32447
7.32380
7.32068
7.32053
7.31917
7.31757
7.31828
7.31628
7.31672
7.31604
7.31408
7.31401
7.31369
7.31438
7.31142
7.30938
7.30977
7.30583
7.30527
7.30052
7.30025
7.30271
7.29923
7.29936
7.29652
7.29530
7.29388
7.28819
7.28995
7.28867
7.28897
7.28855
7.28758
7.28777
7.28160
7.28016
7.27820
7.27188
7.27005
7.26204
7.26244
7.26322
7.25674
7.25558
7.24699
7.24023
7.23719
7.22992
7.22744
7.22351
7.22162
7.21480
7.20902
7.20915
7.20141
7.20025
7.19714
7.18335
7.18233
7.17596
7.17433
7.17224
7.16362
7.16153
7.15513
7.15458
7.14859
7.13935
7.14151
7.13336
7.13086
