-0.00038
-0.00656
0.01290
-0.13459
0.05238
1.18562
1.37447
1.23185
1.25279
1.24609
1.24972
1.25287
1.25546
1.25780
1.25904
1.26433
1.26536
1.26571
1.27076
1.27334
1.27398
1.27750
1.27935
1.28438
1.28461
1.28413
1.28710
1.29197
1.29289
1.29571
1.29931
1.30046
1.30089
1.30712
1.31095
1.31062
1.31487
1.31765
1.31988
1.32256
1.32326
1.32639
1.32787
1.33057
1.33392
1.33730
1.33603
1.34117
1.34462
1.34476
1.34905
1.34581
1.35143
1.35360
1.35492
1.35926
1.36117
1.36485
1.36634
1.36981
1.36991
1.37356
1.37640
1.37757
1.38116
1.38475
1.38591
1.38582
1.38902
1.39220
1.39493
1.39810
1.39780
1.40073
1.40543
1.40764
1.40913
1.41209
1.41625
1.41749
1.41702
1.42029
1.42583
1.42647
1.43163
1.43220
1.43259
1.43535
1.43636
1.43840
1.44312
1.44582
1.44993
1.45018
1.45522
1.45740
1.45488
1.45980
1.46392
1.46541
