-0.00003
-0.00058
0.00107
-0.01167
0.00301
0.10603
0.13422
0.11346
0.11273
0.12753
0.12961
0.11845
0.12207
0.12021
0.11772
0.11446
0.11667
0.12079
0.11649
0.12045
0.12301
0.12967
0.12288
0.11241
0.11352
0.10951
0.11240
0.12152
0.13174
0.12573
0.12361
0.12999
0.12407
0.11205
0.12366
0.13963
0.12624
0.11617
0.12575
0.13402
0.11599
0.12648
0.12191
0.11512
0.11566
0.12293
0.11149
0.12152
0.14031
0.12464
0.11202
0.11969
0.12282
0.11430
0.11376
0.11911
0.14014
0.11666
0.10391
0.11640
0.12072
0.12599
0.12383
0.12516
0.13343
0.12836
0.12456
0.13658
0.12629
0.11396
0.12068
0.12253
0.12868
0.12335
0.11298
0.12085
0.11779
0.12188
0.11519
0.11914
0.13596
0.12741
0.12505
0.11655
0.12443
0.11809
0.11548
0.11814
0.12496
0.11887
0.11085
0.11403
0.12754
0.12766
0.12937
0.12056
0.12864
0.12595
0.12399
0.12308
