-0.00177
-0.03028
0.05964
-0.62177
0.24283
5.47848
6.34076
5.66438
5.75796
5.72981
5.72922
5.72965
5.73446
5.73677
5.73974
5.74392
5.74254
5.74590
5.74550
5.74680
5.75157
5.75056
5.75621
5.75735
5.75701
5.76168
5.76129
5.76511
5.76679
5.76789
5.77139
5.77054
5.77155
5.77402
5.78041
5.78182
5.77916
5.78086
5.78322
5.78938
5.78839
5.79181
5.79480
5.78791
5.79455
5.80232
5.80068
5.80075
5.80077
5.80650
5.80825
5.80756
5.81241
5.80861
5.81419
5.81976
5.81703
5.82350
5.82405
5.82216
5.82897
5.82656
5.82913
5.83257
5.83487
5.83740
5.83760
5.83946
5.83910
5.84576
5.84853
5.84646
5.85072
5.85095
5.85283
5.85598
5.85489
5.86168
5.86318
5.85877
5.86323
5.86750
5.87247
5.86958
5.86878
5.87341
5.87524
5.87831
5.88271
5.88508
5.88274
5.88411
5.88635
5.88573
5.89096
5.89161
5.89128
5.89778
5.89718
5.89986
