-0.00003
-0.00053
0.00105
-0.01087
0.00429
0.09622
0.11036
0.09556
0.09458
0.09593
0.10437
0.09915
0.09400
0.09702
0.09803
0.09892
0.09808
0.10006
0.09868
0.09740
0.09635
0.09664
0.09958
0.10034
0.09502
0.09819
0.10432
0.09868
0.09781
0.10086
0.10240
0.09901
0.10009
0.10224
0.10174
0.10094
0.09998
0.09697
0.09887
0.10239
0.09886
0.09789
0.09665
0.09126
0.09717
0.10344
0.10029
0.09813
0.09662
0.10067
0.09869
0.09613
0.09881
0.09616
0.10020
0.10023
0.09629
0.09824
0.10211
0.09815
0.09943
0.09655
0.09767
0.10200
0.09716
0.10274
0.10229
0.09803
0.09616
0.09598
0.09672
0.09637
0.09618
0.09945
0.10208
0.10211
0.09781
0.09344
0.09554
0.09889
0.09777
0.09460
0.09432
0.09742
0.09820
0.10082
0.10704
0.10197
0.09796
0.09538
0.09553
0.09590
0.10102
0.10149
0.09534
0.09494
0.09978
0.10042
0.09804
0.10285
