-0.00158
-0.02696
0.05309
-0.55345
0.21577
4.87868
5.64699
5.03539
5.11848
5.09522
5.08994
5.08307
5.08361
5.08240
5.08147
5.07930
5.07992
5.07097
5.06699
5.07010
5.06788
5.06795
5.07067
5.06617
5.05663
5.05636
5.05851
5.05696
5.05544
5.05063
5.05221
5.04890
5.04202
5.05026
5.05231
5.04380
5.03478
5.03663
5.04172
5.04262
5.03635
5.03296
5.03275
5.03064
5.02851
5.02313
5.02368
5.02570
5.01720
5.01747
5.02091
5.01473
5.01256
5.01337
5.00885
5.00517
5.00701
5.00312
5.00192
5.00220
4.99801
4.99689
4.99267
4.99433
4.99044
4.98224
4.98617
4.98475
4.98468
4.98382
4.98187
4.97590
4.96717
4.97340
4.97770
4.96989
4.96658
4.96551
4.96653
4.96904
4.96669
4.96319
4.95824
4.95359
4.95702
4.95589
4.95108
4.94532
4.94701
4.94531
4.94163
4.95089
4.94547
4.93834
4.93278
4.93562
4.93167
4.92940
4.93730
4.93091
