-0.00061
-0.01033
0.02042
-0.21212
0.08370
1.87272
2.15061
1.88982
1.92320
1.92529
1.92900
1.88972
1.89464
1.90884
1.90670
1.90079
1.85695
1.86235
1.92033
1.92350
1.87842
1.88749
1.92742
1.94471
1.94403
1.91669
1.88576
1.88412
1.88607
1.88058
1.87477
1.87867
1.88518
1.89014
1.90790
1.97468
1.95826
1.93357
1.95368
1.93913
1.93205
1.91484
1.90234
1.90606
1.95936
2.00114
1.94034
1.92899
1.96239
1.93851
1.88035
1.87724
1.93864
1.94640
1.88926
1.90645
1.91402
1.90037
1.90469
1.91914
1.92200
1.97131
2.01132
1.99223
1.96345
1.96370
1.98096
1.98588
1.98798
1.95337
1.91332
1.90356
1.90664
1.90599
1.90898
1.92535
1.90578
1.88832
1.90035
1.90984
1.89857
1.90785
1.92016
1.93040
1.93596
1.93917
1.92598
1.93225
1.96463
2.03338
2.03932
1.96600
1.98928
1.93606
1.93158
1.94066
1.94270
1.94698
1.95590
1.96988
