-0.00098
-0.01673
0.03291
-0.34335
0.13342
3.02612
3.50869
3.13596
3.18647
3.17303
3.17502
3.18067
3.18258
3.18468
3.18610
3.19033
3.19665
3.19907
3.19647
3.19761
3.20370
3.20492
3.20565
3.20660
3.20752
3.21327
3.21863
3.22039
3.22469
3.22734
3.23002
3.23071
3.23205
3.23494
3.23553
3.23310
3.23899
3.24273
3.24224
3.24579
3.24794
3.25226
3.25603
3.25798
3.25727
3.25628
3.26273
3.26603
3.26546
3.26961
3.27772
3.27993
3.27874
3.27965
3.28540
3.28789
3.28914
3.29201
3.29523
3.29625
3.29909
3.29753
3.29633
3.30111
3.30561
3.30911
3.30899
3.31051
3.31413
3.31866
3.32392
3.32758
3.33065
3.33369
3.33402
3.33327
3.33935
3.34311
3.34391
3.34526
3.34767
3.35062
3.35292
3.35444
3.35613
3.35789
3.36230
3.36543
3.36525
3.36126
3.36303
3.37287
3.37336
3.37825
3.37939
3.38110
3.38447
3.38672
3.38880
3.39128
