-0.00023
-0.00401
0.00790
-0.08233
0.03196
0.72658
0.84115
0.74577
0.75658
0.75387
0.75431
0.75235
0.75241
0.76381
0.76525
0.75393
0.75859
0.77047
0.77746
0.77748
0.76171
0.76180
0.76799
0.76459
0.76279
0.76291
0.76246
0.75783
0.75475
0.75686
0.76150
0.75792
0.75709
0.75292
0.75634
0.76656
0.77750
0.77734
0.77777
0.77051
0.76713
0.76918
0.76734
0.76823
0.76977
0.77098
0.76664
0.76120
0.75853
0.75733
0.76976
0.77128
0.76743
0.77569
0.78217
0.78187
0.76936
0.76386
0.76763
0.76744
0.76420
0.76156
0.76800
0.76509
0.76157
0.76595
0.77538
0.78408
0.78656
0.78093
0.78178
0.78125
0.77763
0.78284
0.78382
0.78893
0.78652
0.78288
0.78699
0.78636
0.78776
0.78065
0.78071
0.78097
0.77651
0.77767
0.77701
0.77512
0.77598
0.77924
0.78428
0.77102
0.76834
0.77253
0.77308
0.77992
0.78549
0.79068
0.79007
0.78587
