-0.00003
-0.00047
0.00092
-0.00958
0.00382
0.08419
0.09718
0.08710
0.08797
0.08801
0.08728
0.08700
0.08769
0.08862
0.08964
0.08784
0.08790
0.08826
0.09000
0.08807
0.08705
0.08755
0.08980
0.08755
0.08683
0.08751
0.09112
0.08672
0.08394
0.08658
0.08815
0.08922
0.08809
0.08744
0.08837
0.08905
0.08739
0.08603
0.08627
0.08552
0.08666
0.08702
0.08572
0.08687
0.08813
0.08770
0.08735
0.08680
0.08726
0.08679
0.08689
0.08796
0.08853
0.08848
0.08615
0.08656
0.08712
0.08611
0.08565
0.08566
0.08524
0.08708
0.08779
0.08735
0.08786
0.08672
0.08659
0.08705
0.08610
0.08684
0.08973
0.08659
0.08962
0.09391
0.08771
0.08596
0.08591
0.08551
0.08857
0.08691
0.08550
0.08543
0.08506
0.08574
0.09089
0.08705
0.08650
0.08931
0.08645
0.08527
0.08652
0.08729
0.08724
0.08741
0.08652
0.08682
0.08467
0.08381
0.08534
0.08601
