-0.00001
-0.00024
0.00034
-0.00439
-0.00109
0.04602
0.06760
0.04946
0.06066
0.04549
0.04046
0.04770
0.04286
0.04701
0.05606
0.04472
0.03981
0.05347
0.06628
0.04378
0.04304
0.05387
0.04290
0.04635
0.07272
0.05157
0.03789
0.04461
0.04688
0.04785
0.06621
0.04862
0.04805
0.05215
0.05312
0.04485
0.04882
0.04527
0.04070
0.04205
0.04837
0.04717
0.04656
0.04433
0.04210
0.04091
0.04979
0.04306
0.04569
0.07496
0.04944
0.03897
0.04770
0.04690
0.04971
0.05749
0.05555
0.04315
0.05136
0.04474
0.04153
0.04592
0.04081
0.04796
0.05620
0.04634
0.04153
0.05144
0.05478
0.05014
0.04480
0.05714
0.04723
0.05990
0.06109
0.06439
0.06430
0.04032
0.03444
0.03703
0.05292
0.06106
0.04291
0.04844
0.04043
0.05087
0.06823
0.05011
0.03638
0.03906
0.05320
0.04526
0.04226
0.03848
0.03867
0.03792
0.04339
0.05918
0.04369
0.05101
