-0.00115
-0.01966
0.03865
-0.40344
0.15643
3.55641
4.12497
3.68667
3.75159
3.73783
3.73988
3.74762
3.75093
3.75994
3.76675
3.76988
3.77743
3.78206
3.78907
3.79438
3.79856
3.80675
3.81009
3.81620
3.82175
3.82589
3.83458
3.83902
3.84499
3.85100
3.85634
3.86369
3.86853
3.87585
3.88048
3.88534
3.89381
3.89714
3.90234
3.90842
3.91488
3.92422
3.92852
3.93590
3.94255
3.94772
3.95540
3.95938
3.96658
3.97329
3.97776
3.98495
3.98944
3.99707
4.00350
4.00766
4.01647
4.02014
4.02754
4.03526
4.03863
4.04730
4.05122
4.05881
4.06530
4.06972
4.07802
4.08097
4.08743
4.09459
4.09854
4.10973
4.11450
4.12143
4.12803
4.13191
4.14070
4.14520
4.15349
4.16009
4.16460
4.17383
4.17674
4.18473
4.19159
4.19660
4.20743
4.21097
4.21869
4.22523
4.22879
4.23927
4.24417
4.25323
4.25925
4.26408
4.27386
4.27781
4.28664
4.29459
