-0.00021
-0.00361
0.00710
-0.07413
0.02878
0.65351
0.75755
0.67595
0.68754
0.68524
0.68451
0.68533
0.68535
0.68736
0.68657
0.68340
0.68228
0.68640
0.68805
0.68799
0.68796
0.68855
0.68831
0.68797
0.68833
0.68825
0.68992
0.68988
0.68922
0.68996
0.69066
0.69414
0.69278
0.68999
0.69233
0.69304
0.69409
0.69367
0.69457
0.69576
0.69447
0.69565
0.69651
0.69605
0.69612
0.69633
0.69731
0.69724
0.69659
0.69578
0.69723
0.70106
0.70106
0.69812
0.69903
0.69958
0.69796
0.69911
0.69982
0.70243
0.70211
0.70198
0.70114
0.70161
0.70094
0.70167
0.70244
0.70182
0.70277
0.70343
0.70218
0.70382
0.70578
0.70404
0.70333
0.70380
0.70372
0.70448
0.70470
0.70440
0.70547
0.70378
0.70463
0.70660
0.70758
0.70703
0.70690
0.70754
0.70635
0.70666
0.70805
0.70707
0.70810
0.70863
0.70916
0.71045
0.71126
0.70983
0.70995
0.71319
