-0.00078
-0.01336
0.02629
-0.27427
0.10685
2.41660
2.80035
2.50408
2.54329
2.53251
2.53410
2.53563
2.53767
2.54056
2.54663
2.54803
2.54709
2.55056
2.55603
2.55664
2.56080
2.56287
2.56197
2.55699
2.55696
2.56270
2.56406
2.56663
2.57059
2.57324
2.57527
2.57768
2.58167
2.58446
2.58510
2.58720
2.58809
2.59085
2.59349
2.59145
2.59166
2.59728
2.60083
2.60034
2.60340
2.60187
2.60328
2.61022
2.61026
2.61124
2.61481
2.61738
2.61831
2.62237
2.62660
2.62678
2.62622
2.63131
2.63618
2.63309
2.62865
2.63700
2.63964
2.63935
2.64129
2.64208
2.64381
2.64747
2.64573
2.64959
2.65575
2.65368
2.65780
2.65522
2.65554
2.66349
2.66455
2.66881
2.67254
2.67569
2.68080
2.68303
2.68340
2.68270
2.68339
2.68743
2.69140
2.69426
2.69453
2.69640
2.69939
2.70326
2.70248
2.70267
2.70392
2.70606
2.70916
2.71396
2.71557
2.72056
