-0.00010
-0.00178
0.00349
-0.03644
0.01417
0.32115
0.37243
0.33150
0.33807
0.34136
0.33669
0.33666
0.33719
0.33641
0.33076
0.33017
0.33901
0.33566
0.33315
0.33654
0.33255
0.33312
0.33945
0.33237
0.33106
0.33982
0.33245
0.33007
0.33405
0.34052
0.32851
0.33012
0.33721
0.33809
0.33675
0.33274
0.33883
0.33568
0.33842
0.34287
0.33401
0.33846
0.33381
0.33167
0.33690
0.33075
0.32945
0.34171
0.33352
0.33079
0.33377
0.33716
0.33709
0.33491
0.33612
0.34219
0.33962
0.33785
0.34213
0.34374
0.34119
0.33931
0.33915
0.33416
0.33105
0.33985
0.34046
0.33684
0.33925
0.33805
0.33764
0.34501
0.34111
0.34056
0.33927
0.33947
0.34324
0.33732
0.33648
0.33963
0.33838
0.34250
0.34058
0.34871
0.34643
0.34370
0.33746
0.34098
0.34075
0.33877
0.33962
0.33751
0.34214
0.34339
0.34302
0.33758
0.34056
0.34714
0.34718
0.33745
