-0.00145
-0.02469
0.04862
-0.50689
0.19801
4.46552
5.16946
4.62223
4.69719
4.67519
4.67837
4.67484
4.67813
4.68360
4.68719
4.69207
4.68893
4.69123
4.70293
4.70070
4.70541
4.70584
4.70664
4.70322
4.69863
4.70414
4.70434
4.70689
4.71482
4.71687
4.71518
4.71899
4.72673
4.72659
4.72931
4.73282
4.73013
4.73027
4.73741
4.73426
4.73428
4.74163
4.74138
4.74398
4.75246
4.74828
4.74694
4.75756
4.75411
4.74964
4.75795
4.76100
4.76256
4.76650
4.77131
4.77076
4.76958
4.77478
4.78375
4.77970
4.77854
4.78407
4.78499
4.78757
4.78690
4.78589
4.78782
4.79141
4.79180
4.79028
4.80069
4.79709
4.79824
4.80128
4.80084
4.80849
4.80844
4.81268
4.81741
4.82416
4.83596
4.83252
4.83491
4.83492
4.83254
4.83548
4.83732
4.84224
4.84815
4.84737
4.84656
4.84232
4.84743
4.85500
4.85085
4.85505
4.85815
4.86103
4.86450
4.86539
