-0.00087
-0.01494
0.02931
-0.30646
0.11770
2.70197
3.14691
2.82283
2.86008
2.83456
2.83546
2.83409
2.84313
2.86303
2.85353
2.83980
2.82923
2.84258
2.84383
2.87360
2.88544
2.84859
2.86077
2.88058
2.85343
2.86393
2.87788
2.84606
2.87003
2.90160
2.86447
2.86124
2.87016
2.86731
2.86660
2.86525
2.88796
2.88101
2.88333
2.90694
2.89003
2.87144
2.86235
2.88445
2.89033
2.86858
2.85800
2.86739
2.88499
2.90159
2.91548
2.92965
2.90476
2.89153
2.85951
2.90292
2.90411
2.89526
2.91125
2.90517
2.90965
2.89693
2.89359
2.92273
2.93359
2.92488
2.90332
2.91724
2.92361
2.90936
2.92079
2.92068
2.92624
2.93499
2.93746
2.93266
2.93415
2.95822
2.96057
2.94243
2.93591
2.94693
2.93746
2.95655
2.96364
2.94816
2.94870
2.95010
2.95657
2.96609
2.95156
2.94768
2.96541
2.98518
2.96227
2.96597
2.95355
2.94592
2.97262
2.97318
