-0.00024
-0.00424
0.00576
-0.08022
-0.01060
0.74820
1.30816
1.43502
0.89343
0.19600
0.41774
0.01537
0.15253
1.03083
0.55156
0.55746
1.23367
1.05408
0.40509
1.74339
1.61913
0.23371
1.16668
1.22001
-0.00738
0.50252
1.41692
0.59127
0.98479
1.72682
0.81126
-0.02292
0.30411
0.73379
0.16467
0.68052
1.31810
1.02513
0.93561
1.00340
0.71385
0.81032
0.79745
0.99048
1.13664
0.69537
0.41366
0.63462
0.60358
0.71556
1.57491
1.88444
1.10070
0.81021
0.80535
0.96117
1.04845
1.20519
1.10096
0.85572
0.40747
0.47475
0.38506
0.82978
1.54098
1.12590
0.61117
0.84141
1.07269
0.71593
1.38447
1.20896
0.44848
0.01821
-0.03528
-0.03588
0.69025
1.93336
1.75854
1.20422
1.31700
1.02154
0.50126
1.32998
1.54762
1.16872
0.94951
1.29303
0.69124
0.75120
1.21992
0.62048
0.53093
1.39096
0.91764
0.71857
0.71100
0.65304
0.05454
0.37233
