-0.00003
-0.00053
0.00107
-0.01097
0.00474
0.09568
0.10726
0.09755
0.10026
0.09896
0.09978
0.09841
0.10068
0.09936
0.09911
0.09868
0.09739
0.09928
0.09996
0.09996
0.09946
0.09922
0.09801
0.09850
0.09936
0.10198
0.10152
0.10029
0.10023
0.10111
0.10015
0.09899
0.09817
0.09756
0.09778
0.09931
0.10027
0.09978
0.09994
0.09971
0.09822
0.09961
0.10281
0.10322
0.10079
0.10003
0.10008
0.09911
0.10022
0.09894
0.10038
0.09903
0.09904
0.10319
0.09971
0.09798
0.09912
0.10112
0.10506
0.10368
0.10218
0.10395
0.10284
0.10161
0.10099
0.09913
0.09947
0.10214
0.09989
0.10029
0.10132
0.09981
0.09985
0.10185
0.10140
0.10178
0.10157
0.10195
0.10210
0.09942
0.10274
0.10429
0.09894
0.10011
0.10164
0.09984
0.10044
0.09864
0.09836
0.10473
0.10115
0.09950
0.10157
0.10141
0.10419
0.10462
0.10403
0.10340
0.10135
0.10154
