-0.00003
-0.00050
0.00099
-0.01024
0.00408
0.09018
0.10341
0.09204
0.09367
0.09220
0.09233
0.09061
0.09281
0.09230
0.09145
0.09095
0.09102
0.09010
0.09219
0.09214
0.09189
0.09155
0.08881
0.09087
0.09146
0.09134
0.09252
0.09300
0.09353
0.09285
0.09063
0.09242
0.09191
0.08815
0.08956
0.09359
0.09355
0.09270
0.09319
0.09216
0.09032
0.09119
0.09204
0.09299
0.09340
0.09029
0.09088
0.09237
0.09091
0.09207
0.09445
0.09416
0.09430
0.08993
0.09286
0.09448
0.09426
0.09497
0.09380
0.09057
0.09173
0.09183
0.09294
0.09403
0.09135
0.09526
0.09864
0.09314
0.09018
0.09255
0.09410
0.09072
0.09185
0.09193
0.09368
0.09358
0.09290
0.09447
0.09299
0.09302
0.09284
0.09465
0.09435
0.09393
0.09426
0.09296
0.09364
0.09404
0.09835
0.09462
0.09463
0.09438
0.09394
0.09585
0.09251
0.09346
0.09509
0.09531
0.09720
0.09241
