-0.00007
-0.00113
0.00225
-0.02326
0.00983
0.20301
0.23020
0.21108
0.21518
0.20947
0.21258
0.21624
0.21401
0.21453
0.22260
0.21658
0.21195
0.21345
0.21650
0.21385
0.21515
0.22519
0.21915
0.21119
0.21387
0.22577
0.21534
0.22058
0.21454
0.20754
0.20851
0.21622
0.21655
0.21573
0.21330
0.21558
0.21925
0.21294
0.21183
0.20616
0.21091
0.21362
0.21200
0.21721
0.21261
0.21055
0.21435
0.21699
0.21043
0.20776
0.21151
0.21183
0.21810
0.21466
0.20948
0.21190
0.21509
0.21915
0.21455
0.21487
0.21749
0.21167
0.21562
0.21965
0.22461
0.21484
0.21421
0.22372
0.21261
0.21141
0.22525
0.21932
0.21731
0.21192
0.21468
0.21782
0.21188
0.21593
0.22998
0.21375
0.21314
0.21792
0.21065
0.21345
0.21519
0.21341
0.21116
0.20854
0.21541
0.22003
0.21217
0.21565
0.21433
0.22300
0.22267
0.21578
0.21225
0.21001
0.21095
0.21432
