-0.00004
-0.00062
0.00122
-0.01267
0.00517
0.11115
0.12725
0.11442
0.11650
0.11659
0.11751
0.11821
0.11619
0.11514
0.11587
0.11722
0.11727
0.11600
0.11720
0.11730
0.11493
0.11244
0.11323
0.11740
0.12306
0.11737
0.11784
0.12036
0.11671
0.11524
0.11588
0.12030
0.12118
0.11930
0.11490
0.11411
0.11611
0.11894
0.12011
0.12928
0.11386
0.11174
0.12102
0.11726
0.11528
0.11677
0.11802
0.11632
0.11261
0.11607
0.11334
0.11191
0.11404
0.11692
0.11731
0.11344
0.11590
0.11294
0.11568
0.12438
0.11622
0.11055
0.11321
0.12316
0.12653
0.11561
0.11090
0.11421
0.11439
0.11232
0.11441
0.11616
0.11176
0.11395
0.12114
0.11476
0.11595
0.11427
0.11267
0.11495
0.11945
0.11426
0.11226
0.11250
0.11496
0.11077
0.11430
0.12544
0.11468
0.11493
0.11588
0.11500
0.11391
0.11477
0.11352
0.11414
0.11475
0.11471
0.11458
0.11390
