-0.00003
-0.00053
0.00104
-0.01086
0.00410
0.09578
0.11221
0.10149
0.10330
0.10248
0.10185
0.09975
0.10203
0.10596
0.10248
0.10170
0.10727
0.10239
0.09847
0.10059
0.09999
0.09856
0.09897
0.10124
0.10901
0.10218
0.09994
0.10203
0.10183
0.10230
0.10045
0.10011
0.09997
0.10623
0.11266
0.10270
0.10461
0.10360
0.10255
0.11204
0.10370
0.09772
0.10332
0.10770
0.10093
0.09979
0.10306
0.10217
0.10152
0.10245
0.10114
0.09874
0.10322
0.10379
0.10315
0.10099
0.10031
0.10070
0.10272
0.10660
0.10143
0.09946
0.10074
0.10497
0.10762
0.10435
0.10171
0.10172
0.10142
0.10110
0.10417
0.10865
0.10375
0.10596
0.11142
0.10591
0.10553
0.10464
0.10239
0.10522
0.10276
0.09983
0.10069
0.10186
0.10260
0.10387
0.10317
0.10156
0.10216
0.10460
0.10390
0.10163
0.10224
0.10555
0.10310
0.10458
0.10963
0.10695
0.10234
0.10266
