-0.00180
-0.03068
0.06039
-0.62979
0.24547
5.55018
6.42735
5.74084
5.83597
5.80540
5.79858
5.79724
5.79890
5.79703
5.79641
5.79990
5.80664
5.80826
5.80524
5.81487
5.81176
5.80901
5.80976
5.81462
5.81326
5.81104
5.81447
5.81739
5.82225
5.81772
5.81566
5.81273
5.79818
5.78882
5.80129
5.82568
5.82481
5.81987
5.81573
5.80917
5.80898
5.81103
5.80536
5.80719
5.80898
5.80369
5.80100
5.80096
5.80537
5.80516
5.80318
5.80960
5.81722
5.82181
5.81767
5.81852
5.83317
5.83523
5.83234
5.83162
5.83278
5.83812
5.84015
5.83415
5.83311
5.83348
5.83497
5.83946
5.84484
5.85577
5.85767
5.85383
5.85316
5.85644
5.85221
5.84669
5.85309
5.86175
5.85917
5.85514
5.85619
5.86102
5.86036
5.85690
5.86581
5.87765
5.87829
5.88111
5.88084
5.87913
5.87677
5.87806
5.88934
5.89198
5.88626
5.88421
5.89256
5.90514
5.90840
5.90848
