-0.00151
-0.02577
0.05074
-0.52910
0.20611
4.66334
5.40034
4.82217
4.90280
4.86614
4.87053
4.92372
4.93650
4.92737
4.92617
4.93116
4.93393
4.93322
4.93082
4.93715
4.93780
4.93626
4.93643
4.93669
4.93695
4.93654
4.94111
4.94580
4.94929
4.95231
4.95050
4.94375
4.91773
4.91328
4.93018
4.92713
4.91300
4.92431
4.94696
4.95106
4.94692
4.94707
4.94935
4.94777
4.94850
4.94871
4.94807
4.94754
4.95198
4.95893
4.95860
4.95594
4.95857
4.96086
4.95706
4.95816
4.97348
4.97772
4.97567
4.97911
4.97088
4.95631
4.96106
4.96352
4.96340
4.95850
4.94382
4.94557
4.94671
4.94141
4.95851
4.97708
4.97982
4.94436
4.92653
4.92833
4.93097
4.93359
4.93331
4.94875
4.96796
4.96988
4.97333
4.97637
4.96308
4.95255
4.97108
4.96333
4.95686
4.97936
4.98254
4.97378
4.97780
4.98019
4.97624
4.98494
4.99365
5.00201
5.00737
5.00317
