-0.00051
-0.00870
0.01699
-0.17798
0.06651
1.57782
1.84255
1.61657
1.63444
1.62361
1.62038
1.64332
1.65709
1.63171
1.63018
1.66371
1.63668
1.62687
1.63937
1.64401
1.64863
1.66649
1.64201
1.64309
1.64103
1.65525
1.65792
1.63590
1.62343
1.63195
1.64620
1.63134
1.66575
1.64246
1.63129
1.63000
1.62273
1.62719
1.62547
1.61842
1.61727
1.62166
1.61373
1.61883
1.62720
1.62362
1.61585
1.63369
1.63506
1.62991
1.65169
1.66498
1.64341
1.65487
1.64486
1.65314
1.64172
1.63156
1.65896
1.67987
1.70596
1.68665
1.63981
1.69695
1.72281
1.66045
1.68082
1.69026
1.64852
1.64988
1.68766
1.66154
1.63921
1.66839
1.66701
1.64568
1.62951
1.64063
1.63532
1.63522
1.64783
1.61838
1.58403
1.62097
1.63858
1.58689
1.57129
1.56697
1.57557
1.60619
1.63189
1.62345
1.58893
1.57760
1.57971
1.58335
1.58247
1.57061
1.57198
1.57898
