-0.00125
-0.02130
0.04196
-0.43742
0.17070
3.85475
4.46121
3.98350
4.05269
4.03170
4.02809
4.03049
4.03651
4.04107
4.04213
4.04353
4.04442
4.04686
4.04976
4.05158
4.05433
4.05750
4.05834
4.06000
4.06150
4.06385
4.06163
4.06084
4.06505
4.05959
4.06148
4.06765
4.06891
4.07045
4.07196
4.07597
4.07653
4.07554
4.07972
4.08325
4.08399
4.08418
4.08681
4.08677
4.08697
4.09267
4.09127
4.09484
4.10062
4.10135
4.10564
4.10564
4.10625
4.11016
4.11086
4.11231
4.11267
4.11191
4.11505
4.11500
4.11705
4.11872
4.11887
4.12455
4.12831
4.13080
4.13023
4.13130
4.13347
4.13495
4.13694
4.13897
4.14323
4.14458
4.14238
4.14359
4.14621
4.14887
4.14856
4.15182
4.15696
4.16101
4.16357
4.16418
4.16650
4.17087
4.17014
4.17296
4.17369
4.17269
4.18134
4.17988
4.17796
4.18020
4.18175
4.18661
4.18809
4.18729
4.19007
4.18729
