-0.00092
-0.01564
0.03082
-0.32120
0.12557
2.83006
3.27371
2.92446
2.97666
2.96168
2.96016
2.96372
2.96948
2.97543
2.97565
2.97621
2.97897
2.98337
2.98570
2.98940
2.99292
2.99241
2.99439
2.99872
2.99868
3.00196
3.00397
3.00250
3.00241
3.00231
3.00604
3.00874
3.01067
3.01345
3.01449
3.01679
3.01809
3.02330
3.02624
3.03093
3.03223
3.03234
3.03379
3.03811
3.03724
3.03954
3.04212
3.04458
3.05025
3.05290
3.05857
3.05932
3.06031
3.06456
3.06677
3.06652
3.06754
3.07072
3.07146
3.07398
3.07693
3.08028
3.08121
3.08170
3.08763
3.09393
3.09179
3.09329
3.09428
3.09579
3.09805
3.10160
3.10541
3.10798
3.10683
3.11111
3.11485
3.11694
3.11797
3.11922
3.12630
3.13114
3.13260
3.13553
3.13774
3.14329
3.14433
3.14729
3.14792
3.14754
3.15302
3.15222
3.15331
3.15563
3.15815
3.16285
3.16573
3.16506
3.16983
3.17110
