-0.00116
-0.01976
0.03891
-0.40569
0.15815
3.57599
4.13988
3.69237
3.75116
3.73140
3.72777
3.72580
3.72442
3.72418
3.72159
3.71950
3.71916
3.71430
3.71449
3.71475
3.71322
3.71548
3.71033
3.70911
3.71142
3.70761
3.70706
3.70469
3.70197
3.70101
3.69755
3.69665
3.69490
3.69205
3.69273
3.69138
3.68873
3.68518
3.68498
3.68377
3.68452
3.68187
3.68000
3.67783
3.67573
3.67059
3.66616
3.66169
3.65905
3.65496
3.65460
3.65307
3.65102
3.65130
3.64679
3.64639
3.64262
3.63978
3.64011
3.63677
3.63465
3.63320
3.63047
3.62904
3.62553
3.62446
3.62006
3.61835
3.61676
3.61473
3.61224
3.61193
3.60802
3.60604
3.60420
3.60596
3.60376
3.60147
3.60157
3.59894
3.59744
3.59764
3.59691
3.59585
3.59225
3.58944
3.58677
3.58789
3.58886
3.58460
3.58087
3.58066
3.57729
3.57508
3.57278
3.57031
3.56854
3.56680
3.56598
3.56351
