-0.00001
-0.00013
0.00024
-0.00264
0.00083
0.02328
0.02949
0.02704
0.02518
0.03024
0.03393
0.02817
0.02564
0.03152
0.02888
0.03282
0.04422
0.02734
0.02911
0.04399
0.02696
0.02461
0.02958
0.03509
0.02708
0.02973
0.02823
0.03409
0.03091
0.02617
0.02038
0.02788
0.02795
0.03109
0.03080
0.02688
0.02562
0.02721
0.02601
0.02972
0.03328
0.02936
0.02586
0.03033
0.02632
0.03936
0.03666
0.02316
0.02158
0.02298
0.03083
0.02592
0.02715
0.03327
0.03050
0.02991
0.03009
0.02257
0.02563
0.02952
0.02941
0.03455
0.02652
0.02160
0.02808
0.02886
0.02616
0.02676
0.03104
0.02802
0.02697
0.03930
0.03447
0.02529
0.02509
0.02682
0.03126
0.02606
0.02020
0.02128
0.02688
0.02692
0.02187
0.02325
0.02510
0.02331
0.02394
0.02266
0.02929
0.02653
0.02760
0.02872
0.02156
0.02646
0.02786
0.02056
0.02430
0.03099
0.02859
0.02083
