-0.00060
-0.01026
0.02021
-0.21068
0.08211
1.85716
2.15058
1.91740
1.94540
1.93402
1.93095
1.93016
1.92807
1.92619
1.92324
1.92022
1.92147
1.91972
1.91736
1.91408
1.91254
1.91010
1.90880
1.90991
1.90702
1.90519
1.90536
1.90125
1.89946
1.89747
1.89517
1.89465
1.89235
1.89155
1.88913
1.88829
1.88618
1.88101
1.88180
1.88249
1.87895
1.87819
1.87514
1.87295
1.87173
1.87094
1.87056
1.86691
1.86606
1.86353
1.86118
1.86039
1.85873
1.85621
1.85621
1.85474
1.85262
1.85164
1.85058
1.84744
1.84662
1.84376
1.84025
1.84265
1.84097
1.83706
1.83754
1.83527
1.83408
1.83087
1.82911
1.82704
1.82421
1.82567
1.82293
1.82097
1.82245
1.81796
1.81733
1.81562
1.81295
1.81213
1.80653
1.80559
1.80742
1.80356
1.80103
1.80045
1.79933
1.79726
1.79762
1.79523
1.79182
1.79126
1.79066
1.78655
1.78484
1.78408
1.78418
1.78245
