-0.00031
-0.00526
0.01032
-0.10781
0.04136
0.95140
1.10607
0.98747
1.00601
1.00208
1.00382
1.00578
1.00914
1.01054
1.01186
1.01637
1.01819
1.01783
1.01970
1.02451
1.02764
1.02634
1.02763
1.02933
1.03017
1.03736
1.04161
1.03814
1.03926
1.04415
1.04273
1.04412
1.04664
1.05185
1.05488
1.05294
1.05658
1.05783
1.06387
1.06585
1.06768
1.06905
1.07190
1.07592
1.07753
1.07800
1.08192
1.08391
1.08638
1.08652
1.08796
1.09171
1.09607
1.09749
1.09562
1.09742
1.10283
1.10519
1.10604
1.10899
1.11174
1.11572
1.12064
1.11989
1.11960
1.12397
1.12517
1.12576
1.13024
1.13542
1.13774
1.13748
1.14059
1.14339
1.14581
1.14639
1.14835
1.14939
1.15202
1.15770
1.15920
1.15981
1.16251
1.16813
1.17193
1.17121
1.17116
1.17517
1.17874
1.17913
1.17988
1.18252
1.18352
1.18596
1.18573
1.19003
1.19416
1.18828
1.18662
1.19624
