-0.00150
-0.02565
0.05051
-0.52653
0.20559
4.64082
5.36977
4.78776
4.86216
4.83934
4.84635
4.84648
4.84175
4.84185
4.83991
4.83862
4.83995
4.84386
4.84155
4.84329
4.84717
4.84738
4.84899
4.84701
4.85145
4.83884
4.83557
4.84374
4.84617
4.83998
4.83487
4.83700
4.83667
4.83838
4.83924
4.84191
4.84484
4.84925
4.84446
4.84261
4.84835
4.85047
4.84953
4.85015
4.84910
4.84419
4.84084
4.84501
4.84442
4.84239
4.84368
4.84597
4.84548
4.84815
4.85063
4.84853
4.84707
4.84509
4.84715
4.84693
4.84698
4.85153
4.85143
4.85115
4.84884
4.85094
4.85094
4.85534
4.85092
4.84935
4.84767
4.84871
4.85130
4.85477
4.85453
4.84983
4.85442
4.85311
4.85085
4.84977
4.85289
4.85306
4.85679
4.85752
4.86112
4.86209
4.86024
4.85571
4.85174
4.85714
4.85564
4.85141
4.85104
4.85747
4.86099
4.85417
4.85130
4.85404
4.85463
4.85217
