-0.00053
-0.00899
0.01762
-0.18487
0.07174
1.61815
1.89395
1.77545
1.82116
1.75372
1.71744
1.73747
1.75094
1.75292
1.77771
1.79344
1.76382
1.75160
1.75880
1.73378
1.73184
1.73141
1.75315
1.73918
1.70905
1.80416
1.79213
1.76723
1.79709
1.81165
1.81256
1.82658
1.84600
1.82618
1.81094
1.76651
1.75217
1.75708
1.74702
1.73248
1.73179
1.75480
1.73365
1.71316
1.72974
1.77130
1.76499
1.72028
1.72317
1.74161
1.75758
1.74634
1.70718
1.69812
1.69470
1.71226
1.72908
1.74066
1.73413
1.73511
1.73780
1.73570
1.73356
1.72062
1.72728
1.73690
1.73148
1.72344
1.71878
1.71203
1.73739
1.73293
1.70970
1.68755
1.67612
1.69266
1.68996
1.68245
1.70050
1.68003
1.67149
1.69244
1.65350
1.64011
1.64907
1.64833
1.63924
1.63044
1.66465
1.67676
1.64843
1.63556
1.63593
1.64239
1.62394
1.62906
1.64246
1.65280
1.65926
1.66347
