-0.00001
-0.00019
0.00035
-0.00385
0.00088
0.03588
0.04554
0.03132
0.03279
0.04716
0.03702
0.03882
0.03237
0.03381
0.06596
0.05479
0.04002
0.04279
0.04977
0.05622
0.05040
0.05143
0.04304
0.04718
0.05716
0.04922
0.06193
0.05044
0.05821
0.04026
0.04754
0.05055
0.04374
0.05013
0.04986
0.04984
0.04144
0.03914
0.04452
0.05523
0.05689
0.05488
0.05065
0.04894
0.04288
0.06312
0.05533
0.04793
0.05330
0.05328
0.04121
0.03027
0.06532
0.05786
0.05671
0.04241
0.03930
0.05572
0.03699
0.04561
0.04892
0.04295
0.05032
0.04851
0.04460
0.05007
0.05179
0.04701
0.03890
0.04069
0.04632
0.05663
0.05450
0.05425
0.03957
0.04007
0.05249
0.05148
0.04311
0.05321
0.06073
0.05329
0.05765
0.05407
0.04328
0.04148
0.04241
0.04222
0.04944
0.04967
0.05544
0.05371
0.04774
0.04464
0.03793
0.05107
0.05992
0.05521
0.06127
0.04164
