-0.00016
-0.00276
0.00544
-0.05672
0.02192
0.50054
0.58011
0.51641
0.52610
0.52212
0.52213
0.52287
0.52372
0.52381
0.52259
0.52110
0.52224
0.52250
0.52434
0.52840
0.52378
0.52221
0.52401
0.52139
0.52343
0.52346
0.52380
0.52385
0.52339
0.52378
0.52446
0.52301
0.52306
0.52676
0.52503
0.52464
0.52586
0.52586
0.52454
0.52731
0.52455
0.52505
0.52659
0.52664
0.52784
0.52673
0.52533
0.52681
0.52759
0.52163
0.52627
0.52802
0.52625
0.52921
0.52842
0.52928
0.53180
0.52436
0.52375
0.52446
0.52559
0.52821
0.52565
0.52650
0.53263
0.52955
0.52711
0.52591
0.52556
0.52689
0.52887
0.52988
0.52968
0.52812
0.52746
0.52811
0.52868
0.52786
0.52880
0.52919
0.52667
0.52879
0.53348
0.52893
0.52744
0.53070
0.53163
0.52968
0.53002
0.52713
0.52740
0.53080
0.53062
0.52982
0.52797
0.52924
0.52900
0.52961
0.53072
0.52803
