-0.00004
-0.00073
0.00143
-0.01493
0.00564
0.13199
0.15434
0.13604
0.13696
0.13942
0.14043
0.13952
0.13629
0.13865
0.13789
0.13625
0.14151
0.14225
0.13928
0.14609
0.13966
0.13660
0.13682
0.14017
0.14710
0.14451
0.13727
0.13747
0.13752
0.14343
0.14023
0.13467
0.13617
0.14338
0.13999
0.14298
0.14010
0.13932
0.13979
0.13965
0.14668
0.14394
0.13948
0.14090
0.13663
0.13871
0.13775
0.13849
0.13816
0.13992
0.13832
0.13833
0.13824
0.13753
0.14004
0.13940
0.13883
0.14114
0.13844
0.13875
0.13928
0.14320
0.14208
0.13905
0.13984
0.14546
0.14369
0.14233
0.14929
0.14276
0.13811
0.13847
0.13976
0.14368
0.14125
0.14041
0.14143
0.14073
0.13853
0.13949
0.14485
0.14139
0.13771
0.13728
0.13659
0.13670
0.13824
0.14047
0.14220
0.14320
0.13862
0.13848
0.14057
0.14322
0.14286
0.14649
0.14223
0.14371
0.13984
0.14293
