-0.00140
-0.02389
0.04703
-0.49039
0.19089
4.32355
5.00602
4.46378
4.53699
4.50583
4.50331
4.50509
4.49205
4.49243
4.49334
4.48734
4.47816
4.46368
4.46415
4.45873
4.45193
4.44746
4.44108
4.44581
4.43798
4.43420
4.43221
4.42693
4.43079
4.42901
4.42636
4.42167
4.41420
4.41659
4.41284
4.40985
4.40697
4.40184
4.40739
4.40157
4.39920
4.39857
4.39311
4.39719
4.39342
4.39489
4.39147
4.38167
4.38536
4.37862
4.37293
4.36960
4.36408
4.36825
4.36071
4.35943
4.35583
4.34531
4.34487
4.33372
4.32900
4.32435
4.31667
4.31334
4.30530
4.30216
4.29526
4.29451
4.30453
4.29931
4.29842
4.29519
4.29228
4.29682
4.28631
4.28355
4.28402
4.27384
4.26772
4.26220
4.26179
4.26208
4.26219
4.26516
4.25539
4.25272
4.24651
4.23844
4.23916
4.22915
4.22849
4.22868
4.22267
4.22433
4.22214
4.22198
4.21462
4.21376
4.22076
4.21044
