-0.00001
-0.00012
0.00021
-0.00233
0.00042
0.02174
0.02865
0.02129
0.02256
0.03088
0.02040
0.01708
0.02557
0.01937
0.02609
0.02964
0.02183
0.02851
0.02709
0.01907
0.02316
0.02796
0.02385
0.02289
0.02598
0.02232
0.02514
0.02365
0.02009
0.02816
0.02593
0.01896
0.01867
0.02237
0.02514
0.01845
0.01722
0.02083
0.01891
0.02172
0.02654
0.02335
0.02423
0.02290
0.03016
0.04485
0.04694
0.02431
0.01606
0.02205
0.02380
0.02835
0.02625
0.01914
0.02146
0.02506
0.02377
0.02596
0.02127
0.01998
0.02311
0.02538
0.02858
0.01861
0.01863
0.02415
0.02102
0.01925
0.02216
0.02090
0.02171
0.02742
0.02785
0.02503
0.01661
0.02085
0.03089
0.02702
0.02076
0.02087
0.02232
0.02070
0.02215
0.02122
0.02383
0.02670
0.02290
0.02417
0.02428
0.02536
0.02519
0.02944
0.02721
0.02447
0.02471
0.02218
0.01963
0.02117
0.02712
0.02490
