-0.00129
-0.02211
0.04354
-0.45388
0.17715
4.00039
4.63013
4.12949
4.19242
4.17056
4.16820
4.16510
4.16253
4.16006
4.15876
4.15688
4.15424
4.14900
4.14883
4.14997
4.14573
4.14285
4.14208
4.14126
4.13832
4.13437
4.13335
4.13156
4.13007
4.12742
4.12527
4.12535
4.12123
4.12015
4.11846
4.11551
4.11444
4.11186
4.10833
4.10805
4.10584
4.10194
4.10065
4.10031
4.09822
4.09565
4.09408
4.09218
4.09179
4.08774
4.08478
4.08306
4.08044
4.07999
4.07650
4.07381
4.07306
4.06985
4.06798
4.06814
4.06552
4.06300
4.06097
4.05952
4.05643
4.05460
4.05300
4.05114
4.04928
4.04785
4.04414
4.04251
4.04014
4.03824
4.03735
4.03438
4.03206
4.02989
4.02906
4.02846
4.02683
4.02405
4.02158
4.01876
4.01610
4.01643
4.01430
4.00989
4.00770
4.00594
4.00322
4.00131
3.99873
3.99659
3.99551
3.99407
3.98976
3.98749
3.98598
3.98330
