-0.00168
-0.02871
0.05652
-0.58934
0.22983
5.19397
6.01301
5.36832
5.45721
5.42812
5.42586
5.42849
5.42782
5.42690
5.42790
5.42834
5.42878
5.42871
5.42870
5.42826
5.43005
5.42959
5.42976
5.43101
5.43226
5.43030
5.42944
5.42921
5.42946
5.43126
5.42749
5.42970
5.43172
5.43248
5.43340
5.43239
5.43579
5.43195
5.43320
5.43550
5.43185
5.43362
5.43436
5.43332
5.43388
5.43268
5.43594
5.43610
5.43308
5.43295
5.43300
5.43636
5.43518
5.43323
5.43452
5.43714
5.43881
5.43648
5.43610
5.43721
5.43693
5.43601
5.43573
5.43715
5.43650
5.43612
5.43825
5.44068
5.44194
5.44221
5.44126
5.43947
5.43846
5.43893
5.43999
5.43859
5.44019
5.44257
5.44395
5.44356
5.44190
5.44378
5.44436
5.44475
5.44333
5.43915
5.44113
5.44351
5.44579
5.44300
5.44248
5.44590
5.44480
5.44506
5.44551
5.44318
5.44422
5.44357
5.44310
5.44655
