-0.00152
-0.02602
0.05121
-0.53412
0.20757
4.71026
5.45631
4.85701
4.93490
4.92279
4.91819
4.91733
4.92457
4.92113
4.91390
4.91851
4.91916
4.91810
4.91729
4.91501
4.92124
4.92611
4.91559
4.91479
4.92107
4.91553
4.91896
4.92276
4.91428
4.91911
4.92742
4.91303
4.91627
4.90395
4.91032
4.91670
4.90940
4.90962
4.90894
4.90450
4.90210
4.90101
4.89660
4.89472
4.89804
4.89448
4.89883
4.91224
4.93110
4.94488
4.94032
4.92010
4.91013
4.91371
4.91915
4.91788
4.91874
4.92480
4.93254
4.94313
4.93916
4.94223
4.94431
4.93554
4.93810
4.95382
4.93781
4.91680
4.91621
4.91886
4.91578
4.91580
4.92461
4.93580
4.93617
4.92775
4.92181
4.91867
4.91843
4.91978
4.92569
4.91748
4.91848
4.92106
4.91987
4.93039
4.91956
4.91769
4.92453
4.92404
4.91719
4.90725
4.91342
4.91805
4.91602
4.91392
4.90785
4.90154
4.90954
4.91791
