-0.00102
-0.01744
0.03432
-0.35798
0.13922
3.15579
3.65759
3.26141
3.30720
3.29660
3.29709
3.29081
3.28869
3.29013
3.29317
3.29128
3.28845
3.28800
3.28644
3.29023
3.28697
3.27745
3.27829
3.27762
3.27165
3.27879
3.27987
3.27818
3.27213
3.26496
3.27464
3.27645
3.27808
3.27175
3.26670
3.26709
3.25841
3.26463
3.26240
3.26420
3.26353
3.26108
3.25881
3.25859
3.25631
3.25550
3.25710
3.26001
3.25213
3.24918
3.25159
3.25083
3.24890
3.25545
3.25136
3.24967
3.24679
3.24689
3.24637
3.24343
3.24763
3.24840
3.24419
3.24187
3.24194
3.24246
3.23198
3.23595
3.24308
3.23333
3.22810
3.23040
3.23314
3.23275
3.23247
3.23309
3.23215
3.23092
3.22888
3.23386
3.23343
3.23388
3.23025
3.22605
3.22317
3.22189
3.22043
3.22118
3.21777
3.21980
3.21960
3.21213
3.21748
3.21667
3.20984
3.21203
3.21312
3.20782
3.21181
3.21549
