-0.00145
-0.02474
0.04864
-0.50759
0.19663
4.47663
5.19231
4.62897
4.69852
4.67190
4.67125
4.67751
4.67280
4.66919
4.66444
4.66575
4.66964
4.66985
4.66583
4.66153
4.66177
4.65958
4.66055
4.66836
4.67041
4.66672
4.66686
4.66612
4.66769
4.66361
4.66499
4.66767
4.66539
4.66666
4.66723
4.66652
4.66508
4.66193
4.66241
4.66182
4.66043
4.66408
4.66506
4.66265
4.66617
4.66734
4.66556
4.65933
4.65723
4.66320
4.66666
4.66327
4.65895
4.65609
4.65696
4.65985
4.66031
4.65732
4.65953
4.65391
4.65466
4.65804
4.66204
4.66998
4.66619
4.66152
4.66006
4.65847
4.66224
4.66356
4.65833
4.65715
4.65909
4.65875
4.66210
4.66233
4.65651
4.65626
4.65599
4.65298
4.65201
4.65124
4.64957
4.65889
4.66022
4.65604
4.65895
4.65887
4.65748
4.65476
4.65305
4.65308
4.65559
4.66016
4.65855
4.65006
4.64378
4.64806
4.64675
4.64657
