-0.00130
-0.02222
0.04377
-0.45623
0.17821
4.02037
4.65282
4.15329
4.21635
4.19253
4.19253
4.18873
4.18988
4.18738
4.18388
4.18449
4.18830
4.18816
4.18248
4.18067
4.17881
4.17815
4.17744
4.17939
4.17656
4.17726
4.17546
4.17098
4.17410
4.17089
4.17089
4.16933
4.16889
4.16745
4.16938
4.16902
4.16716
4.16585
4.16786
4.16688
4.16420
4.16203
4.15887
4.15941
4.16237
4.16083
4.15465
4.15131
4.15298
4.15429
4.15276
4.15009
4.15126
4.15506
4.15028
4.14511
4.14625
4.14573
4.14660
4.14478
4.13969
4.14074
4.14288
4.14347
4.13971
4.13823
4.13889
4.13415
4.13421
4.13384
4.13353
4.13270
4.13359
4.13342
4.13283
4.13005
4.12439
4.12625
4.12952
4.12400
4.12388
4.12203
4.11904
4.11815
4.12049
4.11944
4.11964
4.12167
4.11895
4.10993
4.11480
4.11746
4.10957
4.11232
4.10655
4.10677
4.10907
4.10422
4.10599
4.10114
