-0.00066
-0.01117
0.02227
-0.23014
0.09490
2.02131
2.30562
2.04015
2.02920
1.99986
2.01188
2.05939
2.05917
2.05407
2.00257
1.97344
1.97056
1.96884
1.97930
1.98880
1.97263
1.98391
2.05006
2.06578
1.97731
1.94555
1.96254
2.00728
2.01486
2.00499
1.99743
1.97347
1.97823
1.98148
1.97101
1.97763
2.04053
2.05969
2.08340
2.11520
2.07897
2.01550
1.99650
2.00646
2.01580
1.99545
1.99100
1.96374
1.96532
1.99267
2.02622
2.03256
1.98958
1.98562
1.98353
2.04260
2.10790
2.07709
2.06115
2.09173
2.09760
2.07188
2.09837
2.13445
2.13763
2.14743
2.13054
2.04966
2.02371
2.01161
2.03677
2.15056
2.19306
2.18370
2.08072
2.07279
2.12708
2.08545
2.08546
2.08164
2.12139
2.13587
2.09221
2.10651
2.14450
2.15375
2.10872
2.03295
2.00994
2.04168
2.05731
2.03696
2.08928
2.09278
2.11050
2.14612
2.11720
2.07290
2.05961
2.06427
