-0.00004
-0.00065
0.00127
-0.01331
0.00492
0.11838
0.13788
0.11861
0.12203
0.12413
0.12200
0.12372
0.12359
0.12404
0.12997
0.12507
0.12302
0.12556
0.12338
0.12415
0.12512
0.12504
0.12257
0.12483
0.12299
0.12201
0.12679
0.12369
0.12076
0.12269
0.12434
0.12462
0.12389
0.12617
0.12383
0.12360
0.12351
0.12563
0.12215
0.11677
0.12339
0.12663
0.11924
0.12047
0.12225
0.12600
0.12606
0.12647
0.12580
0.12075
0.12264
0.12480
0.12390
0.12574
0.12438
0.12337
0.12847
0.12134
0.12189
0.12144
0.11811
0.11991
0.12349
0.12373
0.12594
0.12584
0.12469
0.12301
0.12212
0.12152
0.12188
0.12576
0.12613
0.12436
0.12694
0.12834
0.12653
0.12124
0.12037
0.12096
0.12203
0.12445
0.12390
0.12474
0.12694
0.12193
0.12279
0.12280
0.12568
0.12775
0.11935
0.12202
0.12238
0.12192
0.12136
0.12226
0.12058
0.12142
0.12989
0.12947
