-0.00035
-0.00591
0.01165
-0.12141
0.04739
1.07059
1.23693
1.10091
1.12265
1.11634
1.11703
1.10917
1.10365
1.11044
1.10205
1.10417
1.10154
1.09429
1.09773
1.09799
1.09627
1.09553
1.09496
1.10009
1.09681
1.11199
1.12574
1.12525
1.12972
1.13082
1.12991
1.13136
1.12098
1.10233
1.09127
1.10133
1.11328
1.11012
1.09763
1.09762
1.10357
1.10220
1.09421
1.10723
1.11993
1.10709
1.08068
1.07037
1.07440
1.07853
1.07347
1.07298
1.07759
1.07920
1.07052
1.07055
1.08314
1.07261
1.06922
1.07569
1.08842
1.08615
1.07169
1.05896
1.07124
1.06786
1.05661
1.05733
1.06914
1.08313
1.07502
1.06336
1.06602
1.06670
1.06044
1.05807
1.06879
1.06388
1.07322
1.08889
1.06699
1.05099
1.05766
1.06632
1.06125
1.06022
1.05712
1.05088
1.05205
1.06540
1.08236
1.09268
1.08977
1.07949
1.08041
1.08235
1.09457
1.09559
1.08432
1.06509
