-0.00118
-0.02023
0.03985
-0.41533
0.16242
3.65954
4.23359
3.77920
3.83944
3.81881
3.81748
3.81903
3.81755
3.81508
3.81416
3.81819
3.81921
3.81793
3.81651
3.81495
3.81324
3.81373
3.81622
3.81450
3.81298
3.81117
3.80846
3.80880
3.80980
3.80983
3.81167
3.80720
3.80635
3.80955
3.80580
3.80755
3.80577
3.80678
3.80953
3.80640
3.80389
3.80462
3.80616
3.80450
3.80251
3.80171
3.80486
3.80606
3.80671
3.80665
3.80521
3.80201
3.80000
3.80244
3.80393
3.80145
3.80046
3.80189
3.80027
3.80107
3.79831
3.79774
3.79622
3.79617
3.79760
3.79718
3.79750
3.79771
3.79742
3.79391
3.79431
3.79381
3.79313
3.79411
3.79233
3.79412
3.79100
3.79109
3.79128
3.78760
3.79062
3.79015
3.78636
3.78527
3.78800
3.78791
3.78636
3.78729
3.78791
3.78500
3.78309
3.78224
3.77978
3.77873
3.78109
3.78477
3.78126
3.77623
3.77753
3.77777
