-0.00045
-0.00762
0.01500
-0.15644
0.06092
1.37906
1.59719
1.42471
1.44725
1.44001
1.43917
1.43969
1.43960
1.43947
1.43939
1.43932
1.43909
1.43834
1.43773
1.43796
1.43743
1.43734
1.43649
1.43675
1.43658
1.43608
1.43646
1.43551
1.43541
1.43590
1.43564
1.43538
1.43495
1.43440
1.43412
1.43472
1.43464
1.43445
1.43370
1.43339
1.43292
1.43288
1.43200
1.43273
1.43235
1.43239
1.43250
1.43106
1.43062
1.43123
1.43099
1.43174
1.43145
1.43020
1.43028
1.42982
1.43000
1.42997
1.42953
1.42903
1.42892
1.42933
1.42825
1.42711
1.42722
1.42603
1.42648
1.42700
1.42615
1.42575
1.42581
1.42713
1.42678
1.42585
1.42553
1.42508
1.42427
1.42437
1.42443
1.42501
1.42465
1.42341
1.42328
1.42401
1.42257
1.42247
1.42290
1.42173
1.42214
1.42146
1.42133
1.42132
1.42070
1.42136
1.42089
1.41950
1.41914
1.42032
1.42078
1.41941
