-0.00128
-0.02178
0.04290
-0.44719
0.17461
3.94134
4.56110
4.06738
4.12960
4.10836
4.10680
4.10821
4.10838
4.10608
4.10432
4.10164
4.10209
4.09993
4.09701
4.09663
4.09744
4.09501
4.09141
4.09097
4.09237
4.09012
4.09134
4.09099
4.08677
4.08585
4.08595
4.08634
4.08445
4.08336
4.08218
4.08068
4.07929
4.07729
4.07733
4.07625
4.07590
4.07533
4.07236
4.07132
4.06817
4.06591
4.06695
4.06684
4.06468
4.06473
4.06196
4.05962
4.06115
4.05875
4.05884
4.05670
4.05559
4.05645
4.05371
4.05169
4.05062
4.05002
4.04764
4.04599
4.04565
4.04675
4.04319
4.03993
4.03897
4.04038
4.04090
4.03637
4.03543
4.03554
4.03258
4.03435
4.03432
4.03061
4.03113
4.03043
4.02812
4.02792
4.02989
4.02673
4.02355
4.02102
4.02011
4.02023
4.01817
4.01396
4.01205
4.01277
4.01163
4.00943
4.01070
4.01196
4.01014
4.00715
4.00726
4.00533
