-0.00016
-0.00267
0.00527
-0.05488
0.02162
0.48367
0.55735
0.49622
0.50433
0.49719
0.49635
0.49590
0.49855
0.50213
0.50087
0.49611
0.49741
0.49832
0.49897
0.50201
0.50232
0.50177
0.49996
0.50002
0.50042
0.50126
0.49615
0.49536
0.49411
0.49711
0.49813
0.49485
0.49546
0.49724
0.50303
0.50150
0.49758
0.50059
0.50401
0.50289
0.50286
0.50544
0.50367
0.50455
0.50426
0.50375
0.50157
0.49540
0.49573
0.49329
0.49143
0.49329
0.49435
0.49314
0.48953
0.49215
0.49290
0.49520
0.49663
0.49551
0.49452
0.49473
0.49321
0.49014
0.49246
0.48899
0.49346
0.49400
0.48509
0.48526
0.48458
0.48542
0.49140
0.48926
0.48984
0.49047
0.48809
0.48545
0.48348
0.48422
0.48649
0.48602
0.48555
0.48654
0.48412
0.48250
0.48616
0.48671
0.48488
0.48851
0.48821
0.49081
0.48572
0.48275
0.48444
0.48725
0.48447
0.48243
0.48647
0.48461
