-0.00170
-0.02902
0.05713
-0.59585
0.23205
5.25164
6.08326
5.43077
5.51712
5.49136
5.48961
5.48801
5.48537
5.48586
5.48717
5.48704
5.48706
5.48833
5.48810
5.48802
5.48952
5.49158
5.49040
5.48934
5.49082
5.49042
5.49086
5.49206
5.49177
5.49174
5.49057
5.49014
5.49146
5.49077
5.49069
5.49160
5.49087
5.49149
5.49066
5.49053
5.49173
5.49063
5.49079
5.49073
5.48981
5.48993
5.49058
5.48942
5.48998
5.49075
5.49100
5.49003
5.48894
5.49028
5.49012
5.48788
5.48724
5.48738
5.48805
5.48831
5.48715
5.48817
5.48935
5.48781
5.48439
5.48240
5.47761
5.47304
5.47016
5.46928
5.47040
5.47066
5.47007
5.46970
5.46875
5.46796
5.46684
5.46599
5.46693
5.46762
5.46566
5.46391
5.46509
5.46648
5.46782
5.46716
5.46698
5.46616
5.46534
5.46532
5.46414
5.46309
5.46340
5.46264
5.46283
5.46301
5.46415
5.46603
5.46402
5.46281
