-0.00133
-0.02263
0.04456
-0.46461
0.18138
4.09381
4.73995
4.23610
4.29910
4.26434
4.25967
4.26274
4.26050
4.25631
4.25176
4.24618
4.24298
4.24800
4.24810
4.24288
4.23846
4.23711
4.23350
4.22962
4.23086
4.23000
4.22657
4.22486
4.22310
4.22089
4.21639
4.21398
4.21604
4.21072
4.20693
4.20892
4.20833
4.20611
4.20673
4.20824
4.20431
4.19314
4.18633
4.18501
4.18634
4.18488
4.18242
4.18252
4.18105
4.17623
4.17118
4.17054
4.16723
4.16543
4.16654
4.16316
4.16477
4.16879
4.16374
4.16001
4.15994
4.15997
4.15997
4.17510
4.21167
4.24679
4.38752
4.55589
4.59147
4.57267
4.57018
4.56976
4.57140
4.58802
4.60912
4.62092
4.62571
4.62577
4.62515
4.63551
4.64500
4.64869
4.64958
4.65035
4.65185
4.65011
4.64981
4.64938
4.64788
4.64762
4.64659
4.64594
4.64506
4.64420
4.64437
4.64344
4.64216
4.64170
4.64100
4.64135
