-0.00157
-0.02676
0.05267
-0.54932
0.21395
4.84130
5.60760
5.00821
5.09107
5.06691
5.06749
5.07094
5.06652
5.06687
5.07235
5.07057
5.07076
5.07248
5.07070
5.06744
5.06741
5.07113
5.07508
5.07767
5.07488
5.07654
5.07637
5.07842
5.07982
5.08045
5.08373
5.08476
5.08302
5.08268
5.08442
5.08770
5.09072
5.08767
5.08757
5.09662
5.09912
5.09722
5.10129
5.10391
5.10534
5.10452
5.10201
5.10339
5.10457
5.09894
5.09352
5.09249
5.09241
5.09365
5.09617
5.09390
5.09043
5.09076
5.08860
5.07949
5.06723
5.05472
5.04617
5.04797
5.04850
5.05089
5.05322
5.05016
5.05009
5.04905
5.04943
5.05250
5.05610
5.05991
5.06591
5.06791
5.07033
5.07334
5.07723
5.07764
5.07683
5.07596
5.07462
5.07699
5.08057
5.08317
5.08553
5.08912
5.07988
5.07509
5.08572
5.09154
5.08984
5.09339
5.10083
5.10498
5.09959
5.10179
5.11190
5.11381
