-0.00187
-0.03187
0.06274
-0.65428
0.25496
5.76650
6.67819
5.96152
6.05721
6.02902
6.02718
6.02728
6.02621
6.02762
6.02832
6.02944
6.02866
6.02760
6.02758
6.02639
6.02638
6.02693
6.02742
6.02875
6.02791
6.02769
6.02818
6.02895
6.02994
6.02946
6.03253
6.03391
6.03083
6.03091
6.03066
6.03353
6.03451
6.02980
6.03034
6.03486
6.03639
6.03463
6.03596
6.03881
6.03849
6.04031
6.03741
6.03518
6.03727
6.03812
6.03639
6.03385
6.02811
6.02878
6.03141
6.02952
6.02705
6.02602
6.02633
6.02680
6.02850
6.03176
6.03147
6.03243
6.03377
6.03497
6.03473
6.03389
6.03642
6.03402
6.03279
6.03036
6.02326
6.02199
6.02496
6.02508
6.02668
6.02629
6.02802
6.02773
6.02526
6.02420
6.02349
6.02594
6.02726
6.02508
6.02884
6.03505
6.03466
6.03076
6.03064
6.03438
6.03605
6.03713
6.03511
6.03473
6.03802
6.04081
6.04327
6.04263
