-0.00123
-0.02095
0.04126
-0.43017
0.16801
3.79022
4.38772
3.91979
3.97977
3.95592
3.95703
3.96287
3.95828
3.95934
3.96620
3.96828
3.96733
3.96527
3.96778
3.97275
3.97348
3.97220
3.97446
3.97818
3.97744
3.97388
3.97887
3.98168
3.98065
3.98239
3.98090
3.98127
3.98173
3.98233
3.98414
3.98226
3.98233
3.98515
3.98812
3.99027
3.98935
3.99453
3.99133
3.99149
3.99524
3.99098
3.99368
3.99792
3.99867
3.99938
3.99636
3.99907
4.00076
4.00218
4.00522
4.00383
4.00457
4.00731
4.00766
4.00558
4.00209
4.00550
4.00709
4.01049
4.01193
4.01108
4.01202
4.01507
4.01563
4.01631
4.01567
4.01823
4.01919
4.02067
4.02176
4.02210
4.02092
4.02413
4.02964
4.02864
4.02501
4.02994
4.03400
4.02922
4.02905
4.02811
4.03101
4.02994
4.03252
4.03328
4.03525
4.03712
4.03711
4.03750
4.03579
4.03956
4.04455
4.04146
4.03935
4.04288
