-0.00097
-0.01662
0.03273
-0.34131
0.13319
3.00737
3.48229
3.11103
3.16000
3.14728
3.15131
3.15197
3.15156
3.15197
3.15653
3.15363
3.15554
3.16122
3.15844
3.16156
3.16101
3.15877
3.16048
3.16145
3.16173
3.16528
3.16850
3.16805
3.16583
3.16591
3.16753
3.16868
3.16693
3.16711
3.17001
3.17295
3.16825
3.16793
3.17609
3.17515
3.17366
3.17554
3.17472
3.17433
3.18043
3.17829
3.17762
3.18635
3.18612
3.18249
3.19033
3.19516
3.19410
3.19045
3.19260
3.19463
3.18840
3.19717
3.20033
3.20108
3.20655
3.20805
3.20776
3.20665
3.21388
3.22172
3.22438
3.22696
3.22895
3.23384
3.23324
3.22601
3.22651
3.23331
3.23430
3.23623
3.23823
3.23684
3.23676
3.23864
3.23910
3.24028
3.23868
3.23474
3.23892
3.24725
3.24690
3.24968
3.25138
3.25145
3.24988
3.25008
3.25208
3.25783
3.26103
3.26033
3.25645
3.25864
3.26069
3.26068
