-0.00112
-0.01909
0.03762
-0.39204
0.15357
3.45320
3.99427
3.57000
3.62560
3.60782
3.61290
3.61393
3.61824
3.62382
3.62685
3.62673
3.62942
3.63315
3.63482
3.63674
3.64069
3.63998
3.64127
3.63653
3.63880
3.63897
3.64302
3.64762
3.64163
3.64275
3.64652
3.64791
3.65560
3.65552
3.65290
3.65321
3.65882
3.65913
3.66583
3.66269
3.66577
3.66938
3.66539
3.67111
3.67062
3.67153
3.67956
3.68022
3.68327
3.68232
3.68166
3.68122
3.69015
3.68995
3.68574
3.69062
3.69406
3.69358
3.69691
3.69747
3.69434
3.69909
3.70432
3.70219
3.69867
3.69838
3.70329
3.70382
3.70950
3.71530
3.71283
3.70874
3.71404
3.71722
3.72198
3.72799
3.72855
3.72673
3.71987
3.72044
3.72486
3.72808
3.72898
3.73819
3.73679
3.73486
3.73939
3.74307
3.74077
3.74274
3.74818
3.74886
3.74913
3.75032
3.74527
3.74988
3.75608
3.75615
3.76094
3.76254
