-0.00089
-0.01513
0.02982
-0.31068
0.12179
2.73655
3.16445
2.82740
2.87139
2.85664
2.85926
2.85953
2.86208
2.86931
2.87249
2.87452
2.87193
2.87453
2.87301
2.87336
2.87536
2.87612
2.88047
2.88072
2.88018
2.88473
2.89073
2.89044
2.88691
2.88378
2.88936
2.89047
2.89552
2.89740
2.89816
2.89993
2.90299
2.90106
2.90607
2.90437
2.90646
2.90879
2.90844
2.91006
2.91227
2.91079
2.91587
2.91602
2.91648
2.91568
2.91822
2.92182
2.92357
2.92336
2.92165
2.92112
2.92645
2.92974
2.93056
2.93104
2.92661
2.93151
2.93627
2.93072
2.93150
2.93714
2.93690
2.93696
2.94055
2.93944
2.93881
2.94159
2.93921
2.94053
2.94639
2.94937
2.94900
2.94628
2.94557
2.94335
2.94559
2.94817
2.94570
2.95198
2.95422
2.95245
2.95541
2.95851
2.95872
2.96416
2.96463
2.95973
2.96161
2.96066
2.96537
2.96802
2.96600
2.96643
2.97227
2.97464
