-0.00154
-0.02633
0.05184
-0.54051
0.21085
4.76339
5.51490
4.92338
5.00089
4.97550
4.97758
4.98245
4.98448
4.98450
4.98483
4.98531
4.98458
4.98809
4.99260
4.99290
4.98743
4.97881
4.98186
4.98956
4.99521
5.00030
5.00071
5.00182
5.00322
5.00236
5.00254
5.00365
5.00319
5.00233
5.00112
5.00173
4.99698
4.99481
4.99688
4.99482
4.98595
4.99068
4.99832
5.00084
4.99749
4.99793
4.99884
4.99895
4.99937
4.99772
5.00216
5.01373
5.01163
5.00873
5.00830
5.00830
5.00656
5.00518
5.00542
5.00452
5.00348
5.00372
5.00239
4.98761
4.97385
4.97339
4.97423
4.98356
4.98335
4.97868
4.97986
4.97945
4.98067
4.98130
4.97980
4.98289
4.98315
4.98116
4.98239
4.97868
4.97483
4.97827
4.97725
4.97458
4.97401
4.97386
4.97115
4.96821
4.96631
4.96285
4.96004
4.96063
4.96113
4.95865
4.95710
4.95589
4.95300
4.95455
4.95800
4.95179
