-0.00002
-0.00029
0.00056
-0.00585
0.00220
0.05181
0.06016
0.05302
0.05413
0.05443
0.05719
0.05487
0.05319
0.05293
0.05423
0.05638
0.05439
0.05592
0.05473
0.05202
0.05175
0.05225
0.05549
0.05594
0.05602
0.05404
0.05067
0.05413
0.05610
0.05434
0.05803
0.05368
0.05286
0.05274
0.05318
0.05243
0.05324
0.05261
0.05332
0.05506
0.05232
0.05243
0.05133
0.05288
0.05541
0.05219
0.05278
0.05368
0.05132
0.05158
0.05388
0.05280
0.05355
0.05380
0.05357
0.05237
0.05431
0.05324
0.05136
0.05189
0.05116
0.05195
0.05300
0.05127
0.05367
0.05164
0.05100
0.05619
0.05241
0.05015
0.05129
0.05406
0.05211
0.05118
0.05116
0.05206
0.05638
0.05190
0.04920
0.04987
0.04961
0.05193
0.05181
0.05041
0.05230
0.05180
0.05161
0.05067
0.05127
0.05184
0.05091
0.05297
0.05076
0.05196
0.05337
0.05020
0.05039
0.05411
0.05285
0.05009
