-0.00006
-0.00102
0.00198
-0.02076
0.00769
0.18408
0.21609
0.18860
0.18992
0.19104
0.18571
0.18517
0.18061
0.18819
0.19114
0.18954
0.19001
0.19268
0.19278
0.18825
0.18853
0.20208
0.19375
0.19072
0.19383
0.19143
0.18433
0.18240
0.19069
0.19554
0.19109
0.19139
0.18957
0.19320
0.19438
0.19020
0.18849
0.19311
0.19040
0.19160
0.19459
0.19698
0.20143
0.19184
0.19146
0.19827
0.18432
0.18366
0.19013
0.19196
0.19447
0.19736
0.19650
0.19929
0.20243
0.19302
0.18883
0.19295
0.19094
0.18571
0.18710
0.19333
0.19136
0.19604
0.19352
0.18581
0.18683
0.19310
0.19295
0.19090
0.19125
0.18860
0.18946
0.18997
0.18996
0.19656
0.19622
0.19354
0.20334
0.19504
0.19071
0.19387
0.19235
0.19652
0.19022
0.18600
0.19221
0.19849
0.19286
0.19428
0.19392
0.19189
0.19540
0.19971
0.19435
0.18579
0.19652
0.19604
0.19019
0.18641
