-0.00173
-0.02955
0.05821
-0.60670
0.23696
5.34688
6.18665
5.51984
5.60826
5.57656
5.57482
5.57956
5.58439
5.57986
5.57932
5.58473
5.58135
5.58041
5.58533
5.58681
5.58417
5.58809
5.58780
5.58549
5.58619
5.58131
5.57767
5.58281
5.58426
5.58153
5.58251
5.58219
5.58152
5.58698
5.58921
5.58587
5.58193
5.58235
5.58039
5.58114
5.58765
5.59543
5.59064
5.58374
5.58485
5.58594
5.58480
5.57966
5.58184
5.58730
5.58836
5.58453
5.58350
5.58813
5.58808
5.58705
5.58772
5.58653
5.58532
5.58266
5.58363
5.58478
5.58434
5.58085
5.57623
5.57725
5.57781
5.57899
5.58334
5.58731
5.58399
5.58379
5.57948
5.57813
5.58027
5.58458
5.58235
5.57951
5.58340
5.58624
5.58421
5.58520
5.58351
5.57968
5.58123
5.57982
5.58084
5.58237
5.58189
5.58191
5.58048
5.57762
5.58302
5.58719
5.58437
5.58235
5.58448
5.58404
5.58029
5.57807
