-0.00054
-0.00924
0.01809
-0.18927
0.07157
1.67363
1.94885
1.72633
1.77667
1.79892
1.79694
1.79846
1.78552
1.78643
1.79333
1.74979
1.74532
1.78741
1.73447
1.68683
1.72850
1.76968
1.76855
1.70925
1.71708
1.79036
1.79714
1.76215
1.73851
1.77835
1.78181
1.79422
1.78709
1.74957
1.71006
1.71691
1.70777
1.71696
1.75389
1.71635
1.70717
1.69147
1.66826
1.68840
1.73214
1.72723
1.72737
1.76493
1.75171
1.70444
1.70915
1.71183
1.70033
1.70271
1.70324
1.68329
1.65984
1.66937
1.70445
1.72285
1.69171
1.70409
1.74169
1.77977
1.80086
1.76126
1.72774
1.71199
1.71583
1.65775
1.65855
1.70004
1.70046
1.69553
1.70637
1.70719
1.73127
1.71755
1.69591
1.69597
1.69833
1.70554
1.73517
1.75351
1.73832
1.73798
1.71277
1.68685
1.71412
1.73382
1.74515
1.73323
1.70855
1.70021
1.71295
1.71642
1.70710
1.69345
1.73240
1.75532
