-0.00179
-0.03062
0.06029
-0.62866
0.24508
5.54072
6.41565
5.72539
5.81662
5.78937
5.78588
5.78682
5.78706
5.78726
5.78785
5.78793
5.78637
5.78679
5.78862
5.78906
5.79147
5.79289
5.79296
5.79494
5.79413
5.79382
5.79464
5.79642
5.79853
5.79678
5.79719
5.79869
5.79806
5.79733
5.79805
5.80057
5.80081
5.80124
5.80235
5.80221
5.80292
5.80399
5.80394
5.80587
5.80597
5.80647
5.80595
5.80414
5.80665
5.80830
5.80751
5.80725
5.80811
5.80995
5.80985
5.81030
5.81195
5.81090
5.81213
5.81299
5.81383
5.81537
5.81356
5.81405
5.81301
5.81494
5.81639
5.81497
5.81722
5.81836
5.81913
5.82059
5.81879
5.82010
5.82213
5.82152
5.82102
5.82187
5.82230
5.82289
5.82414
5.82513
5.82431
5.82484
5.82444
5.82712
5.82618
5.82583
5.82808
5.82834
5.82701
5.82645
5.82689
5.82721
5.82610
5.82742
5.82979
5.82937
5.83126
5.83231
