-0.00179
-0.03059
0.06025
-0.62812
0.24524
5.53513
6.40677
5.71882
5.80940
5.78267
5.78106
5.77966
5.78024
5.77922
5.77831
5.77763
5.77776
5.77493
5.77262
5.77577
5.77391
5.77239
5.77140
5.76820
5.77322
5.77492
5.77359
5.77165
5.77262
5.77475
5.77489
5.77780
5.77749
5.77411
5.77128
5.77128
5.76965
5.76634
5.76666
5.76607
5.76418
5.76390
5.76444
5.76171
5.76253
5.76344
5.76274
5.76064
5.75831
5.76140
5.76186
5.76193
5.76300
5.76310
5.76623
5.76413
5.75877
5.75887
5.75824
5.75725
5.75901
5.75628
5.75860
5.76106
5.75989
5.75803
5.75822
5.75417
5.75636
5.75868
5.75619
5.75546
5.76084
5.72946
5.79325
5.96524
5.79876
5.77284
5.77396
5.75314
5.75781
5.75756
5.75511
5.75505
5.75691
5.75665
5.75629
5.75456
5.75374
5.75200
5.75213
5.75435
5.75436
5.75141
5.75373
5.75514
5.75173
5.75287
5.75402
5.75249
