-0.00140
-0.02386
0.04699
-0.48992
0.19120
4.31775
4.99762
4.45920
4.52965
4.50630
4.50394
4.50274
4.50111
4.50003
4.49868
4.49763
4.49637
4.49417
4.49237
4.49137
4.49031
4.48913
4.48896
4.48813
4.48762
4.48749
4.48721
4.48589
4.48367
4.48158
4.48108
4.47968
4.47773
4.47708
4.47581
4.47462
4.47346
4.47115
4.47034
4.46934
4.46908
4.46740
4.46498
4.46429
4.46313
4.46185
4.46101
4.45996
4.45966
4.45819
4.45681
4.45672
4.45473
4.45330
4.45206
4.45118
4.45026
4.44843
4.44601
4.44474
4.44332
4.44127
4.44009
4.43946
4.43888
4.43890
4.43775
4.43562
4.43426
4.43323
4.43254
4.43143
4.42983
4.42787
4.42580
4.42474
4.42325
4.42180
4.42125
4.41939
4.41870
4.41744
4.41566
4.41486
4.41392
4.41366
4.41314
4.41090
4.40947
4.40790
4.40736
4.40635
4.40487
4.40369
4.40218
4.40052
4.39914
4.39795
4.39684
4.39620
