-0.00003
-0.00051
0.00100
-0.01047
0.00399
0.09246
0.10774
0.09617
0.09784
0.09714
0.09677
0.09638
0.09635
0.09594
0.09533
0.09591
0.09655
0.09576
0.09591
0.09611
0.09586
0.09622
0.09654
0.09723
0.09732
0.09702
0.09639
0.09590
0.09648
0.09663
0.09595
0.09595
0.09543
0.09497
0.09463
0.09467
0.09502
0.09523
0.09503
0.09574
0.09687
0.09688
0.09676
0.09664
0.09584
0.09553
0.09553
0.09544
0.09511
0.09519
0.09523
0.09503
0.09460
0.09493
0.09516
0.09490
0.09434
0.09490
0.09522
0.09522
0.09484
0.09513
0.09541
0.09520
0.09506
0.09528
0.09487
0.09494
0.09494
0.09431
0.09420
0.09466
0.09433
0.09466
0.09495
0.09453
0.09447
0.09499
0.09498
0.09481
0.09456
0.09453
0.09428
0.09400
0.09431
0.09451
0.09357
0.09343
0.09342
0.09361
0.09387
0.09452
0.09413
0.09353
0.09299
0.09300
0.09257
0.09292
0.09315
0.09314
