-0.00152
-0.02597
0.05118
-0.53332
0.20884
4.69853
5.43521
4.85195
4.92211
4.89436
4.89150
4.89547
4.89691
4.89173
4.89030
4.89058
4.89059
4.88659
4.89016
4.88545
4.88305
4.88192
4.87970
4.88143
4.87685
4.87418
4.87434
4.87713
4.87574
4.87013
4.86748
4.87413
4.87366
4.87205
4.87116
4.86587
4.86395
4.86241
4.85520
4.85677
4.86152
4.85824
4.85081
4.85396
4.85341
4.85592
4.84855
4.84361
4.85156
4.84454
4.83895
4.84603
4.84047
4.83352
4.83422
4.83861
4.83606
4.82820
4.82609
4.82666
4.81945
4.82536
4.82946
4.82052
4.81739
4.81844
4.81281
4.81279
4.80611
4.81352
4.81297
4.80483
4.80521
4.80320
4.79845
4.79835
4.80566
4.80310
4.79529
4.79034
4.78896
4.78941
4.78943
4.79045
4.78340
4.77780
4.77983
4.78473
4.78421
4.77678
4.77851
4.77764
4.77556
4.77918
4.77866
4.77364
4.77298
4.77094
4.77383
4.76378
