-0.00153
-0.02612
0.05143
-0.53621
0.20915
4.72586
5.47082
4.88212
4.96034
4.93480
4.93346
4.93454
4.93325
4.93314
4.93517
4.93555
4.93528
4.93517
4.93623
4.93539
4.93278
4.93489
4.93545
4.93520
4.93268
4.93124
4.93297
4.93519
4.93514
4.93193
4.93157
4.93505
4.93457
4.93367
4.93398
4.93052
4.93347
4.93382
4.93597
4.93388
4.93129
4.93271
4.93082
4.93286
4.93522
4.93134
4.93092
4.93113
4.92981
4.92882
4.92957
4.93295
4.93071
4.93186
4.93339
4.93192
4.93187
4.93136
4.93044
4.93210
4.93042
4.93136
4.93045
4.92913
4.92419
4.92955
4.93753
4.93114
4.92821
4.93056
4.93009
4.93069
4.92904
4.92865
4.93032
4.93024
4.93046
4.93022
4.93110
4.92746
4.92858
4.92797
4.93028
4.92884
4.92863
4.93025
4.92779
4.92802
4.92876
4.92649
4.92880
4.92761
4.92757
4.92743
4.93008
4.92973
4.93053
4.92900
4.92572
4.92750
