-0.00002
-0.00028
0.00055
-0.00573
0.00232
0.05022
0.05793
0.05128
0.05277
0.06321
0.06430
0.05601
0.05998
0.05548
0.04835
0.05287
0.05853
0.05267
0.05715
0.06902
0.07095
0.05882
0.05087
0.05747
0.05191
0.05033
0.05378
0.05837
0.05630
0.05490
0.06359
0.05396
0.05688
0.05636
0.05543
0.05308
0.04749
0.04844
0.05326
0.05472
0.05741
0.05986
0.05099
0.05831
0.05919
0.05656
0.05535
0.06291
0.05570
0.04781
0.05269
0.05396
0.06110
0.06573
0.05659
0.05301
0.05743
0.05846
0.06123
0.06143
0.05345
0.05273
0.06131
0.05877
0.05174
0.05330
0.06707
0.05663
0.05090
0.05726
0.05438
0.05661
0.05246
0.04881
0.05022
0.05125
0.05033
0.05528
0.06266
0.05809
0.05098
0.05612
0.06442
0.05239
0.05252
0.05629
0.05275
0.05092
0.05718
0.05232
0.06408
0.06116
0.04474
0.04850
0.05306
0.05387
0.06562
0.06084
0.05980
0.05955
