-0.00134
-0.02294
0.04516
-0.47097
0.18342
4.15150
4.80838
4.28963
4.35628
4.33435
4.33108
4.33369
4.33486
4.33022
4.32806
4.32793
4.32956
4.32703
4.32700
4.32582
4.32403
4.32277
4.32027
4.32124
4.32193
4.31821
4.31693
4.31910
4.31613
4.31500
4.31574
4.31699
4.31449
4.31260
4.31344
4.30945
4.30736
4.30876
4.30818
4.30871
4.31091
4.30928
4.30765
4.30849
4.30501
4.30189
4.30289
4.30194
4.30198
4.30125
4.30028
4.29541
4.29487
4.29484
4.29467
4.29433
4.29343
4.29019
4.29069
4.28849
4.28878
4.29027
4.28677
4.28554
4.28723
4.28537
4.28522
4.28497
4.28260
4.28282
4.28159
4.28154
4.27775
4.27718
4.27677
4.27466
4.27249
4.27430
4.27304
4.27094
4.27081
4.27086
4.27163
4.27097
4.26799
4.27037
4.26757
4.26591
4.26500
4.26388
4.26231
4.25943
4.25871
4.26332
4.25986
4.25618
4.25576
4.25376
4.25429
4.25028
