-0.00229
-0.03905
0.07690
-0.80181
0.31279
7.06627
8.18069
7.30205
7.41796
7.38124
7.37896
7.37901
7.37903
7.37922
7.37948
7.37916
7.37899
7.37909
7.37942
7.37956
7.37959
7.37974
7.37949
7.37887
7.37848
7.37823
7.37795
7.37763
7.37778
7.37817
7.37839
7.37902
7.37966
7.38007
7.37992
7.37958
7.37930
7.37879
7.37913
7.37910
7.37881
7.37896
7.37889
7.37899
7.37890
7.37887
7.37898
7.37909
7.37914
7.37902
7.37909
7.37901
7.37899
7.37905
7.37902
7.37935
7.37920
7.37923
7.37917
7.37904
7.37889
7.37873
7.37892
7.37902
7.37892
7.37913
7.37917
7.37921
7.37920
7.37922
7.37915
7.37910
7.37938
7.37970
7.37962
7.37931
7.37890
7.37868
7.37827
7.37801
7.37790
7.37795
7.37814
7.37835
7.37885
7.37927
7.37967
7.37998
7.37969
7.37950
7.37909
7.37909
7.37909
7.37891
7.37894
7.37901
7.37897
7.37896
7.37901
7.37906
