-0.00156
-0.02662
0.05240
-0.54645
0.21286
4.81608
5.57869
4.98137
5.05983
5.03573
5.03657
5.03693
5.03784
5.03875
5.03833
5.04023
5.04275
5.04487
5.04487
5.04523
5.04704
5.04853
5.05046
5.05219
5.05232
5.05420
5.05559
5.05548
5.05530
5.05828
5.05929
5.05921
5.06107
5.06191
5.06448
5.06471
5.06584
5.06840
5.06903
5.07030
5.07155
5.07161
5.07314
5.07370
5.07580
5.07610
5.07747
5.08056
5.08006
5.07997
5.08219
5.08325
5.08328
5.08231
5.08509
5.08644
5.08727
5.08915
5.09115
5.09363
5.09431
5.09524
5.09690
5.09675
5.09855
5.10032
5.09913
5.09983
5.10155
5.10363
5.10491
5.10547
5.10608
5.10656
5.10989
5.11064
5.11159
5.11234
5.11046
5.11460
5.11521
5.11667
5.11733
5.11556
5.12018
5.12250
5.12260
5.12291
5.12312
5.12484
5.12719
5.12777
5.12763
5.12971
5.13173
5.13186
5.13358
5.13443
5.13414
5.13595
