-0.00003
-0.00053
0.00102
-0.01089
0.00369
0.09638
0.11753
0.10750
0.10514
0.10350
0.10485
0.10700
0.10398
0.10346
0.10329
0.10370
0.10497
0.10579
0.10227
0.10497
0.10353
0.09811
0.10106
0.10250
0.10421
0.10287
0.10269
0.10350
0.10345
0.10464
0.10324
0.10485
0.10751
0.10333
0.10083
0.10476
0.10546
0.10245
0.10575
0.10202
0.09891
0.10136
0.10744
0.10622
0.10561
0.10559
0.10415
0.10329
0.10548
0.10794
0.10398
0.09903
0.10378
0.10599
0.10193
0.10383
0.11006
0.10819
0.10476
0.10393
0.10612
0.09919
0.09890
0.10303
0.10605
0.10441
0.10393
0.10417
0.10605
0.10174
0.10426
0.10891
0.10234
0.10519
0.10741
0.10196
0.09926
0.10285
0.10085
0.10279
0.10195
0.10441
0.10235
0.10269
0.10479
0.09926
0.10378
0.10223
0.10511
0.10831
0.10365
0.09790
0.10162
0.10202
0.10128
0.10550
0.10589
0.10737
0.10733
0.10559
