-0.00003
-0.00043
0.00088
-0.00898
0.00389
0.07871
0.08690
0.07715
0.08167
0.07792
0.07942
0.08355
0.08278
0.08172
0.07855
0.08096
0.08466
0.08080
0.07842
0.08233
0.08199
0.08140
0.07832
0.08053
0.08156
0.07827
0.07871
0.08331
0.08238
0.08120
0.08472
0.08341
0.08132
0.08303
0.08347
0.08514
0.08067
0.07867
0.08571
0.08090
0.07876
0.07991
0.08016
0.08111
0.08213
0.08173
0.08144
0.08149
0.08345
0.08294
0.08106
0.08342
0.08207
0.08265
0.08305
0.08483
0.08530
0.08504
0.07981
0.07649
0.08225
0.08310
0.07951
0.08146
0.08217
0.08118
0.08573
0.08046
0.07857
0.08428
0.08500
0.08141
0.08157
0.08278
0.08292
0.08166
0.08232
0.08198
0.08114
0.08003
0.07872
0.08380
0.08170
0.07759
0.07927
0.08132
0.08210
0.08128
0.08056
0.08336
0.08559
0.08460
0.08305
0.07902
0.07733
0.08100
0.08744
0.08205
0.07804
0.07940
