-0.00147
-0.02514
0.04954
-0.51632
0.20203
4.54899
5.26243
4.69933
4.77379
4.74585
4.74013
4.74320
4.74148
4.73621
4.73032
4.73123
4.72284
4.71463
4.71455
4.72285
4.72472
4.71800
4.71573
4.71636
4.71045
4.70768
4.70514
4.70320
4.70576
4.70317
4.70738
4.70262
4.70733
4.69781
4.68618
4.69198
4.68923
4.67905
4.67605
4.67884
4.67419
4.67334
4.67195
4.68020
4.67807
4.66769
4.66496
4.66355
4.66475
4.66339
4.66292
4.65195
4.64525
4.65339
4.66513
4.66857
4.66383
4.66149
4.65464
4.65192
4.64943
4.65171
4.64966
4.64232
4.64879
4.64924
4.64377
4.64317
4.63918
4.63767
4.63180
4.62698
4.62489
4.62552
4.62231
4.62537
4.62368
4.61743
4.62439
4.63119
4.62031
4.61578
4.61842
4.61160
4.61072
4.60711
4.60268
4.60578
4.61023
4.60935
4.59833
4.60173
4.60430
4.60217
4.59822
4.59572
4.60090
4.60088
4.59685
4.59783
