-0.00003
-0.00058
0.00113
-0.01188
0.00436
0.10520
0.12498
0.11000
0.10722
0.10918
0.10908
0.11069
0.10535
0.10365
0.10743
0.11107
0.10370
0.09754
0.11050
0.11568
0.10337
0.10441
0.11309
0.11885
0.11091
0.10686
0.10261
0.10972
0.10822
0.10410
0.10000
0.10152
0.10462
0.10615
0.11146
0.10861
0.10509
0.10005
0.11078
0.11927
0.11289
0.11884
0.11413
0.10768
0.11298
0.10443
0.09848
0.11048
0.10788
0.10606
0.09527
0.10225
0.11236
0.10670
0.10651
0.10833
0.11289
0.10285
0.11254
0.12528
0.11640
0.11663
0.11591
0.11118
0.10673
0.10699
0.11199
0.10878
0.11517
0.10317
0.11218
0.12815
0.10852
0.10821
0.11415
0.10435
0.10222
0.10716
0.10341
0.10644
0.10901
0.10323
0.10608
0.11867
0.12192
0.10813
0.10572
0.11202
0.11542
0.11030
0.10428
0.11586
0.12221
0.10853
0.11011
0.10802
0.10745
0.10413
0.10682
0.10863
