-0.00094
-0.01608
0.03165
-0.33017
0.12842
2.91036
3.37223
3.01057
3.05957
3.04710
3.04881
3.04995
3.05317
3.05649
3.05812
3.06064
3.06253
3.06536
3.06804
3.07020
3.07215
3.07661
3.07903
3.07999
3.08310
3.08545
3.08733
3.09093
3.09329
3.09547
3.09866
3.10104
3.10215
3.10395
3.10823
3.11163
3.11390
3.11535
3.11850
3.12082
3.12261
3.12448
3.12857
3.13206
3.13184
3.13485
3.13761
3.14098
3.14358
3.14435
3.14799
3.14909
3.15118
3.15448
3.15645
3.15854
3.16162
3.16350
3.16668
3.17037
3.17409
3.17553
3.17697
3.17936
3.18142
3.18408
3.18686
3.18866
3.18983
3.19260
3.19550
3.19972
3.20074
3.20248
3.20586
3.20841
3.21119
3.21270
3.21608
3.21766
3.22063
3.22324
3.22614
3.22750
3.22927
3.23403
3.23261
3.23204
3.23543
3.23877
3.23951
3.24108
3.24466
3.24744
3.24786
3.25066
3.25236
3.25587
3.25828
3.25938
