-0.00018
-0.00306
0.00598
-0.06272
0.02373
0.55349
0.64806
0.58033
0.58757
0.59053
0.59085
0.59436
0.60027
0.59326
0.59610
0.60456
0.60396
0.60542
0.60720
0.61031
0.61412
0.61417
0.61630
0.61678
0.61899
0.62236
0.62512
0.62841
0.63150
0.63420
0.63543
0.63553
0.63782
0.64168
0.64519
0.64472
0.65020
0.64769
0.64842
0.65083
0.65174
0.65634
0.65694
0.65854
0.66322
0.66534
0.66706
0.67098
0.67360
0.67582
0.67742
0.67729
0.68226
0.68641
0.68692
0.68877
0.69282
0.69240
0.69097
0.69266
0.69513
0.69844
0.69941
0.70341
0.70708
0.70911
0.70846
0.71156
0.71687
0.71763
0.71785
0.72247
0.72328
0.72582
0.72801
0.72527
0.72869
0.73026
0.73069
0.73451
0.73129
0.73804
0.74180
0.74119
0.74515
0.74939
0.75298
0.75575
0.75738
0.76162
0.76011
0.76339
0.76456
0.76286
0.76720
0.76703
0.77334
0.77514
0.77583
0.77954
