-0.00140
-0.02390
0.04705
-0.49071
0.19132
4.32399
5.00823
4.47400
4.54586
4.52859
4.52524
4.52839
4.53660
4.53009
4.53349
4.53868
4.54056
4.54590
4.54685
4.54828
4.54893
4.55106
4.55758
4.55569
4.55679
4.55996
4.56334
4.57138
4.57337
4.57539
4.57752
4.57559
4.58234
4.58371
4.58313
4.58635
4.59122
4.59546
4.59052
4.59393
4.59890
4.59721
4.60413
4.60219
4.60368
4.60724
4.60959
4.61665
4.61665
4.61590
4.62463
4.62849
4.63431
4.63482
4.63670
4.63928
4.64038
4.64260
4.64184
4.64275
4.64570
4.64611
4.65351
4.65371
4.65285
4.65682
4.65809
4.66184
4.66294
4.66837
4.67244
4.67112
4.67461
4.67319
4.67784
4.67964
4.67884
4.68314
4.68309
4.68620
4.69136
4.69262
4.69525
4.69633
4.69907
4.70227
4.70644
4.71049
4.71202
4.71584
4.71702
4.71776
4.72495
4.72343
4.72265
4.72131
4.72045
4.73470
4.73625
4.73678
