-0.00003
-0.00051
0.00097
-0.01032
0.00344
0.09204
0.11117
0.09826
0.09967
0.09973
0.09484
0.10197
0.11209
0.10453
0.10467
0.10379
0.09770
0.09715
0.09783
0.10120
0.10484
0.10047
0.10006
0.09942
0.09868
0.10420
0.10174
0.09761
0.10593
0.10624
0.09835
0.10334
0.09888
0.09553
0.09795
0.09929
0.10742
0.10548
0.09849
0.10045
0.10138
0.10231
0.10206
0.10044
0.09940
0.09596
0.09883
0.10944
0.10476
0.10396
0.11012
0.10225
0.10458
0.10506
0.10505
0.10788
0.10210
0.09869
0.09770
0.10342
0.10586
0.10071
0.10075
0.10227
0.11043
0.10718
0.10030
0.10041
0.10239
0.10333
0.10083
0.10219
0.10202
0.10303
0.10624
0.10155
0.10641
0.10750
0.10079
0.10510
0.10406
0.09783
0.10456
0.10899
0.11383
0.10930
0.10985
0.10654
0.10422
0.10618
0.10022
0.09606
0.09765
0.09646
0.09860
0.10083
0.10221
0.09915
0.10263
0.10629
