-0.00050
-0.00851
0.01681
-0.17488
0.06938
1.53884
1.77410
1.58705
1.60583
1.58389
1.58702
1.59940
1.59585
1.59372
1.60531
1.64983
1.66528
1.65659
1.64229
1.64404
1.65315
1.63128
1.62483
1.63274
1.65942
1.67114
1.68376
1.66822
1.63406
1.62956
1.63366
1.64922
1.64342
1.64960
1.63683
1.63067
1.65645
1.65334
1.63565
1.65022
1.66763
1.65512
1.63064
1.63978
1.64065
1.63140
1.65279
1.64693
1.63238
1.61981
1.64506
1.65929
1.64800
1.64701
1.62912
1.60801
1.63443
1.64924
1.61838
1.59859
1.59776
1.58110
1.58720
1.60684
1.59984
1.58013
1.59875
1.62433
1.61340
1.61888
1.62117
1.62214
1.62617
1.62342
1.62874
1.63142
1.63593
1.62122
1.61113
1.63382
1.63080
1.60343
1.61234
1.61051
1.59674
1.58809
1.58671
1.60811
1.62950
1.64967
1.63668
1.62566
1.62815
1.58632
1.56095
1.57462
1.58099
1.58180
1.58642
1.59087
