-0.00003
-0.00047
0.00080
-0.00921
0.00144
0.08428
0.11579
0.10733
0.10638
0.09896
0.09762
0.10917
0.09747
0.09594
0.10328
0.10196
0.09529
0.10448
0.10959
0.10700
0.10246
0.09711
0.09585
0.10878
0.09991
0.09779
0.09991
0.10386
0.10950
0.12494
0.10713
0.09983
0.09931
0.11211
0.11156
0.09649
0.09695
0.10497
0.09787
0.10050
0.09885
0.09901
0.09891
0.09824
0.10201
0.10291
0.11225
0.10961
0.11115
0.11437
0.11139
0.10430
0.10422
0.10920
0.10946
0.09666
0.10165
0.10042
0.09556
0.10222
0.10339
0.10524
0.10676
0.10113
0.09622
0.09265
0.09970
0.10532
0.10972
0.11530
0.10352
0.09863
0.10479
0.10406
0.10475
0.10685
0.10660
0.10286
0.10468
0.11122
0.11068
0.11355
0.10539
0.09696
0.10082
0.09804
0.09431
0.09493
0.10086
0.10524
0.09723
0.09914
0.12611
0.10427
0.09980
0.10466
0.10875
0.10320
0.10386
0.09886
