-0.00078
-0.01338
0.02631
-0.27454
0.10637
2.42108
2.80716
2.50375
2.54595
2.53570
2.53816
2.53738
2.54054
2.54146
2.54012
2.54379
2.54619
2.54986
2.55118
2.54716
2.55026
2.55765
2.55795
2.55934
2.56017
2.55941
2.56562
2.56704
2.56764
2.56875
2.56812
2.56933
2.57380
2.57790
2.57765
2.57840
2.57990
2.58457
2.58815
2.58501
2.58864
2.59659
2.59556
2.59156
2.59392
2.59606
2.60030
2.59994
2.60288
2.60172
2.60424
2.60450
2.60740
2.60925
2.61230
2.61509
2.61626
2.62014
2.62250
2.62263
2.62260
2.62543
2.62416
2.62735
2.62942
2.63384
2.63389
2.63413
2.64177
2.63756
2.63627
2.64140
2.64267
2.63871
2.64155
2.64853
2.65118
2.65507
2.65612
2.65578
2.65697
2.66084
2.66289
2.65977
2.66048
2.66632
2.66386
2.66786
2.67148
2.67610
2.68075
2.67731
2.68028
2.68017
2.68213
2.68287
2.68535
2.68240
2.68714
2.68939
