-0.00005
-0.00080
0.00164
-0.01670
0.00775
0.14406
0.15990
0.14790
0.14576
0.14981
0.16176
0.15785
0.14541
0.14469
0.14923
0.15373
0.16184
0.15253
0.14673
0.14851
0.14802
0.14674
0.14586
0.14817
0.14866
0.14648
0.15076
0.14866
0.14382
0.15374
0.14585
0.14548
0.14410
0.14749
0.15983
0.14941
0.16044
0.15879
0.14760
0.15731
0.15178
0.16383
0.15629
0.14351
0.14790
0.14273
0.13845
0.15152
0.15215
0.14752
0.16272
0.15502
0.15097
0.14949
0.14778
0.14757
0.15309
0.15456
0.15683
0.16284
0.15553
0.15556
0.15853
0.15151
0.15422
0.15561
0.15983
0.16143
0.14584
0.14939
0.14939
0.14356
0.15213
0.14994
0.14390
0.15565
0.16286
0.15284
0.15241
0.15322
0.15037
0.14534
0.14841
0.15356
0.15737
0.14720
0.14678
0.15377
0.14919
0.15146
0.14675
0.14568
0.15730
0.15984
0.14582
0.14943
0.15196
0.14983
0.15292
0.15089
