-0.00053
-0.00904
0.01789
-0.18583
0.07419
1.63526
1.88118
1.67669
1.68638
1.67140
1.70473
1.72636
1.77758
1.82160
1.78328
1.79184
1.78064
1.79471
1.78896
1.72900
1.72755
1.73971
1.69458
1.66024
1.67621
1.63065
1.61032
1.54580
1.49193
1.52193
1.51943
1.50094
1.55243
1.61301
1.59949
1.58294
1.59505
1.57448
1.55154
1.52511
1.52695
1.57079
1.56326
1.61042
1.60249
1.60909
1.63744
1.61204
1.62475
1.62833
1.57850
1.54110
1.51896
1.51460
1.53007
1.53012
1.52819
1.55565
1.56902
1.53295
1.55552
1.58563
1.60135
1.58739
1.57118
1.58832
1.55931
1.55139
1.54925
1.55121
1.57212
1.57182
1.58072
1.56400
1.50969
1.51743
1.56154
1.55517
1.57140
1.57236
1.53457
1.54285
1.56122
1.56595
1.56019
1.57071
1.55951
1.55560
1.59658
1.57188
1.55568
1.59901
1.60043
1.57645
1.59967
1.63921
1.62125
1.57652
1.55718
1.56481
