-0.00115
-0.01955
0.03849
-0.40139
0.15646
3.53686
4.09664
3.66072
3.72291
3.71166
3.71249
3.71920
3.72293
3.71734
3.71297
3.71241
3.71439
3.71346
3.71529
3.71923
3.71781
3.71597
3.71997
3.72103
3.72426
3.73323
3.73808
3.74547
3.75283
3.75255
3.75661
3.76036
3.76012
3.76541
3.77331
3.78480
3.79154
3.79705
3.80138
3.80386
3.80631
3.80378
3.80715
3.80461
3.80610
3.80814
3.80835
3.81338
3.81618
3.81823
3.82405
3.82678
3.83089
3.83439
3.83329
3.83472
3.83639
3.83641
3.83481
3.83614
3.83721
3.83767
3.83748
3.83911
3.83934
3.83958
3.84339
3.84828
3.85094
3.85015
3.85192
3.85252
3.84463
3.84248
3.84598
3.84788
3.84851
3.85216
3.85312
3.85522
3.86093
3.86166
3.86251
3.86467
3.86568
3.86790
3.86945
3.87225
3.87254
3.87693
3.88134
3.87994
3.88270
3.88653
3.88762
3.88742
3.89052
3.89683
3.90110
3.90222
