-0.00097
-0.01661
0.03269
-0.34093
0.13276
3.00444
3.48047
3.11084
3.16329
3.14924
3.15110
3.15013
3.14986
3.14825
3.15304
3.15655
3.15831
3.15973
3.16396
3.17001
3.17154
3.17586
3.18199
3.18752
3.18874
3.19511
3.19667
3.20372
3.21020
3.20940
3.21259
3.21746
3.21566
3.21301
3.21535
3.21817
3.22018
3.22221
3.22894
3.23317
3.23445
3.23375
3.23716
3.23618
3.23698
3.24057
3.24123
3.24556
3.24594
3.24759
3.25446
3.25944
3.26544
3.26808
3.26905
3.27030
3.27311
3.27291
3.27473
3.28009
3.28079
3.28017
3.28267
3.28574
3.28879
3.29226
3.29495
3.29679
3.30043
3.30346
3.30441
3.30495
3.30687
3.31434
3.31987
3.32008
3.31896
3.32246
3.32553
3.32743
3.33212
3.33375
3.33516
3.33591
3.33873
3.34012
3.34420
3.34728
3.34481
3.34929
3.35415
3.35164
3.35497
3.35902
3.36088
3.36124
3.36184
3.36817
3.37204
3.37447
