-0.00178
-0.03047
0.06000
-0.62556
0.24405
5.51312
6.38246
5.69584
5.78554
5.75909
5.75588
5.75145
5.75515
5.75595
5.75547
5.75583
5.75414
5.75402
5.75344
5.75282
5.75451
5.75241
5.75387
5.75422
5.75451
5.75470
5.75435
5.75364
5.74964
5.75015
5.75237
5.75113
5.74830
5.75100
5.75075
5.74661
5.74687
5.75050
5.75202
5.74996
5.74640
5.74385
5.74710
5.74738
5.74498
5.74603
5.75060
5.75021
5.74620
5.74604
5.74494
5.74315
5.74497
5.74381
5.74219
5.74258
5.74240
5.74120
5.74059
5.74022
5.73958
5.73887
5.73849
5.73680
5.73530
5.73641
5.73591
5.73788
5.73928
5.73784
5.73773
5.73785
5.73574
5.73391
5.73406
5.73793
5.73527
5.73350
5.73555
5.73268
5.73452
5.73160
5.72686
5.73056
5.73137
5.73172
5.73243
5.73244
5.73409
5.73176
5.72805
5.73088
5.73451
5.73283
5.72874
5.73049
5.72902
5.72666
5.72603
5.72702
