-0.00061
-0.01046
0.02050
-0.21451
0.08211
1.89162
2.20364
1.98025
2.01649
1.98541
1.97279
1.98378
1.98701
1.98493
1.96271
1.96537
1.98300
1.98742
1.98003
1.99596
1.96272
1.96491
1.96757
1.96626
1.96684
1.93859
1.94153
1.97170
1.98091
1.96768
1.96434
1.96677
1.97787
1.93951
1.95337
1.99333
1.96689
1.90820
1.89478
1.94555
1.99845
2.00674
1.94265
1.95629
2.00200
1.95251
1.84890
1.85247
1.95018
1.97784
1.96648
1.99190
1.97752
1.97065
1.98142
1.96747
1.91998
1.91955
1.95413
1.97728
1.96629
1.93385
1.92641
1.96297
2.01461
2.01874
2.00267
1.98230
1.96889
1.95442
1.94034
1.95420
1.95254
1.95693
1.95871
1.91387
1.94825
1.99050
1.95103
1.95700
1.92582
1.96909
2.02961
1.99411
1.93356
1.84324
1.87848
1.91308
1.91402
1.89776
1.91830
1.88355
1.80230
1.82553
1.86193
1.81598
1.88528
1.91872
1.93226
1.94799
