-0.00183
-0.03120
0.06144
-0.64059
0.24998
5.64515
6.53510
5.83405
5.92643
5.89856
5.89762
5.89593
5.89847
5.90234
5.90615
5.90662
5.90791
5.90626
5.90488
5.91252
5.91483
5.91147
5.91217
5.91552
5.91607
5.91845
5.91792
5.91803
5.91809
5.91977
5.92403
5.92477
5.92296
5.92502
5.92659
5.92565
5.92787
5.93305
5.93363
5.93013
5.92803
5.92612
5.93358
5.93301
5.93087
5.93650
5.94487
5.94486
5.93828
5.93790
5.94126
5.93967
5.94256
5.94380
5.94245
5.94606
5.95007
5.94948
5.94849
5.94835
5.94968
5.95258
5.95405
5.95268
5.94868
5.94939
5.95308
5.95394
5.95583
5.95698
5.96011
5.95975
5.96110
5.96293
5.96389
5.96898
5.96654
5.96418
5.96774
5.96795
5.97168
5.96972
5.96643
5.97084
5.97485
5.98152
5.98041
5.97848
5.97876
5.98177
5.98141
5.98514
5.99357
5.99087
5.98964
5.99552
5.98915
5.98798
5.98795
5.98737
