-0.00229
-0.03905
0.07690
-0.80180
0.31276
7.06630
8.18080
7.30195
7.41813
7.38141
7.37920
7.37912
7.37893
7.37899
7.37894
7.37889
7.37883
7.37906
7.37916
7.37898
7.37883
7.37897
7.37921
7.37927
7.37920
7.37920
7.37906
7.37909
7.37930
7.37952
7.37973
7.37966
7.37928
7.37865
7.37832
7.37817
7.37783
7.37762
7.37742
7.37801
7.37876
7.37942
7.38017
7.37998
7.37952
7.37915
7.37883
7.37899
7.37916
7.37919
7.37887
7.37899
7.37909
7.37899
7.37911
7.37905
7.37905
7.37896
7.37896
7.37915
7.37914
7.37910
7.37904
7.37904
7.37904
7.37882
7.37889
7.37898
7.37904
7.37927
7.37906
7.37897
7.37894
7.37898
7.37915
7.37938
7.37931
7.37913
7.37924
7.37933
7.37948
7.37980
7.37984
7.37942
7.37863
7.37816
7.37819
7.37781
7.37765
7.37763
7.37818
7.37903
7.37995
7.38047
7.38001
7.37940
7.37899
7.37899
7.37901
7.37891
