-0.00122
-0.02084
0.04104
-0.42784
0.16698
3.77071
4.36444
3.89380
3.95420
3.93302
3.93132
3.93011
3.92791
3.92564
3.92480
3.92367
3.92201
3.91988
3.91713
3.91705
3.91538
3.91430
3.91397
3.91245
3.91010
3.90926
3.90752
3.90522
3.90460
3.90263
3.90093
3.89963
3.89852
3.89805
3.89517
3.89381
3.89317
3.89053
3.89022
3.88923
3.88620
3.88541
3.88286
3.88218
3.88067
3.87847
3.87699
3.87512
3.87385
3.87282
3.87212
3.86953
3.86678
3.86486
3.86282
3.86173
3.86018
3.85886
3.85839
3.85735
3.85550
3.85340
3.85149
3.85085
3.84988
3.84682
3.84643
3.84424
3.84252
3.84007
3.83913
3.83931
3.83755
3.83585
3.83475
3.83338
3.83066
3.82592
3.82603
3.82456
3.82155
3.82207
3.81979
3.81834
3.81574
3.81412
3.81284
3.81100
3.81026
3.80920
3.80856
3.80760
3.80456
3.80238
3.80304
3.80169
3.79957
3.79910
3.79741
3.79373
