-0.00044
-0.00743
0.01461
-0.15248
0.05911
1.34458
1.55848
1.39012
1.41484
1.40846
1.43093
1.45292
1.41822
1.42545
1.44429
1.45266
1.45625
1.45353
1.44294
1.42003
1.39106
1.39478
1.41662
1.40521
1.39630
1.39589
1.40115
1.40285
1.40751
1.39957
1.39590
1.39292
1.38798
1.40555
1.42842
1.42678
1.39438
1.40227
1.38738
1.38319
1.38462
1.38454
1.39775
1.39080
1.41165
1.41972
1.39999
1.38205
1.38182
1.37905
1.37698
1.37731
1.37633
1.37944
1.39300
1.38269
1.37706
1.38236
1.37793
1.37891
1.40647
1.41214
1.38953
1.37664
1.37873
1.37667
1.37524
1.37836
1.38014
1.39655
1.42684
1.42602
1.42620
1.41950
1.39145
1.37789
1.37739
1.40401
1.40006
1.38149
1.39098
1.38602
1.37889
1.38582
1.38574
1.38465
1.38283
1.37421
1.37336
1.37507
1.37782
1.41124
1.42877
1.41541
1.40143
1.40116
1.40835
1.43493
1.47383
1.47776
