-0.00117
-0.01996
0.03927
-0.40962
0.15936
3.61077
4.18392
3.73348
3.79151
3.77284
3.76881
3.77300
3.77471
3.77397
3.77017
3.77564
3.77175
3.77373
3.77495
3.77301
3.77544
3.77257
3.77435
3.78134
3.77829
3.77846
3.77817
3.77563
3.77061
3.77457
3.77711
3.77408
3.78249
3.78291
3.78247
3.77481
3.77296
3.77668
3.77121
3.77252
3.77732
3.78019
3.77203
3.76944
3.76961
3.77425
3.78168
3.77840
3.77718
3.77649
3.78354
3.78087
3.77627
3.77874
3.78093
3.78402
3.78768
3.78449
3.78317
3.78624
3.78254
3.78002
3.77684
3.78104
3.78332
3.77866
3.77870
3.77978
3.78167
3.78238
3.77966
3.78373
3.78415
3.77837
3.78121
3.78457
3.78392
3.78165
3.78339
3.77935
3.78074
3.78936
3.78487
3.77785
3.78041
3.78110
3.78224
3.78449
3.78216
3.77850
3.78232
3.78267
3.78249
3.78506
3.78409
3.78368
3.77951
3.77994
3.78156
3.78852
