-0.00112
-0.01911
0.03759
-0.39216
0.15232
3.45752
4.00749
3.57452
3.63050
3.61447
3.61502
3.62122
3.62456
3.62473
3.62724
3.62687
3.62772
3.62947
3.62826
3.62537
3.62800
3.63360
3.63437
3.63555
3.64395
3.64710
3.64545
3.64486
3.64333
3.65044
3.65400
3.65221
3.65924
3.66041
3.65936
3.66177
3.65524
3.65616
3.66025
3.65754
3.65342
3.65530
3.65853
3.66338
3.66464
3.66648
3.67236
3.67363
3.67491
3.67559
3.67666
3.67470
3.67718
3.68217
3.68449
3.68529
3.68543
3.68701
3.68964
3.69191
3.69659
3.69162
3.68947
3.69877
3.70114
3.69687
3.69352
3.69921
3.70114
3.70386
3.70816
3.70769
3.71097
3.71264
3.70949
3.71057
3.71364
3.71348
3.71395
3.71670
3.71743
3.71896
3.72379
3.72153
3.72120
3.72325
3.72631
3.72353
3.72999
3.73106
3.72648
3.73147
3.73268
3.73239
3.73689
3.74283
3.74011
3.74028
3.74757
3.74797
