-0.00004
-0.00076
0.00147
-0.01553
0.00579
0.13669
0.16195
0.14883
0.14737
0.14140
0.13989
0.14140
0.15144
0.15072
0.14898
0.15796
0.15210
0.15370
0.15292
0.15032
0.15122
0.14470
0.13624
0.14722
0.15371
0.14595
0.14592
0.14686
0.15037
0.14300
0.13810
0.15512
0.15443
0.14484
0.14794
0.14560
0.15396
0.15310
0.13963
0.14201
0.14762
0.14665
0.14645
0.14280
0.14406
0.14918
0.14596
0.14839
0.14537
0.14097
0.14482
0.15036
0.15307
0.14429
0.14444
0.15090
0.14452
0.14143
0.14597
0.14829
0.14736
0.14567
0.14108
0.14831
0.14750
0.14102
0.14796
0.15513
0.14767
0.13879
0.14460
0.14736
0.14354
0.14467
0.14504
0.14213
0.14869
0.14640
0.13674
0.14494
0.15167
0.14546
0.13775
0.14303
0.15406
0.14002
0.13759
0.14557
0.14534
0.15379
0.15569
0.14488
0.14710
0.14912
0.13823
0.14443
0.15018
0.14339
0.14351
0.14637
