-0.00009
-0.00154
0.00305
-0.03163
0.01272
0.27792
0.31882
0.28444
0.29237
0.29693
0.29452
0.29276
0.29224
0.29718
0.29073
0.29110
0.29484
0.29413
0.29943
0.30463
0.29367
0.30347
0.30822
0.29643
0.29638
0.29701
0.29347
0.29112
0.29455
0.29559
0.29566
0.29816
0.29363
0.30777
0.29451
0.28342
0.29279
0.30238
0.29535
0.29739
0.30346
0.28380
0.29115
0.29374
0.28993
0.29154
0.28751
0.29210
0.29709
0.29577
0.29615
0.30077
0.29427
0.29982
0.29638
0.29710
0.29566
0.28312
0.28396
0.28359
0.29641
0.29774
0.28679
0.29371
0.30905
0.29848
0.29225
0.29109
0.28668
0.29713
0.30535
0.29619
0.29390
0.30051
0.29997
0.29649
0.29474
0.28451
0.29356
0.29879
0.28898
0.28624
0.29232
0.29697
0.29713
0.29653
0.30267
0.29474
0.29416
0.29392
0.29662
0.29582
0.30475
0.29423
0.28648
0.29697
0.30559
0.29648
0.29055
0.29430
