-0.00090
-0.01536
0.03023
-0.31530
0.12293
2.77801
3.21807
2.87742
2.92462
2.91140
2.90713
2.90532
2.91186
2.91698
2.91647
2.91790
2.91761
2.91695
2.92081
2.92367
2.92290
2.92037
2.92226
2.92103
2.92553
2.92628
2.92503
2.92622
2.92839
2.93159
2.93906
2.93451
2.93669
2.93630
2.93652
2.93862
2.94199
2.95202
2.94636
2.94397
2.94765
2.94730
2.94497
2.94625
2.95127
2.95076
2.95349
2.95624
2.95829
2.95638
2.95680
2.96254
2.96286
2.96122
2.96320
2.96934
2.96950
2.96901
2.96644
2.97023
2.97378
2.97147
2.97356
2.97357
2.97327
2.97592
2.97302
2.97712
2.98142
2.98068
2.98237
2.98161
2.98420
2.98795
2.98997
2.98520
2.98944
2.99324
2.99110
2.98985
2.99660
2.99456
2.99378
2.99632
2.99790
2.99691
2.99665
2.99428
2.99953
3.00236
3.00229
3.00233
3.00242
3.00551
3.00631
3.00458
3.01057
3.01330
3.01101
3.01460
