-0.00061
-0.01044
0.02055
-0.21432
0.08360
1.88824
2.18671
1.95538
1.98876
1.98109
1.98050
1.98053
1.98803
1.99060
1.98864
1.98997
1.99415
1.99656
1.99533
2.00007
1.99874
1.99633
1.99914
2.00342
2.00702
2.01018
2.01277
2.01438
2.01595
2.01765
2.02354
2.02488
2.02413
2.02701
2.02827
2.03067
2.03461
2.03797
2.03726
2.04037
2.04577
2.04483
2.04391
2.04562
2.04886
2.05133
2.05310
2.05702
2.05823
2.06019
2.06186
2.06191
2.06552
2.06629
2.06912
2.07141
2.07095
2.07387
2.07609
2.07703
2.08173
2.08306
2.08259
2.08299
2.08571
2.08811
2.09301
2.09208
2.09179
2.09794
2.10103
2.09470
2.09817
2.10504
2.10706
2.10913
2.10992
2.11023
2.11123
2.11802
2.11671
2.11688
2.12209
2.12306
2.12421
2.12520
2.12756
2.12931
2.12870
2.13380
2.13374
2.12974
2.13389
2.13588
2.13547
2.14019
2.14578
2.14699
2.15041
2.15290
