-0.00228
-0.03891
0.07661
-0.79890
0.31133
7.04121
8.15421
7.27849
7.39463
7.35926
7.35656
7.35720
7.35768
7.35804
7.35850
7.35837
7.35924
7.35991
7.35970
7.35978
7.36008
7.36091
7.36107
7.36104
7.36158
7.36132
7.36170
7.36174
7.36241
7.36294
7.36254
7.36225
7.36266
7.36258
7.36289
7.36310
7.36299
7.36317
7.36341
7.36348
7.36359
7.36306
7.36347
7.36314
7.36331
7.36358
7.36364
7.36316
7.36268
7.36324
7.36342
7.36305
7.36353
7.36395
7.36420
7.36401
7.36434
7.36437
7.36399
7.36397
7.36361
7.36359
7.36411
7.36404
7.36415
7.36363
7.36387
7.36423
7.36384
7.36399
7.36415
7.36390
7.36383
7.36386
7.36431
7.36394
7.36378
7.36388
7.36424
7.36418
7.36369
7.36439
7.36388
7.36332
7.36379
7.36370
7.36428
7.36431
7.36371
7.36417
7.36418
7.36443
7.36407
7.36408
7.36441
7.36419
7.36408
7.36385
7.36342
7.36341
