-0.00025
-0.00433
0.00852
-0.08883
0.03480
0.78241
0.90520
0.80806
0.82067
0.81933
0.81628
0.81670
0.81901
0.81858
0.81847
0.81800
0.81781
0.81683
0.82021
0.81978
0.81325
0.81458
0.81973
0.81995
0.81966
0.81788
0.81793
0.81372
0.81775
0.81736
0.81503
0.81668
0.81439
0.81072
0.81315
0.81777
0.81630
0.82105
0.81970
0.81439
0.81742
0.81434
0.81250
0.81578
0.81750
0.81600
0.81309
0.81614
0.81535
0.81678
0.81475
0.81640
0.81828
0.81794
0.81961
0.81648
0.81793
0.81698
0.81480
0.81846
0.81549
0.81746
0.81665
0.81462
0.81375
0.81338
0.81736
0.81486
0.81710
0.81968
0.81726
0.81660
0.82014
0.81611
0.81563
0.81639
0.81504
0.81046
0.81332
0.81397
0.81180
0.81312
0.81489
0.81441
0.81198
0.81210
0.81583
0.81792
0.81664
0.81455
0.81209
0.81382
0.81452
0.81589
0.81629
0.81791
0.81452
0.81245
0.81475
0.81243
