-0.00180
-0.03082
0.06068
-0.63271
0.24676
5.57578
6.45576
5.76537
5.85985
5.83092
5.82605
5.82134
5.82589
5.82833
5.82783
5.83083
5.83165
5.83361
5.83536
5.84011
5.84075
5.83839
5.84005
5.84200
5.84118
5.84352
5.84389
5.84408
5.84189
5.84089
5.84263
5.84329
5.84324
5.84528
5.85028
5.85352
5.85246
5.85276
5.85279
5.85143
5.85112
5.85070
5.84833
5.84404
5.84453
5.84887
5.84783
5.84833
5.84871
5.85503
5.85824
5.85446
5.85567
5.85868
5.86503
5.86935
5.87030
5.86986
5.86965
5.86848
5.87152
5.83380
5.90172
6.09612
5.89865
5.82750
5.85876
5.84820
5.84583
5.84923
5.85632
5.86188
5.86361
5.86196
5.85638
5.85928
5.86578
5.86536
5.86921
5.87336
5.87115
5.86959
5.87104
5.87073
5.87375
5.87606
5.87138
5.86911
5.87522
5.87925
5.87967
5.87586
5.87730
5.87955
5.88078
5.88543
5.88668
5.88750
5.89184
5.89121
