-0.00022
-0.00372
0.00741
-0.07658
0.03110
0.67509
0.76745
0.66943
0.68720
0.69177
0.67937
0.67636
0.67219
0.67734
0.69247
0.69019
0.68098
0.68494
0.69577
0.70398
0.71419
0.70781
0.69836
0.71031
0.71415
0.71346
0.70257
0.69432
0.69027
0.69245
0.71950
0.73240
0.71420
0.70554
0.70884
0.70649
0.70186
0.72170
0.72102
0.70340
0.67690
0.67073
0.68871
0.70305
0.72466
0.74964
0.75922
0.74385
0.74385
0.76287
0.78078
0.77094
0.77846
0.78176
0.77513
0.76897
0.77123
0.79314
0.80082
0.78989
0.79651
0.80360
0.78539
0.79393
0.80481
0.79768
0.79249
0.78497
0.78052
0.77822
0.77153
0.77287
0.78935
0.78035
0.76343
0.75137
0.76788
0.79201
0.77437
0.76028
0.78739
0.77842
0.77878
0.79016
0.77735
0.76493
0.76551
0.75291
0.74468
0.74278
0.75146
0.74314
0.74099
0.75747
0.76312
0.74702
0.74285
0.74219
0.76072
0.77642
