-0.00128
-0.02194
0.04322
-0.45046
0.17623
3.96915
4.59133
4.09709
4.16018
4.13892
4.13681
4.13281
4.13078
4.12881
4.12702
4.12565
4.12484
4.12253
4.12017
4.11974
4.11840
4.11353
4.11050
4.11120
4.10744
4.10467
4.10342
4.10181
4.10104
4.09903
4.09579
4.09375
4.09320
4.09149
4.08935
4.08891
4.08666
4.08355
4.08266
4.08123
4.07818
4.07733
4.07671
4.07433
4.07185
4.07026
4.06893
4.06626
4.06444
4.06221
4.05819
4.05561
4.05570
4.05400
4.05189
4.05224
4.05094
4.04887
4.04475
4.04238
4.04068
4.03975
4.03705
4.03541
4.03350
4.03309
4.03011
4.02719
4.02604
4.02465
4.02283
4.02090
4.02000
4.01555
4.01407
4.01183
4.00955
4.00865
4.00553
4.00255
4.00153
4.00070
3.99674
3.99527
3.99202
3.98943
3.98950
3.98873
3.98661
3.98582
3.98286
3.97957
3.97847
3.97681
3.97453
3.97383
3.97445
3.96914
3.96529
3.96523
