-0.00025
-0.00427
0.00842
-0.08773
0.03448
0.77282
0.89262
0.79611
0.80845
0.80449
0.80447
0.80318
0.80265
0.80198
0.79993
0.80078
0.80052
0.79812
0.79834
0.79827
0.79730
0.79550
0.79569
0.79556
0.79318
0.79311
0.79445
0.79326
0.79270
0.79161
0.79257
0.79339
0.79101
0.78938
0.78878
0.78879
0.78786
0.78680
0.78576
0.78538
0.78551
0.78549
0.78584
0.78438
0.78447
0.78405
0.78294
0.78239
0.78206
0.78090
0.77963
0.77911
0.77903
0.77792
0.77579
0.77604
0.77544
0.77576
0.77531
0.77382
0.77273
0.77281
0.77155
0.77123
0.77065
0.77103
0.77006
0.76980
0.76960
0.76877
0.76904
0.76714
0.76681
0.76576
0.76510
0.76431
0.76219
0.76126
0.76023
0.76040
0.75977
0.75849
0.75793
0.75853
0.75878
0.75845
0.75752
0.75776
0.75669
0.75613
0.75496
0.75414
0.75423
0.75340
0.75251
0.75203
0.75203
0.75039
0.74950
0.74885
