-0.00021
-0.00360
0.00709
-0.07388
0.02878
0.65121
0.75358
0.67374
0.68562
0.67820
0.68061
0.68104
0.68098
0.67995
0.68134
0.67481
0.67266
0.67459
0.67516
0.67771
0.67726
0.67257
0.67305
0.67290
0.67779
0.67387
0.66908
0.66983
0.67282
0.67396
0.67055
0.66832
0.66997
0.67053
0.67096
0.66921
0.66350
0.66684
0.66765
0.66830
0.66867
0.66403
0.66125
0.66558
0.66484
0.66617
0.66442
0.66425
0.66576
0.66323
0.66134
0.66703
0.67131
0.66604
0.66166
0.66028
0.66206
0.65877
0.66044
0.66604
0.66429
0.65985
0.65944
0.65876
0.66144
0.65796
0.66069
0.66287
0.65582
0.65686
0.66367
0.65763
0.65258
0.65563
0.65402
0.65320
0.65421
0.65128
0.64823
0.65195
0.65340
0.64577
0.64833
0.64765
0.64832
0.65338
0.64893
0.64726
0.64876
0.64557
0.64691
0.65172
0.64986
0.64986
0.64926
0.64523
0.63902
0.64496
0.64408
0.64532
