-0.00001
-0.00015
0.00025
-0.00297
0.00016
0.02864
0.03943
0.02947
0.03191
0.03964
0.03444
0.02937
0.03154
0.03058
0.03867
0.03291
0.02841
0.02642
0.03196
0.04955
0.03340
0.03189
0.02990
0.03117
0.02841
0.03462
0.05299
0.03414
0.03855
0.03683
0.02983
0.03081
0.03049
0.02910
0.02907
0.03349
0.04031
0.03274
0.03745
0.03841
0.02965
0.03122
0.03483
0.04041
0.03031
0.02946
0.03835
0.03990
0.05167
0.04044
0.02992
0.02795
0.03273
0.03502
0.03347
0.03037
0.03794
0.03301
0.03151
0.04553
0.03171
0.02467
0.03388
0.04588
0.03399
0.03483
0.03887
0.03253
0.02808
0.02779
0.03016
0.03760
0.03398
0.02631
0.03627
0.05546
0.03499
0.02894
0.03714
0.04117
0.03325
0.03165
0.03261
0.02744
0.03218
0.04408
0.03579
0.02717
0.03217
0.05758
0.04792
0.02877
0.02749
0.02924
0.02876
0.03022
0.03126
0.03136
0.03163
0.03393
