-0.00033
-0.00565
0.01111
-0.11591
0.04499
1.02183
1.18399
1.05771
1.07990
1.07678
1.07595
1.07944
1.08202
1.08558
1.08715
1.08711
1.09123
1.09087
1.09483
1.10009
1.10039
1.10161
1.10272
1.10538
1.10650
1.10766
1.10906
1.11300
1.11749
1.12099
1.11976
1.12161
1.12873
1.13192
1.13207
1.13571
1.13662
1.13942
1.14198
1.14260
1.14260
1.14820
1.14649
1.14714
1.15319
1.15350
1.15435
1.15748
1.16025
1.16414
1.16436
1.16489
1.16734
1.17313
1.17556
1.17499
1.17917
1.18322
1.18288
1.18362
1.18861
1.19203
1.18976
1.19423
1.19419
1.19722
1.20281
1.20031
1.20243
1.20749
1.20926
1.21173
1.21063
1.21265
1.21417
1.21450
1.21784
1.22424
1.22645
1.22582
1.23004
1.23231
1.23085
1.23476
1.23757
1.23711
1.24188
1.24508
1.24489
1.24899
1.25011
1.25153
1.25404
1.25500
1.25733
1.26154
1.26435
1.26517
1.26713
1.27082
