-0.00007
-0.00121
0.00239
-0.02485
0.00990
0.21868
0.25210
0.22470
0.22461
0.22567
0.23287
0.22917
0.22648
0.22569
0.22528
0.22405
0.22185
0.22208
0.22343
0.22507
0.22301
0.22005
0.22486
0.23302
0.22853
0.23722
0.23224
0.23134
0.22965
0.22418
0.22541
0.22396
0.23377
0.22979
0.22094
0.23002
0.22623
0.23098
0.22964
0.22792
0.23315
0.23059
0.22546
0.23300
0.23681
0.23494
0.22913
0.22972
0.22916
0.22512
0.23094
0.23794
0.23158
0.23167
0.23047
0.22714
0.22781
0.23597
0.23798
0.23234
0.22614
0.22801
0.23316
0.23131
0.23442
0.22955
0.23695
0.24135
0.23064
0.23219
0.23724
0.23242
0.22462
0.23626
0.23285
0.22625
0.23863
0.23253
0.22857
0.23264
0.23947
0.24014
0.23409
0.23600
0.23987
0.23295
0.23159
0.23237
0.23111
0.23020
0.23467
0.23699
0.23649
0.23308
0.22976
0.22945
0.23402
0.22852
0.22941
0.22821
