-0.00001
-0.00014
0.00029
-0.00283
0.00144
0.02508
0.02508
0.01786
0.01969
0.02226
0.02168
0.02185
0.02095
0.01981
0.02098
0.01982
0.01856
0.01986
0.01978
0.02083
0.02041
0.01930
0.01755
0.01950
0.02088
0.01965
0.01899
0.01966
0.01961
0.01909
0.01878
0.02259
0.01981
0.01882
0.02269
0.02018
0.01922
0.01868
0.02157
0.02193
0.02028
0.02018
0.02065
0.01992
0.02142
0.02413
0.02183
0.01912
0.01904
0.02061
0.02165
0.02167
0.02159
0.02297
0.02131
0.02163
0.02158
0.01818
0.02002
0.02030
0.02144
0.02229
0.02135
0.02174
0.02004
0.01894
0.02189
0.02249
0.02080
0.02012
0.02082
0.02333
0.01987
0.01840
0.02067
0.02063
0.01893
0.02054
0.01903
0.01835
0.01976
0.02019
0.01858
0.01954
0.02173
0.02346
0.02079
0.01950
0.02249
0.02139
0.01981
0.01981
0.01900
0.01811
0.01957
0.02356
0.02153
0.02093
0.01962
0.01740
