-0.00001
-0.00017
0.00033
-0.00348
0.00113
0.03127
0.03790
0.03165
0.03034
0.03214
0.03165
0.03218
0.03361
0.03064
0.03154
0.03139
0.03117
0.03129
0.03189
0.03075
0.02979
0.03045
0.03434
0.03407
0.03121
0.03276
0.03276
0.03201
0.03344
0.03201
0.02752
0.02814
0.03149
0.03169
0.02998
0.03061
0.02956
0.02933
0.02807
0.03039
0.03045
0.02952
0.03163
0.03301
0.03008
0.02976
0.03124
0.03272
0.03113
0.02914
0.02896
0.03230
0.02977
0.02885
0.02734
0.02733
0.02974
0.03150
0.03205
0.03233
0.02992
0.02967
0.03071
0.03136
0.03024
0.02865
0.02972
0.02788
0.02862
0.02845
0.02935
0.02967
0.03074
0.03201
0.02967
0.02792
0.02899
0.03185
0.03209
0.03007
0.02867
0.02800
0.02960
0.03108
0.03201
0.02942
0.02832
0.03020
0.02977
0.02881
0.02942
0.02943
0.02886
0.03009
0.03006
0.02825
0.02956
0.02710
0.02794
0.03121
