-0.00001
-0.00012
0.00023
-0.00243
0.00091
0.02170
0.02487
0.02073
0.02188
0.02253
0.02228
0.02227
0.02069
0.02154
0.02354
0.02075
0.02093
0.02088
0.02065
0.02222
0.02114
0.02097
0.02163
0.02175
0.02033
0.01940
0.01972
0.02159
0.02241
0.02035
0.01925
0.02228
0.02041
0.02030
0.02188
0.02139
0.02027
0.02087
0.02121
0.02122
0.02154
0.02144
0.02085
0.02006
0.01919
0.02181
0.02291
0.02120
0.01874
0.01952
0.02150
0.02162
0.02054
0.02131
0.01993
0.01943
0.01901
0.02030
0.02056
0.02147
0.02104
0.02077
0.02138
0.01867
0.02032
0.01915
0.01964
0.02004
0.02032
0.02233
0.02054
0.01891
0.02101
0.02041
0.01800
0.01870
0.01928
0.01861
0.02030
0.02288
0.01921
0.01836
0.01846
0.02027
0.02166
0.01834
0.01903
0.01899
0.02022
0.02067
0.01915
0.01903
0.01820
0.01879
0.01988
0.01894
0.01789
0.02070
0.01853
0.01651
