-0.00123
-0.02094
0.04123
-0.42989
0.16793
3.78752
4.38398
3.91876
3.98176
3.95782
3.96136
3.96464
3.96429
3.96620
3.96786
3.97547
3.96764
3.96210
3.97039
3.97590
3.97711
3.97385
3.97354
3.96953
3.97721
3.98714
3.98151
3.98371
3.98289
3.98691
3.99168
3.98887
3.99372
3.99466
3.99085
3.98893
3.98979
3.99099
3.99332
3.99885
3.99847
3.99729
4.00222
4.00292
3.99970
4.00021
3.99922
3.99981
4.00482
4.00323
4.00165
4.00283
4.00130
4.01299
4.01393
4.00646
4.00857
4.00726
4.01136
4.01434
4.01540
4.01609
4.01754
4.02493
4.02735
4.02152
4.01864
4.01799
4.02267
4.02466
4.02344
4.02387
4.02502
4.02725
4.02572
4.03125
4.02921
4.03235
4.03334
4.03236
4.03046
4.02826
4.03466
4.03752
4.03524
4.03316
4.03774
4.03703
4.03907
4.03260
4.03505
4.03835
4.04528
4.04500
4.03691
4.03921
4.04816
4.04567
4.05104
4.05022
