-0.00003
-0.00044
0.00086
-0.00894
0.00348
0.07871
0.09119
0.08198
0.08339
0.08249
0.08270
0.08183
0.08317
0.08467
0.08558
0.08517
0.08285
0.08316
0.08713
0.08499
0.08320
0.08391
0.08738
0.08863
0.08502
0.08335
0.08320
0.08462
0.08704
0.08435
0.08417
0.08302
0.08265
0.08365
0.08350
0.08341
0.08542
0.08463
0.08353
0.08397
0.08431
0.08484
0.08290
0.08403
0.08540
0.08473
0.08462
0.08686
0.08653
0.08441
0.08292
0.08244
0.08456
0.08525
0.08273
0.08386
0.08881
0.08585
0.08306
0.08268
0.08333
0.08297
0.08323
0.08412
0.08358
0.08290
0.08259
0.08507
0.08969
0.08838
0.08487
0.08323
0.08387
0.08398
0.08653
0.09029
0.08595
0.08475
0.08818
0.08575
0.08719
0.08456
0.08420
0.08613
0.09053
0.08570
0.08380
0.08539
0.08354
0.08324
0.08294
0.08521
0.08600
0.08395
0.08436
0.08497
0.08454
0.08421
0.08443
0.08615
