-0.00000
-0.00005
0.00003
-0.00083
-0.00114
0.01105
0.02265
0.01073
0.00850
0.01451
0.01059
0.01090
0.01032
0.01021
0.01069
0.01480
0.01021
0.00941
0.01409
0.01219
0.01461
0.01325
0.01829
0.02441
0.01350
0.00846
0.01160
0.01097
0.00853
0.01053
0.01723
0.01133
0.01052
0.00914
0.00984
0.01569
0.01456
0.01216
0.01164
0.01176
0.01226
0.01273
0.02128
0.01476
0.00992
0.01458
0.01151
0.01225
0.01145
0.00815
0.01073
0.01694
0.01341
0.01576
0.01325
0.01705
0.01410
0.00919
0.01187
0.01134
0.00934
0.01056
0.01154
0.01058
0.00862
0.01128
0.01430
0.01140
0.01232
0.01625
0.01745
0.01107
0.00998
0.01062
0.01586
0.01403
0.01118
0.01012
0.01075
0.01292
0.01122
0.01186
0.01256
0.01946
0.01112
0.00832
0.01072
0.01050
0.01204
0.01317
0.01169
0.01595
0.01502
0.01336
0.01430
0.00991
0.01479
0.01617
0.01436
0.01033
