-0.00004
-0.00070
0.00137
-0.01430
0.00548
0.12642
0.14586
0.13025
0.13499
0.13177
0.13432
0.12999
0.12892
0.12975
0.12883
0.12915
0.13226
0.13166
0.13201
0.12876
0.12965
0.13101
0.13045
0.12947
0.12882
0.12958
0.12746
0.13003
0.13507
0.12956
0.13348
0.13034
0.12774
0.13432
0.13418
0.13044
0.12965
0.12888
0.12847
0.12864
0.13202
0.13326
0.12998
0.13288
0.13139
0.13554
0.13184
0.13078
0.13728
0.12992
0.12894
0.13203
0.13699
0.13019
0.12891
0.12879
0.12885
0.13170
0.13267
0.13127
0.13501
0.13576
0.12929
0.13202
0.12975
0.12873
0.12781
0.12771
0.13137
0.13155
0.13486
0.13491
0.13524
0.13545
0.13166
0.12872
0.12855
0.13228
0.12996
0.13056
0.12944
0.12871
0.13352
0.13146
0.13271
0.13304
0.13464
0.13888
0.13314
0.12832
0.12776
0.13035
0.13508
0.13438
0.13855
0.13546
0.13153
0.13245
0.13670
0.13841
