-0.00011
-0.00194
0.00382
-0.03983
0.01556
0.35090
0.40448
0.36453
0.37746
0.36987
0.37085
0.36639
0.36634
0.36925
0.36822
0.37190
0.36526
0.36618
0.36352
0.36302
0.37105
0.36543
0.36338
0.36364
0.36476
0.36514
0.36294
0.36359
0.35987
0.35892
0.36400
0.36319
0.36365
0.36413
0.36464
0.36845
0.36778
0.36820
0.36806
0.36625
0.36278
0.36066
0.36293
0.36470
0.36622
0.36659
0.36197
0.36402
0.36487
0.36516
0.36425
0.35993
0.36044
0.36233
0.36293
0.36268
0.36105
0.35831
0.36373
0.36761
0.36298
0.36197
0.35965
0.36474
0.36692
0.36238
0.36059
0.35940
0.35912
0.36083
0.35942
0.35740
0.36835
0.36116
0.36060
0.36462
0.36272
0.35786
0.36311
0.36509
0.35988
0.35785
0.35657
0.35985
0.36430
0.36101
0.35919
0.35941
0.36345
0.36494
0.36246
0.35720
0.35580
0.35751
0.35682
0.35729
0.35978
0.35986
0.36118
0.35968
