-0.00000
-0.00004
0.00002
-0.00065
-0.00109
0.00908
0.01733
0.01108
0.01840
0.00832
0.00804
0.03469
0.02969
0.00172
0.00856
0.03309
0.00978
0.02205
0.03263
0.01876
0.02325
0.01512
0.00622
0.01208
0.01210
0.00924
0.02411
0.01591
0.02592
0.02767
0.00899
0.01881
0.04227
0.02109
0.00665
0.01700
0.00797
0.01137
0.03562
0.02154
0.01050
0.00753
0.00819
0.00450
0.00725
0.02171
0.01611
0.00585
0.01158
0.01702
0.00787
0.00544
0.00955
0.00508
0.00611
0.01884
0.02382
0.01748
0.00733
0.00880
0.00638
0.01355
0.02816
0.00995
0.01019
0.02723
0.01545
0.00534
0.00737
0.02043
0.00571
0.00453
0.01611
0.01177
0.01449
0.00766
0.01408
0.02496
0.00830
0.01784
0.02618
0.00712
-0.00004
0.00793
0.01929
0.01192
0.01973
0.00812
0.00259
0.01193
0.01713
0.00481
0.00982
0.02054
0.01235
0.00291
0.00711
0.01966
0.00866
0.00784
