-0.00168
-0.02868
0.05646
-0.58873
0.22962
5.18835
6.00677
5.36282
5.45011
5.42292
5.42095
5.42155
5.42102
5.42258
5.42320
5.42101
5.41959
5.42076
5.42301
5.42609
5.42605
5.42661
5.42792
5.42856
5.42948
5.42781
5.42912
5.43016
5.42839
5.43028
5.43029
5.43132
5.43171
5.43200
5.43327
5.43387
5.43428
5.43433
5.43442
5.43449
5.43558
5.43623
5.43526
5.43451
5.43710
5.43846
5.43787
5.43809
5.43854
5.43898
5.43853
5.43955
5.43977
5.43950
5.43973
5.44043
5.44147
5.44120
5.44109
5.44246
5.44267
5.44250
5.44249
5.44334
5.44587
5.44504
5.44663
5.44700
5.44494
5.44574
5.44688
5.44669
5.44811
5.44936
5.45104
5.45177
5.45228
5.45324
5.45331
5.45401
5.45189
5.45205
5.45271
5.45353
5.45400
5.45416
5.45440
5.45574
5.45683
5.45696
5.45674
5.45688
5.45741
5.45787
5.45927
5.45973
5.46055
5.46161
5.46265
5.46273
