-0.00213
-0.03638
0.07164
-0.74696
0.29122
6.58306
7.62258
6.80475
6.91375
6.87999
6.87846
6.87810
6.87884
6.88081
6.88092
6.88287
6.88447
6.88430
6.88682
6.88814
6.88824
6.89059
6.89037
6.89161
6.89144
6.89167
6.89468
6.89409
6.89548
6.89846
6.89925
6.90089
6.90163
6.90302
6.90426
6.90561
6.90760
6.90762
6.90977
6.91106
6.90950
6.91182
6.91246
6.91452
6.91701
6.91856
6.92153
6.92397
6.92341
6.92327
6.92456
6.92630
6.92684
6.93034
6.93053
6.93045
6.93248
6.93215
6.93358
6.93360
6.93312
6.93598
6.93679
6.93803
6.93766
6.93927
6.94164
6.94133
6.94251
6.94481
6.94674
6.94811
6.94825
6.95031
6.95077
6.95102
6.95297
6.95194
6.95315
6.95444
6.95506
6.95726
6.95681
6.95813
6.95953
6.95982
6.96088
6.96114
6.96350
6.96568
6.96572
6.96631
6.96668
6.96818
6.96923
6.97050
6.97193
6.97209
6.97307
6.97419
