-0.00011
-0.00188
0.00373
-0.03865
0.01575
0.33868
0.38865
0.34900
0.35608
0.36772
0.36565
0.36119
0.36919
0.37089
0.36164
0.36591
0.36837
0.36171
0.36073
0.36557
0.36711
0.36466
0.36560
0.37186
0.36998
0.36279
0.36700
0.37334
0.37253
0.36847
0.36966
0.37153
0.37637
0.37982
0.37568
0.37424
0.37038
0.36673
0.37073
0.36891
0.37347
0.37424
0.37345
0.37014
0.37471
0.37539
0.37828
0.37394
0.37135
0.37151
0.38023
0.37917
0.37623
0.36908
0.37490
0.37735
0.37544
0.37477
0.37399
0.37889
0.38112
0.38370
0.38502
0.38013
0.37598
0.37570
0.37934
0.37800
0.37832
0.37431
0.37279
0.37019
0.37160
0.37247
0.37673
0.38243
0.38245
0.38478
0.38024
0.37230
0.37409
0.37613
0.37464
0.37419
0.37879
0.37930
0.37821
0.37781
0.38210
0.38105
0.37935
0.38315
0.37892
0.37814
0.37861
0.38122
0.38008
0.37849
0.38136
0.38037
