-0.00114
-0.01941
0.03820
-0.39840
0.15530
3.51081
4.06613
3.63251
3.69132
3.67212
3.67074
3.67845
3.68301
3.68329
3.68632
3.69292
3.69428
3.68454
3.69258
3.69209
3.68571
3.69803
3.70376
3.69927
3.70041
3.70113
3.69865
3.70039
3.70496
3.70866
3.70817
3.70741
3.70839
3.71658
3.72707
3.73000
3.73021
3.72982
3.73166
3.73237
3.73614
3.74060
3.74618
3.75103
3.74939
3.75134
3.75508
3.75601
3.75883
3.76011
3.76072
3.76435
3.76428
3.76361
3.76882
3.77684
3.77416
3.77331
3.77972
3.78255
3.78307
3.78587
3.78815
3.78862
3.79000
3.79195
3.79734
3.80090
3.80417
3.80767
3.81113
3.81305
3.81327
3.81709
3.81650
3.81082
3.81468
3.82250
3.82890
3.83239
3.83232
3.83175
3.83161
3.83387
3.83922
3.84130
3.83901
3.84072
3.84395
3.84414
3.84624
3.84798
3.84870
3.84961
3.85368
3.85741
3.86130
3.86432
3.86716
3.86957
