-0.00046
-0.00779
0.01533
-0.15988
0.06228
1.40938
1.63206
1.45560
1.47789
1.47065
1.47210
1.47152
1.47156
1.47035
1.46945
1.46937
1.46849
1.46265
1.46449
1.46240
1.46202
1.46596
1.46691
1.46741
1.46083
1.45819
1.45961
1.45912
1.45983
1.46051
1.45988
1.45552
1.45465
1.46097
1.46379
1.45798
1.45601
1.45732
1.45874
1.45838
1.45593
1.45308
1.45025
1.44189
1.44023
1.43266
1.42338
1.43503
1.44676
1.44743
1.44750
1.44754
1.44569
1.44439
1.44467
1.44607
1.44450
1.43915
1.42533
1.41906
1.42101
1.42372
1.42569
1.42652
1.42387
1.42417
1.42523
1.42353
1.42297
1.42308
1.42313
1.42330
1.42159
1.42144
1.42091
1.41809
1.41883
1.42145
1.42307
1.42426
1.42433
1.42632
1.42569
1.42317
1.42397
1.42433
1.42233
1.41993
1.41945
1.41902
1.41929
1.41889
1.41712
1.40962
1.39984
1.40134
1.40429
1.40297
1.40374
1.40524
