-0.00144
-0.02454
0.04834
-0.50388
0.19688
4.44004
5.13821
4.58681
4.65816
4.63424
4.63358
4.63288
4.63396
4.63325
4.63245
4.63228
4.62950
4.62912
4.62889
4.62830
4.62721
4.62689
4.62776
4.62678
4.62485
4.62278
4.62218
4.62095
4.61911
4.61526
4.61607
4.61618
4.61811
4.61805
4.61707
4.61748
4.61526
4.61382
4.61462
4.61191
4.60922
4.61126
4.61033
4.60825
4.60916
4.60975
4.61074
4.61123
4.60837
4.60550
4.60675
4.60770
4.60681
4.60500
4.60409
4.60613
4.60362
4.60209
4.60165
4.60195
4.60164
4.60208
4.60144
4.59785
4.59610
4.59664
4.59636
4.59580
4.59314
4.59321
4.59371
4.59117
4.59096
4.58897
4.58657
4.58764
4.58717
4.58801
4.58686
4.58772
4.58992
4.58929
4.58795
4.58621
4.58573
4.58425
4.58223
4.57966
4.57801
4.57768
4.57825
4.57859
4.57790
4.57857
4.57933
4.57748
4.57756
4.57899
4.57637
4.57421
