-0.00149
-0.02548
0.05018
-0.52314
0.20409
4.61048
5.33729
4.76368
4.83957
4.81572
4.81401
4.81249
4.81465
4.81554
4.81537
4.81427
4.81340
4.81535
4.81563
4.81499
4.81597
4.81599
4.81605
4.81779
4.81587
4.81522
4.81556
4.81681
4.81453
4.81080
4.81530
4.81732
4.81666
4.81473
4.81438
4.81644
4.81658
4.81511
4.81452
4.81352
4.80982
4.81441
4.81661
4.81468
4.81372
4.81881
4.82084
4.82229
4.82163
4.81805
4.81828
4.81965
4.82099
4.81919
4.81910
4.82260
4.82414
4.82367
4.82130
4.82276
4.82635
4.82608
4.82532
4.82414
4.82053
4.81881
4.82271
4.82238
4.82023
4.82089
4.82286
4.82440
4.82316
4.82181
4.82164
4.82116
4.82170
4.82186
4.82132
4.82721
4.82610
4.82713
4.82848
4.82598
4.82830
4.82802
4.82507
4.82319
4.82103
4.82027
4.82034
4.82493
4.82626
4.82526
4.82629
4.82724
4.82787
4.82819
4.82815
4.82737
