-0.00002
-0.00029
0.00056
-0.00594
0.00200
0.05292
0.06322
0.05601
0.05762
0.06105
0.06991
0.08016
0.09024
0.07541
0.07402
0.08964
0.07728
0.07650
0.07576
0.06749
0.07069
0.09440
0.06396
0.05229
0.05273
0.05834
0.08172
0.06581
0.06327
0.06527
0.06456
0.06869
0.06974
0.07288
0.08115
0.08456
0.08667
0.07822
0.09897
0.10855
0.07654
0.07774
0.06476
0.05778
0.06627
0.07296
0.05850
0.06128
0.06755
0.06697
0.06479
0.06871
0.08701
0.07209
0.06986
0.08043
0.07995
0.07527
0.07613
0.09131
0.08636
0.07750
0.07262
0.07590
0.06458
0.06396
0.05563
0.05688
0.07869
0.08256
0.07157
0.06908
0.08754
0.10925
0.08170
0.07259
0.08017
0.08667
0.07591
0.08011
0.07273
0.06879
0.07036
0.06566
0.05983
0.06024
0.07199
0.08068
0.06762
0.07848
0.08656
0.08514
0.07589
0.08509
0.08591
0.07456
0.07201
0.07697
0.09102
0.09096
