-0.00001
-0.00012
0.00022
-0.00242
0.00071
0.02186
0.02711
0.02288
0.02096
0.02078
0.02135
0.01836
0.01742
0.01864
0.02201
0.02473
0.01929
0.01929
0.02078
0.02252
0.02231
0.01886
0.01839
0.01994
0.02163
0.02382
0.02112
0.02074
0.02342
0.02337
0.02257
0.01955
0.02197
0.02221
0.02498
0.02250
0.01770
0.02107
0.02153
0.02099
0.02694
0.02601
0.02124
0.01951
0.01790
0.01938
0.02114
0.01857
0.01805
0.01914
0.02201
0.02119
0.02548
0.02105
0.01770
0.02364
0.02612
0.02317
0.02326
0.01830
0.01842
0.02344
0.02194
0.02322
0.02426
0.01813
0.02189
0.02807
0.02249
0.02166
0.02224
0.02148
0.01984
0.02025
0.02428
0.02214
0.02009
0.02253
0.02504
0.02595
0.02499
0.02310
0.01872
0.01624
0.02152
0.02183
0.01914
0.02281
0.02631
0.02435
0.02197
0.01858
0.01902
0.02075
0.01817
0.01879
0.02329
0.02546
0.02391
0.02234
