-0.00121
-0.02068
0.04071
-0.42455
0.16528
3.74282
4.33444
3.86491
3.92550
3.90491
3.90399
3.90097
3.89759
3.89703
3.89973
3.89736
3.89737
3.89630
3.89455
3.89391
3.89044
3.88503
3.88652
3.88424
3.88162
3.87939
3.86438
3.85843
3.87340
3.87501
3.87282
3.87048
3.86626
3.86673
3.86552
3.86264
3.86010
3.85851
3.85692
3.85641
3.85479
3.85386
3.84905
3.84746
3.84753
3.84593
3.84309
3.84064
3.83917
3.82857
3.81630
3.80709
3.79327
3.77312
3.76554
3.77110
3.76319
3.76970
3.77109
3.76176
3.75350
3.74911
3.74743
3.74577
3.74378
3.75300
3.75599
3.74632
3.74384
3.74241
3.74491
3.74375
3.74244
3.73700
3.73369
3.73556
3.73293
3.73386
3.73373
3.73708
3.73458
3.73225
3.73319
3.73010
3.72522
3.73054
3.72225
3.70100
3.69283
3.68968
3.68933
3.68346
3.67969
3.67745
3.67877
3.69126
3.69954
3.69690
3.69767
3.69746
