-0.00151
-0.02574
0.05069
-0.52855
0.20606
4.65803
5.39361
4.81646
4.89576
4.87174
4.87003
4.87030
4.87130
4.87085
4.86958
4.87136
4.87244
4.87313
4.87265
4.87324
4.87596
4.87658
4.87630
4.87563
4.87556
4.87658
4.87830
4.87907
4.87958
4.88085
4.88105
4.88141
4.88277
4.88302
4.88335
4.88207
4.88173
4.88266
4.88316
4.88322
4.88238
4.88255
4.88422
4.88494
4.88601
4.88660
4.88654
4.88600
4.88848
4.89003
4.89130
4.89223
4.89401
4.89546
4.89543
4.89617
4.89428
4.89482
4.89478
4.89377
4.89404
4.89586
4.89701
4.89590
4.89741
4.89905
4.89915
4.90009
4.89809
4.89788
4.89941
4.89807
4.89491
4.89615
4.89765
4.89943
4.89812
4.89750
4.89731
4.89672
4.90202
4.89961
4.89742
4.89850
4.89997
4.90093
4.89911
4.89933
4.89960
4.90009
4.90287
4.90313
4.90237
4.90391
4.90464
4.90611
4.90751
4.90652
4.90595
4.90751
