-0.00050
-0.00852
0.01680
-0.17478
0.06857
1.54273
1.78451
1.56866
1.54695
1.54391
1.58386
1.56016
1.55286
1.58304
1.60906
1.58181
1.58041
1.58865
1.57400
1.57617
1.56586
1.54974
1.55577
1.57181
1.56179
1.56268
1.53144
1.52663
1.54816
1.55397
1.53613
1.52992
1.52919
1.53299
1.53003
1.54486
1.56109
1.56798
1.57663
1.61315
1.62784
1.61618
1.62484
1.59820
1.56257
1.55317
1.56769
1.59915
1.53536
1.48825
1.48534
1.46634
1.45848
1.46600
1.46102
1.47817
1.54786
1.55231
1.54734
1.56238
1.55292
1.53649
1.52814
1.53963
1.51842
1.48597
1.49542
1.51692
1.53793
1.56139
1.54031
1.54729
1.63145
1.62109
1.59142
1.57183
1.60041
1.64637
1.64654
1.65198
1.59313
1.62352
1.67524
1.67402
1.66524
1.65883
1.67361
1.68121
1.67897
1.67959
1.65807
1.63739
1.64943
1.62607
1.61789
1.62149
1.61204
1.64307
1.63919
1.62268
