-0.00158
-0.02702
0.05320
-0.55467
0.21643
4.88778
5.65877
5.05374
5.13625
5.11198
5.10836
5.11120
5.11668
5.11423
5.11092
5.11245
5.11352
5.11538
5.11438
5.11666
5.12111
5.12242
5.12192
5.12019
5.12119
5.12334
5.12507
5.12662
5.12611
5.12792
5.12931
5.12914
5.13065
5.13028
5.13145
5.12985
5.12965
5.13128
5.13164
5.12852
5.12985
5.12950
5.13101
5.13522
5.13635
5.13794
5.13847
5.13835
5.14137
5.14422
5.14487
5.14861
5.15081
5.15093
5.15308
5.15348
5.14833
5.15108
5.15108
5.14895
5.14970
5.15180
5.15360
5.15400
5.15486
5.15838
5.15956
5.15936
5.15496
5.15416
5.15637
5.15573
5.15265
5.15492
5.15571
5.15809
5.15820
5.15573
5.15492
5.15478
5.16067
5.15938
5.15573
5.15677
5.16231
5.16116
5.15599
5.15977
5.15920
5.16031
5.16449
5.16285
5.16396
5.16524
5.16745
5.16909
5.17088
5.16965
5.16998
5.17110
