-0.00192
-0.03286
0.06471
-0.67468
0.26331
5.94540
6.88224
6.14567
6.24621
6.21479
6.21161
6.21287
6.21466
6.21258
6.21093
6.21520
6.21508
6.21540
6.21750
6.21898
6.22160
6.22191
6.22230
6.22188
6.22329
6.22429
6.22502
6.22669
6.22643
6.22526
6.22819
6.22890
6.23052
6.23169
6.23121
6.23174
6.23044
6.23140
6.23173
6.22971
6.23030
6.23016
6.23172
6.23346
6.23650
6.23832
6.23780
6.23833
6.24202
6.24435
6.24609
6.24680
6.24860
6.24791
6.24852
6.24960
6.24533
6.24667
6.24775
6.24734
6.24841
6.24790
6.24911
6.24959
6.25135
6.25460
6.25208
6.25238
6.25211
6.25133
6.25301
6.25177
6.24834
6.24853
6.25154
6.25418
6.25134
6.24916
6.24754
6.24652
6.25180
6.24933
6.24672
6.24679
6.24826
6.25010
6.24933
6.24907
6.24899
6.25009
6.25372
6.25601
6.25652
6.25711
6.25730
6.25598
6.25586
6.25507
6.25533
6.25677
