-0.00146
-0.02491
0.04902
-0.51139
0.19897
4.50706
5.22280
4.66470
4.74198
4.72765
4.72889
4.73132
4.73525
4.73874
4.73956
4.73978
4.74589
4.74985
4.75267
4.75644
4.75861
4.76208
4.76506
4.76387
4.76504
4.76689
4.77116
4.77573
4.77943
4.78040
4.77976
4.78228
4.78342
4.78628
4.78827
4.79079
4.79491
4.79724
4.79839
4.79927
4.80447
4.80693
4.80607
4.81158
4.81401
4.81457
4.81570
4.81503
4.81693
4.81694
4.82061
4.82617
4.82636
4.83182
4.83518
4.83741
4.83975
4.84184
4.84269
4.84060
4.84074
4.84655
4.85457
4.85664
4.85238
4.85220
4.85394
4.85202
4.85396
4.85620
4.85562
4.85764
4.86165
4.86211
4.86644
4.87309
4.87561
4.87529
4.87757
4.87886
4.87982
4.88066
4.88152
4.88254
4.88584
4.89172
4.89619
4.89531
4.89868
4.89972
4.89669
4.89539
4.89417
4.89440
4.89914
4.90320
4.90605
4.90416
4.90563
4.90440
