-0.00102
-0.01748
0.03426
-0.36248
0.13717
3.11311
3.51584
3.78032
5.67049
6.80549
5.82914
3.88707
3.15632
3.05949
3.29355
4.96770
5.80876
5.97500
5.49371
3.30687
3.14242
3.89174
3.37272
3.17034
3.11958
4.28124
5.58793
3.56275
3.00927
3.31454
3.26450
3.27905
3.28664
3.23947
3.32394
3.57891
3.32542
3.21873
3.30616
2.95395
3.40291
6.39440
7.22834
5.90605
4.35579
3.22099
2.89792
3.40276
5.56840
5.33438
3.91375
4.51801
6.17079
5.49736
3.26436
3.07145
2.96848
3.49558
6.04497
5.00147
3.14701
3.16886
3.29800
2.89761
3.56838
6.63792
5.95409
3.60042
3.39104
4.19990
6.75265
5.12895
2.78008
3.34623
5.54940
4.56794
3.11937
3.14678
3.24110
3.22838
3.23908
3.23823
3.23127
3.24794
3.12794
3.35816
4.02565
3.36077
3.12902
3.24161
3.20753
3.19863
3.43361
3.57155
3.08200
3.78403
5.80765
6.45073
6.09660
5.27991
