-0.00050
-0.00853
0.01655
-0.17376
0.06390
1.55287
1.85520
1.60192
1.18167
0.63164
0.96934
1.52067
1.63152
1.63520
1.59836
1.27789
1.01552
0.95177
1.08598
1.55265
1.61845
1.55556
1.62720
1.59042
1.61799
1.44987
1.10672
1.53011
1.67028
1.60696
1.62899
1.58529
1.55885
1.58511
1.57811
1.54952
1.55836
1.55755
1.53738
1.60655
1.53448
0.54922
0.04996
1.00581
1.41677
1.49575
1.65400
1.54488
1.02091
1.12594
1.46869
1.31742
0.84969
1.10999
1.61105
1.60790
1.65074
1.54044
0.98005
1.30104
1.67177
1.65218
1.57676
1.71318
1.48848
0.61459
1.14040
1.63499
1.72304
1.32574
0.17575
1.13070
1.78326
1.59353
1.26389
1.43456
1.65821
1.67816
1.67742
1.60189
1.54677
1.56135
1.59619
1.62489
1.60045
1.54134
1.46032
1.52604
1.55606
1.62170
1.64655
1.60906
1.54625
1.50673
1.61129
1.44268
0.79167
0.72052
0.89791
1.08843
