-0.00121
-0.02060
0.04056
-0.42283
0.16502
3.72900
4.32136
3.84026
3.83035
3.75412
3.80101
3.86899
3.89425
3.89937
3.88829
3.83649
3.79412
3.76535
3.80712
3.88855
3.88884
3.86679
3.87654
3.88310
3.88504
3.84481
3.79503
3.86478
3.88532
3.87190
3.87366
3.87531
3.87346
3.87140
3.86583
3.85709
3.86454
3.86815
3.86752
3.87647
3.85894
3.74273
3.70306
3.75882
3.82454
3.86496
3.87381
3.85008
3.77120
3.78949
3.83264
3.81300
3.74437
3.77109
3.85249
3.85746
3.86273
3.83936
3.74398
3.78502
3.84755
3.84447
3.84051
3.85699
3.82861
3.70450
3.73982
3.82681
3.84279
3.80174
3.69606
3.77218
3.85333
3.82762
3.75241
3.79011
3.83688
3.82932
3.82668
3.82846
3.82905
3.82840
3.82709
3.82533
3.82890
3.82014
3.79840
3.81878
3.82800
3.81786
3.81778
3.82021
3.81212
3.80835
3.82135
3.79615
3.71597
3.69874
3.70746
3.73213
