-0.00143
-0.02440
0.04805
-0.50073
0.19545
4.41717
5.11696
4.53909
4.52710
4.43325
4.48291
4.58591
4.61174
4.61447
4.59875
4.52055
4.47538
4.44285
4.48512
4.58823
4.59934
4.56629
4.57251
4.58543
4.59535
4.54051
4.47506
4.56342
4.59319
4.58053
4.58386
4.59192
4.58893
4.58554
4.57779
4.56695
4.57430
4.57854
4.57745
4.59068
4.56830
4.40852
4.35144
4.43781
4.51152
4.55367
4.56881
4.54034
4.43884
4.45611
4.52206
4.48707
4.39664
4.43336
4.53836
4.54456
4.54929
4.51789
4.39782
4.45310
4.52636
4.52023
4.51193
4.52745
4.49352
4.34297
4.38530
4.48949
4.50280
4.45776
4.31616
4.41387
4.52393
4.49653
4.39473
4.44025
4.50249
4.49494
4.48781
4.48791
4.48961
4.48881
4.48196
4.48174
4.48939
4.48177
4.46048
4.47871
4.48792
4.47583
4.46935
4.47314
4.46372
4.45486
4.47209
4.44028
4.33947
4.30638
4.32124
4.35916
