-0.00032
-0.00546
0.01075
-0.11213
0.04366
0.98841
1.14485
1.02168
1.03640
1.03406
1.04123
1.03434
1.03163
1.03133
1.03167
1.03357
1.03486
1.03011
1.03284
1.03390
1.03449
1.03779
1.03538
1.03546
1.02992
1.03243
1.03338
1.03110
1.03451
1.03524
1.03103
1.03166
1.03508
1.03433
1.03793
1.03434
1.02964
1.03035
1.03457
1.03623
1.03192
1.03373
1.03545
1.03781
1.03442
1.03455
1.03299
1.03977
1.03550
1.03116
1.03433
1.03898
1.03546
1.03465
1.03529
1.03801
1.03959
1.03604
1.03248
1.03297
1.03378
1.03413
1.03471
1.03561
1.03389
1.03681
1.03620
1.03310
1.03439
1.03455
1.03505
1.03598
1.03622
1.03448
1.03903
1.03567
1.03239
1.03786
1.03741
1.03896
1.03790
1.03406
1.03433
1.03399
1.03463
1.03513
1.03633
1.03847
1.03955
1.03817
1.03325
1.03441
1.03653
1.03471
1.03625
1.03204
1.03199
1.03416
1.03597
1.03752
