-0.00019
-0.00330
0.00651
-0.06780
0.02681
0.59662
0.68774
0.61667
0.63101
0.62796
0.62699
0.62409
0.62113
0.62282
0.62556
0.62363
0.62481
0.62627
0.62045
0.61793
0.62067
0.62292
0.61945
0.61615
0.61750
0.61451
0.61874
0.61948
0.61870
0.61716
0.61384
0.61610
0.61738
0.61533
0.61494
0.61451
0.61039
0.61052
0.61257
0.61283
0.61094
0.61122
0.61152
0.60856
0.60834
0.61166
0.61499
0.61888
0.62178
0.61192
0.60312
0.61005
0.61090
0.60631
0.60667
0.61257
0.61184
0.61029
0.61208
0.60955
0.60848
0.61034
0.60817
0.60629
0.60798
0.60310
0.60271
0.60199
0.59742
0.60051
0.60792
0.60793
0.60577
0.60249
0.60509
0.60571
0.60283
0.59919
0.59525
0.59718
0.59903
0.59690
0.59323
0.58793
0.58839
0.58725
0.58452
0.58932
0.58735
0.58304
0.58322
0.58786
0.58191
0.57940
0.58413
0.59163
0.59596
0.59630
0.59565
0.59276
