-0.00013
-0.00214
0.00421
-0.04387
0.01729
0.38600
0.44655
0.40092
0.40457
0.40142
0.40491
0.40297
0.40169
0.40318
0.40373
0.40294
0.40130
0.40097
0.40313
0.40022
0.40243
0.40391
0.40363
0.40424
0.40300
0.40241
0.40183
0.40020
0.39980
0.40195
0.40094
0.40133
0.40401
0.40116
0.39917
0.39975
0.40059
0.40067
0.40041
0.39985
0.40112
0.40197
0.39947
0.39786
0.39915
0.39902
0.40130
0.40113
0.39727
0.39733
0.40131
0.40010
0.39797
0.39868
0.39785
0.39548
0.39965
0.39776
0.39765
0.39895
0.39837
0.39809
0.39784
0.39739
0.39837
0.39521
0.39657
0.40045
0.39742
0.39397
0.39623
0.39609
0.39697
0.39612
0.39737
0.39574
0.39474
0.39905
0.39471
0.39333
0.39635
0.39570
0.39517
0.39396
0.39572
0.39565
0.39436
0.39420
0.39312
0.39288
0.39348
0.39417
0.39585
0.39282
0.39164
0.39225
0.39439
0.39387
0.39119
0.39056
