-0.00161
-0.02749
0.05411
-0.56438
0.21955
4.97512
5.76476
5.14349
5.22338
5.19560
5.18391
5.18425
5.17998
5.17970
5.18216
5.16780
5.16358
5.15990
5.15949
5.15932
5.15016
5.15084
5.14472
5.14197
5.13972
5.13213
5.13621
5.13024
5.12649
5.12548
5.11659
5.11691
5.10819
5.10407
5.10212
5.09324
5.09629
5.08919
5.08297
5.08173
5.07741
5.08466
5.07974
5.07197
5.07275
5.06419
5.05978
5.05154
5.04688
5.04786
5.03983
5.04080
5.03613
5.03247
5.02958
5.02426
5.02619
5.01886
5.01612
5.01537
5.00882
5.00924
5.00017
4.99536
4.99519
4.98778
4.98741
4.98307
4.98102
4.97725
4.96758
4.96807
4.96202
4.96166
4.96094
4.95296
4.95055
4.94286
4.94105
4.94036
4.93346
4.92853
4.91756
4.91711
4.91582
4.90881
4.90986
4.90104
4.89980
4.89811
4.89247
4.88852
4.88332
4.88475
4.87898
4.87098
4.87160
4.86572
4.86921
4.86293
