-0.00143
-0.02433
0.04792
-0.49959
0.19487
4.40331
5.09762
4.54730
4.61758
4.59355
4.58969
4.58895
4.58635
4.58487
4.58402
4.58121
4.58236
4.58024
4.57897
4.57866
4.57552
4.57551
4.57112
4.56953
4.57030
4.56789
4.56815
4.56540
4.56426
4.56381
4.56064
4.55897
4.55488
4.55496
4.55523
4.55115
4.55073
4.54841
4.54660
4.54659
4.54497
4.54440
4.54183
4.54105
4.53991
4.53678
4.53594
4.53352
4.53343
4.53233
4.52897
4.52821
4.52586
4.52662
4.52504
4.52171
4.52158
4.51957
4.51794
4.51627
4.51482
4.51429
4.51039
4.50967
4.50833
4.50703
4.50655
4.50098
4.50086
4.50189
4.49842
4.49812
4.49637
4.49352
4.49293
4.49178
4.49052
4.48785
4.48697
4.48442
4.48167
4.48143
4.47908
4.47778
4.47657
4.47413
4.47305
4.47101
4.46967
4.46742
4.46590
4.46528
4.46270
4.46365
4.45978
4.45705
4.45766
4.45480
4.45665
4.45508
