-0.00105
-0.01800
0.03542
-0.36941
0.14381
3.25617
3.77195
3.36600
3.41902
3.40386
3.40370
3.40704
3.41169
3.41155
3.41200
3.41454
3.41582
3.41805
3.42189
3.42347
3.42422
3.42698
3.42909
3.43043
3.42933
3.42862
3.43282
3.43738
3.43754
3.43856
3.44157
3.44317
3.44591
3.44640
3.44520
3.44852
3.45122
3.45152
3.45153
3.45594
3.45918
3.45739
3.45592
3.45443
3.45496
3.45974
3.45499
3.44498
3.43648
3.43835
3.43667
3.42579
3.42276
3.41829
3.41489
3.41191
3.42338
3.41993
3.39991
3.39524
3.39294
3.38304
3.37679
3.36916
3.34966
3.33354
3.32034
3.31915
3.31819
3.30781
3.29722
3.29345
3.29568
3.29404
3.29574
3.29661
3.29890
3.30241
3.30424
3.31063
3.31843
3.32043
3.32203
3.32455
3.32742
3.32814
3.33220
3.33388
3.33311
3.33864
3.34030
3.34542
3.35080
3.35165
3.35117
3.35587
3.35552
3.35704
3.36387
3.36460
