-0.00124
-0.02125
0.04182
-0.43615
0.16984
3.84402
4.45351
3.97647
4.03670
4.01857
4.02287
4.02642
4.03297
4.03485
4.03693
4.03931
4.03978
4.04081
4.04470
4.04632
4.04702
4.05106
4.05441
4.05769
4.05932
4.05594
4.06326
4.07052
4.07119
4.07185
4.07287
4.07412
4.07705
4.08108
4.08443
4.08709
4.09028
4.09285
4.09419
4.10124
4.10496
4.10774
4.11587
4.12036
4.12356
4.13151
4.13283
4.13562
4.14112
4.14446
4.14544
4.14982
4.15328
4.15143
4.15614
4.16544
4.16481
4.16359
4.16890
4.16984
4.16625
4.16886
4.17332
4.18026
4.18486
4.18493
4.18609
4.18891
4.19066
4.18903
4.19192
4.19887
4.20437
4.20618
4.21051
4.21127
4.21203
4.21278
4.21545
4.22093
4.22397
4.22545
4.22342
4.21659
4.21716
4.21912
4.22984
4.23809
4.23839
4.24226
4.24608
4.25036
4.25754
4.25955
4.25707
4.26280
4.26636
4.26782
4.27275
4.27434
