-0.00007
-0.00121
0.00237
-0.02475
0.00944
0.21866
0.25473
0.22599
0.22789
0.22715
0.22703
0.22667
0.23144
0.23093
0.22894
0.22814
0.23200
0.22991
0.22914
0.23041
0.22954
0.23010
0.22900
0.22947
0.23673
0.23196
0.23040
0.22982
0.23155
0.23133
0.23027
0.23162
0.23268
0.23480
0.23439
0.23145
0.23189
0.23366
0.23385
0.23150
0.22879
0.23254
0.23365
0.23333
0.23325
0.23343
0.23642
0.23500
0.23372
0.23398
0.23466
0.23486
0.23779
0.23530
0.23774
0.23805
0.23782
0.23525
0.23670
0.23989
0.23840
0.23438
0.23455
0.23519
0.23703
0.23674
0.23535
0.23698
0.23688
0.23722
0.23864
0.24007
0.23871
0.24076
0.24259
0.24272
0.24118
0.23654
0.23684
0.23850
0.23838
0.24089
0.24161
0.24101
0.24150
0.23908
0.24089
0.24001
0.24041
0.24088
0.24217
0.24320
0.24323
0.24217
0.24062
0.24239
0.24370
0.24118
0.24267
0.24466
