-0.00083
-0.01421
0.02803
-0.29197
0.11474
2.57099
2.97112
2.65684
2.70079
2.68706
2.68725
2.69017
2.69042
2.68872
2.69154
2.69736
2.69722
2.69798
2.69862
2.69897
2.70342
2.70309
2.70455
2.70879
2.70763
2.70420
2.70274
2.70560
2.70910
2.71324
2.71442
2.71257
2.71599
2.71966
2.71790
2.71825
2.72360
2.72575
2.72264
2.72787
2.72839
2.73026
2.73435
2.73060
2.73084
2.73623
2.73540
2.73143
2.73586
2.73669
2.73879
2.74246
2.74450
2.74792
2.74983
2.74958
2.75229
2.75542
2.75272
2.75378
2.75512
2.75714
2.75925
2.75522
2.75427
2.76245
2.76282
2.76157
2.76068
2.76095
2.76723
2.77304
2.76865
2.76844
2.77149
2.77639
2.77206
2.77351
2.77590
2.77701
2.77945
2.78368
2.78643
2.78286
2.78184
2.79048
2.78910
2.78821
2.78832
2.78910
2.79239
2.79311
2.79482
2.79825
2.79336
2.79365
2.79686
2.79804
2.80240
2.80512
