-0.00083
-0.01414
0.02787
-0.29046
0.11357
2.55887
2.96084
2.64599
2.69020
2.67999
2.68296
2.68269
2.68475
2.68270
2.68323
2.68898
2.69204
2.69335
2.69396
2.69685
2.70141
2.69632
2.69707
2.70094
2.70271
2.70546
2.70412
2.70434
2.70709
2.71027
2.71367
2.71214
2.71510
2.71674
2.71590
2.71909
2.72075
2.72378
2.72298
2.72458
2.72981
2.72889
2.73072
2.73336
2.73129
2.73343
2.73238
2.73461
2.73632
2.73851
2.74198
2.74330
2.74739
2.74685
2.74688
2.75149
2.75159
2.75244
2.75406
2.75512
2.75904
2.75855
2.76015
2.75775
2.76055
2.76463
2.76357
2.76617
2.76826
2.76935
2.77004
2.77365
2.77557
2.77700
2.77745
2.77853
2.78038
2.78180
2.78359
2.78591
2.78632
2.78999
2.79241
2.79309
2.79660
2.79410
2.79466
2.79950
2.80007
2.79776
2.80087
2.80446
2.80682
2.80736
2.80543
2.80555
2.80814
2.81087
2.81320
2.81593
