-0.00039
-0.00670
0.01315
-0.13747
0.05278
1.21233
1.41130
1.26299
1.28476
1.28276
1.27240
1.26831
1.28886
1.30401
1.29702
1.27647
1.24782
1.23956
1.26170
1.25233
1.24561
1.27694
1.28204
1.26880
1.27484
1.28268
1.31862
1.32025
1.32298
1.29498
1.26974
1.29693
1.31045
1.28858
1.29670
1.30423
1.28942
1.29910
1.30809
1.28615
1.27457
1.29061
1.27900
1.28703
1.32263
1.34000
1.36342
1.35276
1.34305
1.33639
1.33302
1.31614
1.29892
1.31094
1.32390
1.30244
1.30387
1.31518
1.31416
1.30907
1.30463
1.31469
1.34287
1.35989
1.34282
1.34078
1.34819
1.35198
1.35531
1.35389
1.33824
1.32198
1.33333
1.34398
1.34140
1.36250
1.35298
1.33960
1.34342
1.35322
1.34656
1.32042
1.31678
1.33536
1.34688
1.35865
1.35740
1.35061
1.36122
1.39132
1.37640
1.36181
1.35795
1.35982
1.37410
1.41094
1.41873
1.43455
1.40393
1.36905
