-0.00000
-0.00008
0.00015
-0.00157
0.00054
0.01400
0.01769
0.01396
0.00887
0.01257
0.01574
0.01296
0.01091
0.01168
0.01156
0.01169
0.00982
0.01272
0.01389
0.01782
0.01721
0.01336
0.01473
0.01126
0.01028
0.01357
0.01608
0.01288
0.01141
0.01357
0.01579
0.01456
0.01295
0.01690
0.01838
0.01355
0.01207
0.01366
0.01288
0.01763
0.01665
0.01269
0.01211
0.01530
0.01504
0.01261
0.01284
0.01275
0.01369
0.01540
0.01444
0.01209
0.01291
0.01397
0.01294
0.01370
0.01375
0.01390
0.01381
0.01392
0.01286
0.01444
0.01447
0.01382
0.01323
0.01262
0.01455
0.01459
0.01385
0.01207
0.01006
0.01293
0.01686
0.01475
0.01325
0.01359
0.01322
0.01275
0.01147
0.01310
0.01502
0.01305
0.01109
0.01350
0.01431
0.01378
0.01677
0.01504
0.01294
0.01390
0.01371
0.01344
0.01618
0.01434
0.01296
0.01446
0.01698
0.01523
0.01521
0.01523
