-0.00100
-0.01711
0.03369
-0.35126
0.13689
3.09634
3.58464
3.19678
3.24890
3.23580
3.23919
3.24193
3.24214
3.24588
3.24742
3.24816
3.25094
3.24792
3.25494
3.25935
3.25858
3.26185
3.26456
3.26733
3.26719
3.26608
3.27095
3.27230
3.27193
3.26933
3.27273
3.27971
3.27903
3.28246
3.28641
3.28946
3.28815
3.28798
3.29395
3.29603
3.29585
3.29653
3.29880
3.30260
3.30592
3.31063
3.31361
3.31463
3.31928
3.32075
3.32104
3.32164
3.32403
3.32536
3.32778
3.32856
3.32781
3.33127
3.33327
3.33234
3.33653
3.33989
3.33992
3.34043
3.34151
3.34575
3.34963
3.34891
3.34780
3.35040
3.35517
3.35857
3.35544
3.35883
3.36258
3.36512
3.36670
3.36673
3.37066
3.37170
3.37175
3.37488
3.37617
3.37815
3.38115
3.38268
3.38470
3.38699
3.39039
3.39141
3.39352
3.39569
3.39667
3.39908
3.40325
3.40591
3.40354
3.40126
3.40351
3.40515
