-0.00054
-0.00915
0.01801
-0.18774
0.07314
1.65508
1.91608
1.70810
1.73637
1.72994
1.73149
1.73289
1.73301
1.73465
1.73395
1.73382
1.73616
1.73520
1.73651
1.73730
1.73719
1.73887
1.73938
1.74148
1.74273
1.74315
1.74499
1.74466
1.74418
1.74346
1.74359
1.74714
1.74673
1.74702
1.74863
1.74886
1.74929
1.74908
1.75051
1.75248
1.75209
1.75224
1.75246
1.75424
1.75602
1.75654
1.75908
1.75919
1.75972
1.76117
1.76102
1.76174
1.76220
1.76248
1.76292
1.76361
1.76360
1.76322
1.76497
1.76532
1.76579
1.76793
1.76856
1.76821
1.76841
1.77022
1.77170
1.77158
1.77140
1.77164
1.77311
1.77427
1.77341
1.77471
1.77554
1.77703
1.77819
1.77758
1.77876
1.77986
1.78007
1.78176
1.78096
1.78199
1.78305
1.78288
1.78411
1.78556
1.78707
1.78734
1.78755
1.78880
1.78958
1.78998
1.79130
1.79211
1.79164
1.79068
1.79172
1.79243
