-0.00155
-0.02640
0.05199
-0.54206
0.21145
4.77680
5.53078
4.93791
5.01858
4.99953
4.99570
4.99425
4.99560
4.99881
4.99730
5.00078
4.99806
4.99603
5.00526
5.01047
5.00741
5.00160
4.99999
5.00237
5.00401
5.00744
5.01082
5.01391
5.00862
5.00425
5.00381
5.00391
5.00788
5.01310
5.01471
5.00916
5.00443
5.01103
5.01561
5.01903
5.01886
5.01906
5.01614
5.01915
5.01540
5.01887
5.01987
5.01761
5.01704
5.01763
5.01749
5.01746
5.02232
5.02205
5.01976
5.01936
5.01768
5.02404
5.02125
5.01797
5.02676
5.02917
5.02867
5.02973
5.02859
5.02768
5.03285
5.03519
5.03472
5.03550
5.03349
5.03287
5.03489
5.03868
5.03827
5.03646
5.03669
5.04373
5.04544
5.04610
5.04015
5.04218
5.04298
5.04293
5.04566
5.04489
5.04494
5.04430
5.05010
5.05472
5.04642
5.04646
5.04460
5.04664
5.04880
5.05140
5.05532
5.05691
5.05669
5.05605
