-0.00095
-0.01623
0.03193
-0.33311
0.12955
2.93627
3.40222
3.03733
3.08781
3.07610
3.07787
3.07755
3.07683
3.07983
3.08278
3.08887
3.08742
3.08329
3.09049
3.09609
3.09724
3.09314
3.09349
3.09952
3.10086
3.10272
3.10824
3.11086
3.10498
3.10075
3.10108
3.10671
3.11083
3.11446
3.11679
3.11573
3.11451
3.11946
3.12327
3.12503
3.12297
3.12572
3.12827
3.12961
3.12985
3.12983
3.13013
3.13189
3.13267
3.13288
3.13881
3.13652
3.13857
3.14160
3.14299
3.14008
3.14134
3.14709
3.14549
3.14663
3.14980
3.15289
3.15560
3.15998
3.15836
3.15765
3.16163
3.16490
3.16662
3.16735
3.16814
3.16753
3.16894
3.17553
3.17576
3.17366
3.17667
3.18147
3.18243
3.18726
3.18646
3.18552
3.18821
3.18704
3.19318
3.19461
3.19521
3.19539
3.19901
3.20292
3.20384
3.20137
3.19987
3.20531
3.20773
3.20678
3.20941
3.21190
3.21634
3.21463
