-0.00001
-0.00018
0.00030
-0.00348
0.00027
0.03376
0.04527
0.03241
0.03349
0.03663
0.03350
0.02794
0.03814
0.05601
0.03620
0.03359
0.04555
0.03314
0.03381
0.04640
0.03282
0.03660
0.04982
0.03771
0.03115
0.03777
0.04780
0.03907
0.03799
0.04114
0.04859
0.03662
0.03664
0.03664
0.03816
0.05098
0.03957
0.03799
0.03746
0.04575
0.03447
0.02764
0.03915
0.04533
0.03332
0.03435
0.03823
0.04008
0.04533
0.03637
0.03266
0.03888
0.03614
0.03448
0.03429
0.03572
0.04028
0.03119
0.02844
0.03696
0.03879
0.03443
0.03882
0.03840
0.03066
0.04000
0.04009
0.03469
0.03333
0.04116
0.04288
0.03371
0.03883
0.04112
0.04998
0.03775
0.03357
0.03752
0.03663
0.03943
0.03632
0.03691
0.03730
0.04717
0.03830
0.03846
0.04116
0.03689
0.04509
0.04086
0.03593
0.03996
0.03821
0.03819
0.03100
0.03891
0.04156
0.03143
0.03393
0.03393
