-0.00247
-0.04222
0.08314
-0.86687
0.33812
7.63983
8.84490
7.89465
8.02044
7.98039
7.97800
7.97853
7.97853
7.97883
7.97891
7.97900
7.97891
7.97907
7.97955
7.97963
7.97954
7.97994
7.97980
7.97970
7.97980
7.97970
7.97958
7.97894
7.97836
7.97788
7.97803
7.97801
7.97763
7.97777
7.97803
7.97869
7.97960
7.98011
7.98077
7.98084
7.98068
7.98010
7.97948
7.97954
7.97974
7.97964
7.97968
7.97963
7.97968
7.97934
7.97956
7.97948
7.97949
7.97955
7.97928
7.97977
7.98009
7.97982
7.97946
7.97953
7.97975
7.97977
7.97951
7.98008
7.97998
7.98015
7.98025
7.98041
7.98047
7.98022
7.98034
7.98077
7.98092
7.98048
7.98067
7.98094
7.98074
7.98100
7.98119
7.98067
7.98038
7.97988
7.97972
7.97906
7.97869
7.97880
7.97895
7.97908
7.97952
7.97985
7.98053
7.98143
7.98156
7.98137
7.98069
7.98027
7.98028
7.98004
7.98005
7.98005
