-0.00115
-0.01969
0.03876
-0.40428
0.15732
3.56323
4.12826
3.68669
3.74789
3.73158
3.73173
3.73371
3.73569
3.73963
3.74141
3.74200
3.74090
3.74382
3.74717
3.74615
3.74950
3.75209
3.75426
3.75756
3.75662
3.75997
3.76410
3.76597
3.76768
3.76857
3.76956
3.77470
3.77702
3.77864
3.77928
3.78084
3.78454
3.78658
3.78953
3.79179
3.79313
3.79569
3.79766
3.79837
3.80026
3.80418
3.80706
3.80740
3.80899
3.81022
3.81159
3.81546
3.81845
3.81967
3.81934
3.82061
3.82499
3.82552
3.82825
3.83214
3.83502
3.83534
3.83476
3.83491
3.83619
3.83941
3.84331
3.84720
3.85076
3.85150
3.85560
3.85646
3.85567
3.86019
3.86085
3.86147
3.86531
3.86862
3.87082
3.87114
3.87229
3.87480
3.87638
3.87927
3.88161
3.88406
3.88548
3.88622
3.88993
3.89274
3.89372
3.89485
3.89715
3.90065
3.90211
3.90534
3.90637
3.90560
3.90559
3.90683
