-0.00014
-0.00237
0.00467
-0.04870
0.01891
0.42943
0.49738
0.44405
0.45236
0.44961
0.45072
0.44987
0.44916
0.44987
0.44976
0.45045
0.44983
0.45038
0.45149
0.45136
0.45120
0.45060
0.45086
0.45201
0.45169
0.45251
0.45351
0.45230
0.45616
0.45581
0.45414
0.45104
0.45359
0.45452
0.45242
0.45102
0.45202
0.45535
0.45706
0.45663
0.45362
0.45421
0.45648
0.45772
0.45843
0.45785
0.45587
0.45556
0.45777
0.45717
0.45738
0.45838
0.45814
0.45976
0.45879
0.45610
0.45704
0.45725
0.45825
0.45967
0.46026
0.45962
0.45744
0.46163
0.46123
0.45976
0.45959
0.46191
0.46333
0.46229
0.46177
0.46223
0.46121
0.46328
0.46430
0.46085
0.46212
0.46262
0.46366
0.46289
0.46205
0.46334
0.46391
0.46385
0.46252
0.46345
0.46475
0.46657
0.46569
0.46448
0.46433
0.46536
0.46489
0.46618
0.46581
0.46537
0.46356
0.46551
0.46585
0.46424
