-0.00019
-0.00320
0.00659
-0.06676
0.03147
0.57753
0.62933
0.57400
0.58390
0.56700
0.57224
0.57744
0.58018
0.58728
0.57437
0.58322
0.58770
0.58401
0.59154
0.59123
0.58322
0.59967
0.65978
0.63689
0.56971
0.58097
0.58286
0.56564
0.55949
0.56908
0.58148
0.57156
0.60047
0.63828
0.62286
0.56499
0.54520
0.54810
0.54176
0.56932
0.58177
0.60213
0.56687
0.55013
0.52681
0.49020
0.52695
0.57945
0.61689
0.60758
0.53888
0.53014
0.54694
0.55968
0.56053
0.54831
0.56078
0.54712
0.55101
0.56120
0.54243
0.55562
0.54870
0.53940
0.56723
0.57923
0.57614
0.57804
0.58067
0.57833
0.57338
0.54894
0.52207
0.52811
0.55026
0.54460
0.52618
0.51961
0.51047
0.51632
0.51759
0.51775
0.51734
0.53409
0.54369
0.55196
0.53458
0.52416
0.53026
0.53358
0.51988
0.52643
0.54406
0.52596
0.51705
0.51185
0.50733
0.52116
0.51879
0.50093
