-0.00098
-0.01676
0.03297
-0.34395
0.13362
3.03299
3.51466
3.13183
3.17783
3.15869
3.15342
3.15034
3.15080
3.14692
3.14285
3.14236
3.13814
3.13631
3.13356
3.12966
3.13055
3.12705
3.11799
3.12029
3.12060
3.11641
3.11562
3.11370
3.11244
3.10994
3.10485
3.10421
3.09823
3.09186
3.08997
3.09518
3.09563
3.08948
3.08931
3.08459
3.07978
3.07619
3.07773
3.07639
3.07661
3.07746
3.07223
3.06448
3.05764
3.05654
3.06203
3.05894
3.05366
3.05014
3.04963
3.04864
3.04409
3.04429
3.04159
3.03811
3.03664
3.03205
3.03016
3.02749
3.02218
3.02013
3.01737
3.01326
3.01240
3.01116
3.00825
3.00596
3.00764
3.00714
3.00040
2.99844
2.99826
2.99508
2.99313
2.99042
2.98553
2.98348
2.98182
2.97696
2.97341
2.97109
2.97142
2.97244
2.96941
2.96612
2.96416
2.96279
2.95830
2.95585
2.95545
2.95387
2.94950
2.94864
2.94690
2.94510
