-0.00130
-0.02226
0.04384
-0.45700
0.17845
4.02761
4.66105
4.15763
4.22177
4.20054
4.19923
4.19673
4.19349
4.19238
4.19230
4.18847
4.18726
4.18545
4.18360
4.18196
4.17824
4.17468
4.17187
4.17093
4.17370
4.17127
4.16900
4.16960
4.16742
4.16502
4.16300
4.16020
4.15848
4.15493
4.15247
4.15328
4.15122
4.15113
4.14987
4.14748
4.14627
4.14236
4.14214
4.14079
4.13880
4.13899
4.13568
4.13136
4.12794
4.12586
4.12630
4.12492
4.12381
4.12133
4.11775
4.11893
4.11886
4.11688
4.11470
4.11260
4.11192
4.10968
4.10794
4.10634
4.10258
4.09874
4.09743
4.09611
4.09351
4.09114
4.09038
4.08924
4.09022
4.08787
4.08489
4.08312
4.07978
4.07872
4.07798
4.07653
4.07474
4.07010
4.07007
4.06837
4.06473
4.06296
4.06224
4.06110
4.06010
4.05797
4.05698
4.05350
4.05066
4.05226
4.05221
4.04903
4.04805
4.04514
4.04353
4.04382
