-0.00053
-0.00896
0.01771
-0.18435
0.07366
1.61764
1.87349
1.69295
1.69086
1.65557
1.60696
1.61418
1.64003
1.62927
1.57595
1.59294
1.61099
1.62536
1.61306
1.58915
1.60111
1.61066
1.59903
1.60095
1.62101
1.61970
1.56847
1.56190
1.56390
1.57115
1.58006
1.64722
1.63143
1.63915
1.66262
1.62849
1.64827
1.65914
1.66913
1.65285
1.56949
1.51597
1.55906
1.55847
1.59368
1.60429
1.60177
1.64391
1.64035
1.56425
1.54352
1.49022
1.49027
1.64446
1.67197
1.62447
1.54195
1.49477
1.53089
1.54574
1.52788
1.53462
1.55136
1.59078
1.65034
1.66251
1.63378
1.64900
1.62653
1.52103
1.47947
1.48218
1.54049
1.52186
1.53674
1.63251
1.64348
1.64149
1.61957
1.64422
1.65416
1.64137
1.65426
1.67274
1.65807
1.57026
1.56588
1.63006
1.69044
1.70286
1.64773
1.63570
1.66922
1.65887
1.66511
1.67172
1.68996
1.68333
1.66014
1.67070
