-0.00002
-0.00031
0.00059
-0.00634
0.00200
0.05662
0.06904
0.06063
0.06476
0.07306
0.07019
0.06647
0.06593
0.06630
0.07082
0.06329
0.05949
0.06802
0.05768
0.05510
0.06817
0.07250
0.06303
0.05949
0.06419
0.06510
0.06378
0.06186
0.05926
0.05920
0.06125
0.06364
0.06014
0.06540
0.06837
0.07308
0.06642
0.06426
0.06313
0.06392
0.05860
0.05503
0.05927
0.07972
0.06727
0.05391
0.06060
0.06223
0.06908
0.06700
0.05915
0.07230
0.07065
0.06874
0.07503
0.07735
0.07142
0.06489
0.06854
0.07645
0.07040
0.06609
0.06762
0.05962
0.05987
0.06521
0.06253
0.06439
0.07413
0.07667
0.06312
0.06816
0.07375
0.07341
0.07907
0.07242
0.06070
0.06149
0.06277
0.06296
0.06678
0.07426
0.06765
0.06832
0.07412
0.06540
0.07327
0.08137
0.07094
0.06795
0.06613
0.06680
0.06987
0.07375
0.07403
0.07194
0.07122
0.06902
0.06839
0.07288
