-0.00001
-0.00011
0.00023
-0.00230
0.00112
0.02030
0.02143
0.01472
0.01609
0.02334
0.02077
0.02229
0.01640
0.01887
0.01777
0.01552
0.01966
0.01779
0.01589
0.01883
0.01821
0.02197
0.02051
0.02182
0.01884
0.02055
0.01914
0.01603
0.02308
0.02291
0.02114
0.01964
0.02449
0.02037
0.02696
0.02445
0.02073
0.02291
0.02002
0.01896
0.02306
0.02952
0.02687
0.01820
0.01845
0.01944
0.02275
0.02225
0.01772
0.02462
0.02557
0.02489
0.02431
0.02324
0.02354
0.02372
0.02179
0.01788
0.01615
0.02232
0.02426
0.01893
0.01295
0.01726
0.01758
0.02081
0.02209
0.02329
0.02825
0.01929
0.02066
0.01684
0.01900
0.01731
0.01690
0.01688
0.01403
0.01603
0.01957
0.01639
0.01756
0.02522
0.02354
0.01791
0.02003
0.01749
0.02091
0.01706
0.02480
0.02703
0.02062
0.01693
0.02122
0.02700
0.02823
0.02275
0.01882
0.01648
0.01971
0.02380
