-0.00205
-0.03507
0.06906
-0.72003
0.28073
6.34603
7.34790
6.55748
6.66147
6.63001
6.62811
6.62828
6.62738
6.62804
6.62832
6.62814
6.62956
6.62969
6.62995
6.62991
6.62875
6.62946
6.62875
6.62902
6.62926
6.62919
6.62978
6.62870
6.62934
6.62991
6.62929
6.63039
6.63135
6.63189
6.63188
6.63241
6.63306
6.63200
6.63173
6.63089
6.63031
6.63155
6.63128
6.63148
6.63205
6.63092
6.63180
6.63167
6.63161
6.63219
6.63180
6.63253
6.63183
6.63147
6.63266
6.63181
6.63218
6.63289
6.63203
6.63259
6.63257
6.63363
6.63362
6.63325
6.63336
6.63287
6.63404
6.63317
6.63285
6.63376
6.63277
6.63294
6.63277
6.63311
6.63351
6.63245
6.63412
6.63361
6.63373
6.63404
6.63276
6.63366
6.63381
6.63348
6.63354
6.63316
6.63386
6.63308
6.63340
6.63392
6.63320
6.63374
6.63325
6.63302
6.63303
6.63267
6.63391
6.63330
6.63283
6.63285
