-0.00005
-0.00089
0.00176
-0.01822
0.00723
0.16128
0.18291
0.15822
0.16766
0.16864
0.16997
0.17061
0.16366
0.17276
0.16988
0.17469
0.17644
0.17798
0.17383
0.16954
0.17347
0.16923
0.17231
0.17512
0.17140
0.17845
0.17270
0.17407
0.18670
0.16834
0.15910
0.17222
0.17592
0.18477
0.18476
0.18359
0.18360
0.17848
0.17388
0.17462
0.17136
0.17117
0.17273
0.17501
0.16457
0.17021
0.16941
0.16584
0.17690
0.16646
0.16070
0.17387
0.17096
0.17041
0.16691
0.16236
0.17269
0.17892
0.17538
0.16341
0.17393
0.17597
0.17141
0.16316
0.17249
0.18294
0.17557
0.17104
0.17187
0.16947
0.16712
0.17928
0.17787
0.17453
0.17690
0.17535
0.17028
0.16577
0.16573
0.16341
0.16770
0.17516
0.17994
0.18344
0.18153
0.18066
0.18393
0.19024
0.17732
0.18166
0.17755
0.16836
0.17009
0.17026
0.17535
0.16684
0.16108
0.17418
0.17256
0.16753
