-0.00153
-0.02606
0.05131
-0.53503
0.20866
4.71513
5.45968
4.87422
4.95010
4.92678
4.92835
4.92597
4.92829
4.93333
4.93356
4.92792
4.93060
4.93459
4.93389
4.93219
4.93309
4.93345
4.93317
4.93451
4.93653
4.93378
4.93516
4.93618
4.93520
4.93617
4.93587
4.93460
4.93903
4.94078
4.94120
4.94082
4.94087
4.94142
4.94168
4.94210
4.94168
4.94166
4.94471
4.94790
4.94699
4.94715
4.94279
4.94700
4.94998
4.94775
4.94779
4.95055
4.95065
4.94771
4.94965
4.95458
4.95272
4.95227
4.95369
4.95505
4.95685
4.95717
4.95561
4.95998
4.96190
4.95985
4.95877
4.96005
4.95968
4.95989
4.96021
4.96123
4.96073
4.96364
4.97006
4.96142
4.96075
4.96344
4.96322
4.96004
4.96576
4.96737
4.96676
4.97063
4.97070
4.96869
4.96779
4.97088
4.96764
4.97022
4.97436
4.97169
4.96973
4.97051
4.97397
4.97394
4.97394
4.97374
4.97442
4.97614
