-0.00125
-0.02135
0.04205
-0.43839
0.17092
3.86412
4.47350
3.99025
4.05285
4.03196
4.03073
4.02917
4.02766
4.02728
4.02640
4.02739
4.02645
4.02079
4.02100
4.02175
4.02077
4.01718
4.01543
4.01093
4.01290
4.01343
4.01058
4.00845
4.00685
4.00704
4.00504
4.00715
4.00518
3.99979
3.99969
3.99917
3.99828
3.99467
3.99352
3.99358
3.99158
3.99058
3.98914
3.98755
3.98661
3.98424
3.98466
3.98396
3.98116
3.98018
3.97780
3.97738
3.97890
3.97478
3.97292
3.97331
3.96956
3.96854
3.96768
3.96716
3.96701
3.96217
3.96321
3.96012
3.95760
3.95863
3.95762
3.95589
3.95303
3.95171
3.95056
3.94755
3.95074
3.95028
3.94548
3.94400
3.94195
3.94126
3.93887
3.93674
3.93524
3.93516
3.93211
3.93090
3.93061
3.92761
3.92852
3.92723
3.92529
3.92325
3.92126
3.92062
3.91996
3.92004
3.91904
3.91831
3.91780
3.91370
3.91169
3.90990
