-0.00062
-0.01059
0.02080
-0.21730
0.08402
1.91444
2.22577
1.99693
2.03079
2.03497
2.02375
1.99613
2.00831
2.02083
2.04102
2.05128
2.04322
2.00892
2.00113
2.00824
2.01226
2.04943
2.04920
2.03514
2.04960
2.06607
2.06386
2.08473
2.10159
2.07679
2.01552
2.02067
2.05469
2.06079
2.02693
2.01353
2.01703
2.02238
2.03740
2.05599
2.04217
2.03790
2.03651
2.02546
2.02194
2.02509
2.05565
2.05966
2.05203
2.04368
2.02617
2.02116
2.03526
2.03790
2.04520
2.02374
2.02152
2.03490
2.02650
2.03749
2.04585
2.02192
2.03405
2.04761
2.05183
2.09036
2.07728
2.07365
2.08483
2.07366
2.07182
2.08128
2.06400
2.05761
2.01771
2.02751
2.06840
2.06445
2.06015
2.06913
2.06342
2.06788
2.06222
2.04200
2.02306
2.00511
2.00769
2.03264
2.05171
2.04557
2.02453
2.03825
2.08641
2.06253
2.05381
2.06756
2.06229
2.03072
2.01058
2.00567
