-0.00035
-0.00602
0.01186
-0.12359
0.04823
1.08929
1.26085
1.12488
1.14222
1.13491
1.13364
1.13502
1.13585
1.13601
1.13470
1.13519
1.13505
1.13423
1.13519
1.13484
1.13468
1.13324
1.13210
1.13078
1.13126
1.13102
1.13082
1.13186
1.13255
1.13026
1.13045
1.13066
1.13002
1.12936
1.13034
1.13044
1.12936
1.12987
1.12935
1.12816
1.12832
1.12893
1.12715
1.12630
1.12651
1.12709
1.12534
1.12488
1.12545
1.12499
1.12749
1.12589
1.12412
1.12545
1.12490
1.12520
1.12569
1.12381
1.12322
1.12259
1.12236
1.12214
1.12153
1.12301
1.12232
1.11978
1.12005
1.11917
1.11961
1.12031
1.11893
1.11861
1.11865
1.11829
1.11855
1.11847
1.11809
1.11785
1.11731
1.11697
1.11807
1.11610
1.11579
1.11647
1.11544
1.11419
1.11347
1.11325
1.11411
1.11427
1.11458
1.11352
1.11206
1.11247
1.11247
1.11124
1.11079
1.11190
1.11194
1.11137
