-0.00191
-0.03256
0.06412
-0.66853
0.26073
5.89159
6.82160
6.09006
6.18639
6.15629
6.15559
6.15608
6.15708
6.15651
6.15686
6.15668
6.15783
6.15805
6.15814
6.15924
6.16039
6.16141
6.16120
6.16163
6.16185
6.16261
6.16318
6.16253
6.16211
6.16358
6.16447
6.16547
6.16581
6.16641
6.16736
6.16679
6.16629
6.16772
6.16869
6.16967
6.16961
6.16993
6.17052
6.16903
6.17140
6.17236
6.17321
6.17333
6.17366
6.17530
6.17539
6.17485
6.17478
6.17551
6.17631
6.17614
6.17698
6.17844
6.17810
6.17924
6.17948
6.17931
6.18020
6.18076
6.18124
6.18046
6.18096
6.18308
6.18202
6.18273
6.18368
6.18337
6.18521
6.18416
6.18476
6.18603
6.18609
6.18632
6.18659
6.18727
6.18674
6.18739
6.18974
6.18915
6.18846
6.18848
6.18993
6.19093
6.18981
6.19140
6.19103
6.19073
6.19261
6.19289
6.19306
6.19296
6.19392
6.19531
6.19473
6.19526
