-0.00005
-0.00079
0.00155
-0.01614
0.00624
0.14238
0.16546
0.14696
0.14972
0.15056
0.14683
0.14718
0.14579
0.14805
0.14810
0.14862
0.14790
0.15340
0.16146
0.14722
0.14402
0.14463
0.14837
0.15316
0.15193
0.15155
0.15065
0.14654
0.14419
0.14641
0.15106
0.14969
0.14934
0.15515
0.15122
0.14679
0.15064
0.15242
0.14887
0.15252
0.15129
0.15195
0.14955
0.15102
0.14808
0.14732
0.14897
0.15336
0.15109
0.15435
0.15051
0.14902
0.14835
0.15420
0.14981
0.14496
0.14810
0.15254
0.14960
0.15036
0.15014
0.14972
0.15102
0.14761
0.14727
0.14917
0.14617
0.14474
0.14562
0.14395
0.14890
0.15788
0.15063
0.15363
0.15085
0.14505
0.14587
0.14960
0.14972
0.14501
0.14490
0.14853
0.15335
0.15139
0.15328
0.14643
0.15454
0.16562
0.16343
0.15507
0.15408
0.14769
0.14685
0.14726
0.14505
0.14919
0.15451
0.14746
0.14474
0.15168
