-0.00169
-0.02883
0.05678
-0.59195
0.23093
5.21689
6.03962
5.39003
5.47423
5.44655
5.44385
5.44339
5.44275
5.44201
5.44133
5.43909
5.43867
5.43878
5.43716
5.43670
5.43595
5.43544
5.43459
5.43372
5.43349
5.43184
5.43063
5.43082
5.42865
5.42802
5.42692
5.42706
5.42619
5.42510
5.42414
5.42346
5.42274
5.42152
5.42027
5.41962
5.41893
5.41794
5.41633
5.41594
5.41567
5.41452
5.41417
5.41370
5.41228
5.41120
5.41114
5.41021
5.40818
5.40730
5.40644
5.40467
5.40375
5.40362
5.40282
5.40275
5.40171
5.40046
5.39967
5.39859
5.39821
5.39689
5.39521
5.39405
5.39333
5.39306
5.39204
5.39085
5.39016
5.38930
5.38898
5.38734
5.38659
5.38636
5.38505
5.38464
5.38365
5.38237
5.38103
5.37957
5.37878
5.37822
5.37768
5.37659
5.37455
5.37322
5.37206
5.37156
5.37106
5.36955
5.36969
5.36776
5.36578
5.36636
5.36519
5.36434
