-0.00027
-0.00469
0.00923
-0.09623
0.03764
0.84773
0.98100
0.87686
0.89116
0.88672
0.88566
0.88481
0.88438
0.88298
0.88253
0.88774
0.88538
0.88230
0.88167
0.88296
0.88354
0.88431
0.88251
0.88258
0.88075
0.88246
0.88351
0.87990
0.88275
0.88340
0.88238
0.88030
0.87964
0.87814
0.87860
0.87979
0.87877
0.88011
0.88111
0.87728
0.87740
0.87883
0.87961
0.87681
0.87587
0.87647
0.87794
0.87529
0.87725
0.88090
0.87547
0.87638
0.87906
0.87550
0.87605
0.87481
0.87380
0.87491
0.87405
0.87463
0.87716
0.87643
0.87466
0.87535
0.87489
0.87458
0.87455
0.87264
0.87134
0.87146
0.87102
0.86988
0.87165
0.87125
0.87082
0.87100
0.87057
0.87034
0.87149
0.87006
0.86826
0.86984
0.87109
0.87078
0.87095
0.86936
0.86844
0.86635
0.86874
0.87136
0.86935
0.86877
0.86710
0.86850
0.86814
0.86699
0.86756
0.86780
0.86678
0.86697
