-0.00127
-0.02167
0.04269
-0.44493
0.17415
3.92000
4.53434
4.04804
4.11117
4.09040
4.08906
4.08985
4.08958
4.09108
4.09203
4.09407
4.09185
4.08951
4.09411
4.09464
4.09215
4.09416
4.09258
4.09357
4.09586
4.09880
4.09980
4.10114
4.09905
4.09956
4.09932
4.09506
4.09496
4.10068
4.10220
4.09938
4.09837
4.09804
4.09881
4.09971
4.09616
4.10447
4.10361
4.09940
4.10609
4.10599
4.10265
4.10000
4.10116
4.10388
4.10619
4.10556
4.10895
4.10772
4.10948
4.11057
4.10783
4.10975
4.11199
4.10763
4.10837
4.11217
4.11154
4.10888
4.10711
4.10933
4.10869
4.10960
4.11329
4.11298
4.11177
4.11356
4.11206
4.11082
4.11119
4.11362
4.11329
4.11510
4.11539
4.11230
4.11203
4.11279
4.11325
4.11476
4.11649
4.11803
4.11750
4.11854
4.11654
4.11776
4.11982
4.11998
4.12069
4.11683
4.11663
4.12456
4.12712
4.11843
4.11567
4.12346
