-0.00046
-0.00788
0.01539
-0.16149
0.06096
1.42349
1.66570
1.51118
1.55488
1.54389
1.53518
1.52671
1.53929
1.54177
1.51648
1.51029
1.51592
1.52530
1.53376
1.53983
1.55651
1.53824
1.52480
1.49399
1.47655
1.48716
1.49574
1.49882
1.49745
1.49151
1.50113
1.52626
1.54009
1.51240
1.48732
1.50134
1.52634
1.53306
1.52675
1.51659
1.53887
1.52253
1.48439
1.49553
1.48844
1.47572
1.50709
1.54903
1.54673
1.52814
1.50927
1.48944
1.49288
1.51583
1.51202
1.49648
1.49491
1.49151
1.47899
1.50251
1.49988
1.47641
1.48890
1.51562
1.51849
1.52510
1.52315
1.52104
1.50764
1.50284
1.51188
1.51960
1.51396
1.52960
1.54768
1.52496
1.50293
1.50192
1.51169
1.51371
1.50300
1.52845
1.52234
1.51736
1.51439
1.48329
1.46997
1.47953
1.50981
1.49375
1.47215
1.46707
1.48746
1.50534
1.49788
1.47244
1.46123
1.46894
1.49580
1.48811
