-0.00149
-0.02544
0.05010
-0.52234
0.20377
4.60349
5.32912
4.75604
4.83374
4.80861
4.80164
4.80196
4.79613
4.79766
4.80168
4.80139
4.79896
4.79118
4.78927
4.79569
4.79640
4.79334
4.78834
4.79218
4.79387
4.79258
4.79487
4.79509
4.78870
4.79033
4.78329
4.77764
4.77943
4.77802
4.78182
4.78039
4.77581
4.77651
4.77519
4.77332
4.77644
4.78026
4.77566
4.78032
4.77821
4.77279
4.77770
4.77098
4.76491
4.76601
4.77150
4.76799
4.76258
4.76258
4.76583
4.76494
4.76090
4.76171
4.75704
4.75353
4.75922
4.76169
4.75729
4.75505
4.75674
4.75515
4.74769
4.74941
4.75480
4.75426
4.74876
4.74786
4.74637
4.74087
4.74420
4.74921
4.74911
4.74974
4.74574
4.74729
4.74687
4.74629
4.74281
4.74092
4.74085
4.74343
4.74201
4.73692
4.73608
4.73885
4.73714
4.73577
4.73705
4.73401
4.73312
4.73095
4.73443
4.73041
4.72804
4.72992
