-0.00106
-0.01814
0.03571
-0.37240
0.14471
3.28385
3.80345
3.39045
3.44927
3.42895
3.42589
3.42964
3.42327
3.42224
3.42103
3.42507
3.42571
3.41739
3.41039
3.41718
3.42156
3.41315
3.41313
3.42146
3.42386
3.41630
3.41372
3.42052
3.41621
3.41460
3.40858
3.40195
3.40482
3.40987
3.40689
3.40297
3.40847
3.41294
3.40789
3.40770
3.41172
3.40594
3.39733
3.40451
3.40187
3.40082
3.39851
3.39786
3.39973
3.39887
3.40081
3.39987
3.40186
3.40126
3.39674
3.39669
3.39074
3.39441
3.39133
3.39054
3.39116
3.39027
3.38752
3.38543
3.38945
3.38659
3.38219
3.39284
3.39327
3.38006
3.38283
3.38432
3.38051
3.37793
3.37421
3.38150
3.38067
3.38358
3.38108
3.37944
3.37730
3.37472
3.37411
3.37625
3.37891
3.37620
3.37809
3.37487
3.37612
3.37372
3.36997
3.37229
3.36866
3.36861
3.37337
3.36703
3.36967
3.36689
3.36400
3.37064
