-0.00012
-0.00208
0.00411
-0.04280
0.01688
0.37666
0.43508
0.38934
0.39610
0.39605
0.39444
0.39419
0.39653
0.39584
0.39802
0.39526
0.39449
0.39602
0.39466
0.39508
0.39582
0.39343
0.39514
0.39813
0.39819
0.39672
0.39644
0.39652
0.39853
0.39652
0.39495
0.39731
0.39797
0.39678
0.39738
0.39594
0.39615
0.39782
0.39754
0.39701
0.39672
0.39899
0.39949
0.39896
0.39754
0.39772
0.39845
0.39614
0.39602
0.39984
0.40005
0.39877
0.39885
0.39754
0.40062
0.40370
0.39923
0.39738
0.39964
0.40152
0.40262
0.40019
0.39824
0.39871
0.39996
0.40179
0.40202
0.40132
0.40181
0.40290
0.40246
0.40258
0.40135
0.40123
0.40382
0.40297
0.40003
0.40162
0.40285
0.40272
0.40410
0.40551
0.40351
0.40388
0.40281
0.40300
0.40293
0.40064
0.40204
0.40295
0.40485
0.40624
0.40324
0.40555
0.40611
0.40397
0.40601
0.40589
0.40487
0.40486
