-0.00001
-0.00014
0.00025
-0.00277
0.00057
0.02559
0.03227
0.02499
0.03173
0.04660
0.04163
0.02946
0.02690
0.02966
0.04501
0.02827
0.02747
0.04887
0.04153
0.04445
0.02970
0.02369
0.02555
0.02883
0.03385
0.02690
0.02760
0.02597
0.03493
0.04211
0.02953
0.02542
0.03211
0.04191
0.02914
0.02670
0.03572
0.02839
0.02670
0.03808
0.03823
0.02838
0.02652
0.02795
0.03184
0.03730
0.04182
0.03320
0.03507
0.03458
0.03668
0.04105
0.03095
0.02738
0.02895
0.02942
0.03350
0.03196
0.02820
0.02840
0.03580
0.03602
0.02901
0.02772
0.02757
0.03036
0.03097
0.03278
0.04910
0.03564
0.02749
0.03023
0.03157
0.03322
0.02975
0.03308
0.03287
0.03332
0.03606
0.03637
0.04845
0.03759
0.02545
0.03208
0.04622
0.03296
0.02725
0.02986
0.03576
0.03859
0.03541
0.03086
0.02800
0.03080
0.03769
0.03507
0.04459
0.04125
0.03245
0.03763
