-0.00185
-0.03153
0.06207
-0.64724
0.25240
5.70400
6.60437
5.89627
5.99286
5.96418
5.95977
5.96747
5.97301
5.96973
5.96670
5.97366
5.97340
5.96812
5.97414
5.97557
5.97230
5.97632
5.98078
5.98313
5.98738
5.98707
5.98447
5.98741
5.99190
5.99426
5.99245
5.99077
5.99560
5.99801
5.99600
5.99249
5.99089
5.99355
5.99440
5.99340
5.99459
5.99890
5.99843
5.99754
6.00216
6.00436
6.00050
5.99703
5.99999
6.00144
6.00653
6.01056
6.01111
6.01124
6.00983
6.00873
6.00971
6.01316
6.01138
6.01064
6.01290
6.01218
6.01565
6.01790
6.02140
6.02156
6.02305
6.02196
6.02475
6.02648
6.02771
6.03088
6.03034
6.02775
6.02691
6.02872
6.03047
6.03047
6.03020
6.03067
6.03215
6.03234
6.03131
6.03124
6.03190
6.03541
6.03663
6.03437
6.03699
6.03777
6.03625
6.03701
6.03898
6.03728
6.03725
6.03854
6.04077
6.04251
6.04054
6.04002
