-0.00141
-0.02410
0.04746
-0.49480
0.19313
4.35984
5.04728
4.50890
4.58376
4.56217
4.55914
4.56692
4.57200
4.56782
4.56696
4.57348
4.57292
4.57007
4.57540
4.57872
4.57656
4.58051
4.58633
4.58861
4.59273
4.59309
4.59022
4.59453
4.59911
4.60104
4.60093
4.59981
4.60520
4.60838
4.60716
4.60417
4.60307
4.60619
4.60639
4.60641
4.60832
4.61343
4.61405
4.61382
4.61866
4.62036
4.61668
4.61622
4.61891
4.62119
4.62535
4.62840
4.63040
4.63000
4.63069
4.63194
4.63283
4.63718
4.63622
4.63522
4.63716
4.63637
4.63979
4.64315
4.64747
4.64787
4.64951
4.64877
4.65241
4.65450
4.65801
4.66378
4.66371
4.66037
4.66110
4.66481
4.66701
4.66703
4.66549
4.66695
4.66831
4.66876
4.66768
4.66818
4.67028
4.67402
4.67564
4.67446
4.67917
4.68040
4.67841
4.67973
4.67922
4.68118
4.68420
4.68237
4.68376
4.68656
4.68584
4.68678
