-0.00060
-0.01027
0.02023
-0.21077
0.08186
1.86134
2.15266
1.90360
1.91711
1.91633
1.95654
1.86495
1.80823
1.88030
1.91823
1.84859
1.86943
1.92567
1.86167
1.83194
1.89044
1.86814
1.81485
1.80168
1.74681
1.76349
1.82046
1.79833
1.76156
1.72742
1.76016
1.79437
1.73317
1.71031
1.74497
1.81951
1.85728
1.82390
1.84142
1.85318
1.84381
1.79859
1.82167
1.84405
1.77972
1.77897
1.85136
1.88054
1.86381
1.85256
1.79439
1.75240
1.74716
1.77093
1.79325
1.81545
1.82046
1.78146
1.81734
1.83622
1.82690
1.84893
1.81154
1.78632
1.73996
1.75824
1.76198
1.78828
1.75590
1.73499
1.72111
1.67253
1.69111
1.74865
1.74854
1.71859
1.70332
1.72023
1.76110
1.76221
1.76281
1.77457
1.79572
1.82050
1.82077
1.78443
1.77316
1.80662
1.77624
1.77087
1.80804
1.81249
1.78908
1.82529
1.83305
1.83348
1.82666
1.80992
1.84414
1.85360
