-0.00164
-0.02805
0.05525
-0.57593
0.22495
5.07518
5.87344
5.24250
5.32519
5.29781
5.29692
5.29727
5.29599
5.29549
5.29572
5.29591
5.29471
5.29384
5.29411
5.29491
5.29590
5.29414
5.29264
5.29348
5.29315
5.29307
5.29300
5.29224
5.28921
5.28797
5.28945
5.28856
5.28658
5.28683
5.28861
5.28859
5.28818
5.28754
5.28782
5.28648
5.28566
5.28533
5.28470
5.28331
5.28280
5.28131
5.28229
5.28330
5.28149
5.27940
5.27852
5.27942
5.28080
5.27868
5.27735
5.27685
5.27616
5.27739
5.27822
5.27548
5.27447
5.27514
5.27553
5.27219
5.27296
5.27521
5.27318
5.27298
5.27322
5.27117
5.27010
5.26898
5.26904
5.27050
5.26803
5.26699
5.26715
5.26713
5.26615
5.26646
5.26620
5.26528
5.26545
5.26514
5.26211
5.26247
5.26358
5.26261
5.26341
5.26365
5.26135
5.26016
5.25954
5.25902
5.25817
5.25831
5.25827
5.25812
5.25900
5.25517
