-0.00174
-0.02973
0.05854
-0.61035
0.23795
5.37968
6.22874
5.55766
5.64412
5.61252
5.60938
5.60879
5.60817
5.60656
5.60439
5.60222
5.60030
5.59806
5.59592
5.59415
5.58978
5.58725
5.58799
5.58504
5.58287
5.58372
5.58096
5.57935
5.57934
5.57536
5.57374
5.57451
5.57451
5.57188
5.56687
5.56294
5.56218
5.56071
5.56027
5.55899
5.55686
5.55389
5.55400
5.55527
5.55285
5.55046
5.54765
5.54630
5.54434
5.54192
5.54042
5.53694
5.53542
5.53376
5.53003
5.52946
5.52859
5.52674
5.52498
5.52271
5.52228
5.52015
5.51730
5.51422
5.51104
5.51033
5.50857
5.50620
5.50422
5.50301
5.50355
5.50103
5.49754
5.49570
5.49511
5.49478
5.49254
5.49150
5.49063
5.48863
5.48700
5.48471
5.48263
5.48109
5.47991
5.47802
5.47289
5.46793
5.46696
5.46529
5.46472
5.46398
5.46068
5.46022
5.45794
5.45556
5.45322
5.45226
5.45079
5.44712
