-0.00129
-0.02199
0.04332
-0.45152
0.17642
3.97888
4.60417
4.10873
4.17232
4.15016
4.14840
4.14572
4.14597
4.14457
4.14158
4.14043
4.13881
4.13529
4.13624
4.13599
4.13207
4.13066
4.13083
4.12937
4.12674
4.12539
4.12280
4.12074
4.12137
4.12033
4.11790
4.11680
4.11454
4.11320
4.11146
4.10972
4.10812
4.10605
4.10471
4.10272
4.10256
4.10243
4.10114
4.09896
4.09642
4.09633
4.09317
4.09061
4.09065
4.08873
4.08654
4.08571
4.08401
4.08283
4.08150
4.08058
4.07910
4.07720
4.07468
4.07330
4.07109
4.06837
4.06755
4.06677
4.06541
4.06386
4.06178
4.05881
4.05882
4.05803
4.05651
4.05358
4.05145
4.05042
4.04881
4.04792
4.04599
4.04378
4.04254
4.03983
4.03776
4.03742
4.03624
4.03682
4.03416
4.03166
4.02910
4.02899
4.02774
4.02518
4.02320
4.02386
4.02375
4.02164
4.02105
4.01797
4.01521
4.01448
4.01300
4.01057
