-0.00169
-0.02879
0.05669
-0.59110
0.23043
5.20969
6.03284
5.38429
5.46797
5.43959
5.43671
5.43842
5.43789
5.43870
5.43816
5.43758
5.43508
5.43427
5.43399
5.43534
5.43363
5.43214
5.43334
5.43324
5.43171
5.43129
5.43180
5.43301
5.43027
5.42810
5.42877
5.42805
5.42779
5.42857
5.42738
5.42684
5.42725
5.42837
5.42627
5.42491
5.42419
5.42413
5.42363
5.42133
5.42028
5.41988
5.41972
5.41792
5.41779
5.41895
5.41876
5.41518
5.41407
5.41371
5.41434
5.41592
5.41504
5.41342
5.41442
5.41340
5.41112
5.40982
5.40958
5.40928
5.40955
5.41052
5.41137
5.41076
5.40844
5.40595
5.40571
5.40477
5.40597
5.40496
5.40486
5.40571
5.40447
5.40148
5.40252
5.40098
5.40029
5.40147
5.40185
5.40066
5.39798
5.39905
5.39947
5.39743
5.39693
5.39626
5.39612
5.39328
5.39402
5.39569
5.39176
5.39231
5.39298
5.39184
5.38964
5.38957
