-0.00047
-0.00809
0.01593
-0.16603
0.06488
1.46326
1.69273
1.50960
1.53319
1.52455
1.52381
1.52278
1.52213
1.52090
1.51846
1.51731
1.51674
1.51593
1.51589
1.51405
1.51286
1.51228
1.51229
1.51141
1.51053
1.51060
1.50976
1.50844
1.50707
1.50599
1.50565
1.50433
1.50261
1.50202
1.50052
1.50005
1.49995
1.49838
1.49710
1.49569
1.49538
1.49503
1.49422
1.49401
1.49299
1.49146
1.49032
1.48979
1.48891
1.48762
1.48691
1.48549
1.48461
1.48413
1.48297
1.48299
1.48236
1.48027
1.47897
1.47794
1.47696
1.47591
1.47531
1.47505
1.47419
1.47309
1.47158
1.47028
1.47001
1.46921
1.46860
1.46805
1.46687
1.46620
1.46442
1.46350
1.46280
1.46212
1.46221
1.46081
1.45886
1.45748
1.45670
1.45746
1.45778
1.45659
1.45548
1.45396
1.45307
1.45141
1.44999
1.44895
1.44794
1.44807
1.44715
1.44589
1.44561
1.44421
1.44315
1.44199
