-0.00140
-0.02398
0.04726
-0.49241
0.19300
4.33788
5.01446
4.47753
4.55370
4.53429
4.53355
4.52823
4.52927
4.53216
4.53190
4.53107
4.52958
4.52779
4.52481
4.52579
4.53405
4.53202
4.52933
4.53142
4.52314
4.52882
4.53125
4.53128
4.53067
4.53040
4.53403
4.52933
4.52970
4.53514
4.53698
4.53397
4.53509
4.53820
4.53698
4.53670
4.53403
4.53190
4.53483
4.53538
4.53202
4.53440
4.53440
4.53029
4.53405
4.53255
4.53010
4.52917
4.52866
4.53768
4.53793
4.53613
4.54004
4.53817
4.53539
4.53068
4.53306
4.53433
4.53953
4.53750
4.53846
4.53976
4.53574
4.53584
4.54403
4.54276
4.53874
4.54299
4.54277
4.53569
4.53905
4.54529
4.54245
4.54084
4.54146
4.54415
4.54281
4.54041
4.53993
4.54273
4.54064
4.54032
4.53905
4.53663
4.54364
4.54720
4.54466
4.54725
4.54914
4.55075
4.54462
4.54383
4.54725
4.54890
4.55225
4.54693
