-0.00006
-0.00103
0.00200
-0.02109
0.00778
0.18662
0.22167
0.19568
0.18381
0.18845
0.20930
0.20294
0.19520
0.19489
0.19170
0.19905
0.20625
0.19697
0.19260
0.19278
0.18580
0.19880
0.19905
0.20212
0.20423
0.18809
0.18010
0.19917
0.20932
0.20834
0.19652
0.19138
0.19198
0.18667
0.19673
0.19456
0.19941
0.20346
0.20248
0.19930
0.20610
0.21098
0.19747
0.19837
0.20705
0.20645
0.19984
0.20249
0.19172
0.19075
0.19051
0.19281
0.20231
0.20538
0.20547
0.20834
0.21113
0.20013
0.19684
0.20804
0.20044
0.19877
0.19615
0.20592
0.19614
0.19659
0.19775
0.18653
0.19640
0.19319
0.20818
0.20527
0.19679
0.21543
0.21003
0.20428
0.20380
0.19927
0.20648
0.20017
0.18890
0.19156
0.19515
0.19617
0.19900
0.20075
0.19606
0.19423
0.19728
0.19003
0.19906
0.20523
0.19322
0.18981
0.19884
0.19558
0.19312
0.19877
0.19591
0.19607
