-0.00156
-0.02658
0.05231
-0.54563
0.21235
4.80951
5.57220
4.97357
5.04926
5.02395
5.03005
5.03240
5.02791
5.02696
5.03214
5.03207
5.02973
5.03506
5.03540
5.03509
5.03189
5.03123
5.04084
5.03814
5.03750
5.03768
5.04160
5.04477
5.04219
5.04373
5.04556
5.04162
5.04128
5.04059
5.04007
5.04412
5.04588
5.04658
5.04740
5.04819
5.04486
5.04173
5.04372
5.04213
5.04483
5.04901
5.05241
5.05000
5.04605
5.04671
5.05001
5.04673
5.05172
5.05067
5.04773
5.04738
5.05040
5.04987
5.04803
5.04401
5.04525
5.05275
5.05650
5.05418
5.05463
5.05352
5.05253
5.05213
5.05550
5.05884
5.05542
5.05451
5.05591
5.05936
5.05807
5.05870
5.05778
5.05849
5.06103
5.06312
5.06331
5.06505
5.06704
5.06380
5.06252
5.06460
5.05818
5.06291
5.06608
5.06429
5.06094
5.05693
5.06361
5.06557
5.06507
5.05837
5.04838
5.04288
5.04830
5.05272
