-0.00058
-0.00989
0.01942
-0.20307
0.07882
1.78532
2.08193
1.88689
1.90398
1.89434
1.88205
1.84784
1.83515
1.84516
1.83618
1.86111
1.84729
1.81724
1.82135
1.83946
1.84949
1.81755
1.79637
1.82672
1.83747
1.85049
1.80734
1.79678
1.80080
1.78735
1.78058
1.80629
1.79843
1.82875
1.85353
1.81955
1.80151
1.80583
1.79338
1.82212
1.81648
1.80078
1.82646
1.83897
1.83343
1.84228
1.79565
1.80122
1.80652
1.80039
1.83280
1.82558
1.80542
1.83624
1.83481
1.84006
1.82766
1.82043
1.83614
1.85729
1.85674
1.82643
1.82972
1.82953
1.85413
1.87125
1.86620
1.86198
1.86877
1.87074
1.87707
1.89870
1.87877
1.85458
1.86794
1.85341
1.84850
1.85303
1.82053
1.78661
1.80342
1.82110
1.83297
1.82414
1.83314
1.85775
1.86213
1.79040
1.77970
1.79434
1.81872
1.84338
1.83536
1.80563
1.76524
1.82697
1.84601
1.82163
1.82222
1.81808
