-0.00110
-0.01877
0.03695
-0.38540
0.14998
3.39727
3.93522
3.51122
3.56967
3.55611
3.55413
3.55465
3.55596
3.55583
3.55877
3.55823
3.55651
3.56434
3.56442
3.56084
3.56179
3.56409
3.56985
3.57209
3.57014
3.56961
3.57379
3.57574
3.57954
3.57683
3.57648
3.57825
3.57931
3.57978
3.57705
3.57780
3.57663
3.57770
3.58092
3.58334
3.58006
3.58062
3.58294
3.58175
3.58432
3.58900
3.58975
3.59425
3.59356
3.58965
3.59144
3.59724
3.59889
3.59912
3.59802
3.60124
3.60234
3.60021
3.60073
3.60324
3.60749
3.60589
3.60783
3.60887
3.61101
3.61144
3.61118
3.61090
3.61372
3.61756
3.61949
3.61478
3.62019
3.62282
3.62061
3.62764
3.62755
3.62738
3.62783
3.62777
3.63046
3.63185
3.63483
3.63428
3.63384
3.63512
3.63711
3.63906
3.63912
3.63636
3.63910
3.64184
3.64696
3.65379
3.65068
3.64244
3.64709
3.64757
3.64944
3.64800
