-0.00142
-0.02423
0.04769
-0.49744
0.19358
4.38403
5.08044
4.53794
4.60990
4.59327
4.59370
4.59138
4.59262
4.58936
4.58695
4.59633
4.59955
4.59669
4.59810
4.59846
4.59579
4.60405
4.60451
4.60189
4.60796
4.60867
4.60967
4.60919
4.61593
4.61180
4.60644
4.61025
4.61172
4.61107
4.60673
4.61208
4.61293
4.61226
4.61359
4.61577
4.61280
4.61036
4.61069
4.61697
4.61952
4.61706
4.61819
4.61731
4.61972
4.62433
4.62229
4.62483
4.63268
4.63227
4.62548
4.62914
4.63281
4.63089
4.62732
4.62867
4.64075
4.64055
4.63531
4.63781
4.64210
4.64280
4.64005
4.63856
4.64573
4.64428
4.64765
4.63909
4.64317
4.65070
4.64936
4.65193
4.64681
4.64582
4.65520
4.66162
4.66084
4.65595
4.66153
4.66138
4.66125
4.66269
4.66259
4.66580
4.66457
4.66219
4.66557
4.67020
4.67522
4.67902
4.67217
4.66382
4.66757
4.66861
4.67060
4.67099
