-0.00060
-0.01028
0.02022
-0.21097
0.08205
1.85952
2.15415
1.92446
1.96007
1.95128
1.95390
1.96576
1.96820
1.96258
1.96545
1.97122
1.97515
1.97840
1.97968
1.98307
1.98413
1.98556
1.98352
1.98250
1.98999
1.98954
1.98752
1.99141
1.99577
1.99741
1.99853
2.00088
2.00425
2.00930
2.01212
2.00750
2.00963
2.01651
2.02034
2.01952
2.01719
2.01944
2.02192
2.02503
2.02798
2.02930
2.03172
2.03177
2.03400
2.03475
2.03799
2.04151
2.04042
2.04285
2.04559
2.04559
2.04960
2.05699
2.05602
2.05943
2.06334
2.06718
2.06702
2.06710
2.07000
2.07363
2.07422
2.07693
2.07846
2.07904
2.08120
2.08916
2.09150
2.09010
2.09168
2.09258
2.09730
2.09739
2.10137
2.10449
2.10325
2.10744
2.11074
2.11315
2.11172
2.11358
2.11547
2.11607
2.12241
2.12620
2.12603
2.12466
2.12694
2.12927
2.13423
2.13292
2.13386
2.14070
2.14168
2.13875
