-0.00099
-0.01697
0.03338
-0.34825
0.13530
3.07005
3.55827
3.17605
3.22758
3.21338
3.21645
3.22419
3.22476
3.21883
3.21872
3.22488
3.22588
3.22860
3.23016
3.23359
3.23151
3.22854
3.22656
3.23054
3.23578
3.23177
3.22817
3.23097
3.23802
3.23814
3.23875
3.23965
3.24091
3.24527
3.24468
3.23966
3.24060
3.24987
3.24586
3.24349
3.24601
3.24492
3.24863
3.25249
3.25059
3.25107
3.25811
3.25626
3.25257
3.25973
3.26118
3.25748
3.25529
3.26003
3.25879
3.25852
3.26251
3.26022
3.26429
3.26735
3.27091
3.27155
3.27047
3.27027
3.27247
3.27662
3.27441
3.27780
3.28078
3.27901
3.27993
3.28390
3.28622
3.28336
3.28419
3.28627
3.28646
3.28456
3.28396
3.28955
3.29922
3.29678
3.29176
3.29598
3.29326
3.29518
3.30337
3.30255
3.30109
3.30145
3.30338
3.29948
3.29856
3.30402
3.30578
3.30430
3.30704
3.30592
3.30796
3.30900
