-0.00001
-0.00010
0.00020
-0.00205
0.00070
0.01871
0.02149
0.01600
0.01629
0.01603
0.01480
0.01488
0.01594
0.01973
0.01952
0.01867
0.01944
0.01637
0.01359
0.01681
0.01692
0.01519
0.01570
0.02136
0.01904
0.01580
0.01919
0.01781
0.01584
0.01790
0.02039
0.01741
0.01836
0.01981
0.02061
0.02177
0.01787
0.01641
0.01541
0.01801
0.01738
0.01743
0.01808
0.01793
0.01835
0.01846
0.01675
0.01717
0.01897
0.01920
0.01791
0.01775
0.02081
0.02124
0.01966
0.02257
0.02212
0.01972
0.01810
0.01776
0.01897
0.01762
0.01755
0.01890
0.02079
0.01840
0.01954
0.01900
0.01710
0.01811
0.02216
0.02171
0.01776
0.01969
0.02136
0.02093
0.01962
0.02211
0.02192
0.02183
0.02106
0.02026
0.01879
0.01886
0.01923
0.02147
0.02320
0.02221
0.01889
0.01877
0.02069
0.02075
0.02089
0.01968
0.01816
0.01907
0.02309
0.02314
0.02057
0.02333
