-0.00169
-0.02891
0.05693
-0.59358
0.23142
5.23147
6.05815
5.40707
5.48877
5.46000
5.46258
5.46610
5.46655
5.46733
5.46583
5.46866
5.47028
5.46727
5.46829
5.46858
5.46905
5.46747
5.46880
5.47442
5.47148
5.47243
5.47209
5.47252
5.47311
5.47275
5.47494
5.47395
5.47159
5.47486
5.47712
5.47616
5.47644
5.48045
5.48205
5.48331
5.48538
5.48738
5.48791
5.48604
5.48526
5.48742
5.48628
5.48609
5.49073
5.49239
5.48646
5.48580
5.48690
5.48670
5.48372
5.48276
5.48599
5.48446
5.48320
5.48523
5.48766
5.48849
5.48694
5.48744
5.48819
5.48964
5.48794
5.49027
5.49882
5.49450
5.49408
5.49495
5.49428
5.49587
5.49441
5.49456
5.49807
5.50282
5.50351
5.49869
5.49812
5.49745
5.49906
5.50170
5.50189
5.49790
5.49852
5.50153
5.50268
5.50264
5.50386
5.50638
5.50615
5.50416
5.50306
5.50427
5.50196
5.50379
5.50400
5.50320
