-0.00016
-0.00268
0.00544
-0.05556
0.02451
0.48478
0.53483
0.48170
0.51918
0.51436
0.49093
0.48875
0.47982
0.45597
0.46081
0.49035
0.47805
0.46457
0.45183
0.44630
0.45673
0.47099
0.47764
0.47069
0.47606
0.47635
0.48453
0.47265
0.48453
0.50857
0.50065
0.48529
0.48756
0.48560
0.46806
0.48420
0.52727
0.54669
0.54879
0.54505
0.54059
0.53896
0.54485
0.52829
0.48963
0.49157
0.51023
0.49729
0.49250
0.50613
0.50070
0.50102
0.50522
0.51222
0.52016
0.52531
0.53700
0.53940
0.53150
0.52411
0.51920
0.52610
0.52270
0.51914
0.53086
0.52891
0.53825
0.55674
0.53623
0.53268
0.53872
0.53210
0.55574
0.58089
0.58362
0.59004
0.59812
0.56197
0.53903
0.54386
0.55502
0.55066
0.55134
0.55188
0.56737
0.57495
0.57748
0.57007
0.57301
0.55838
0.55080
0.56345
0.55055
0.55987
0.57719
0.57152
0.56105
0.55590
0.56719
0.56161
