-0.00031
-0.00530
0.01040
-0.10868
0.04200
0.95728
1.11355
1.00066
1.01463
1.01217
1.01904
1.02187
1.02862
1.03322
1.03357
1.03413
1.03795
1.04292
1.04628
1.05163
1.05456
1.05577
1.05550
1.05540
1.05707
1.05916
1.06161
1.06489
1.06594
1.06715
1.06883
1.07274
1.07678
1.07877
1.08746
1.08879
1.08453
1.08735
1.08789
1.09230
1.09605
1.09921
1.10264
1.10573
1.11326
1.11496
1.11541
1.12143
1.12195
1.12446
1.12861
1.13143
1.13494
1.13620
1.13692
1.13844
1.14009
1.14271
1.14653
1.15013
1.15468
1.15706
1.15928
1.16158
1.16421
1.16561
1.16751
1.16935
1.17347
1.17574
1.17629
1.18298
1.18284
1.18086
1.18661
1.18810
1.19105
1.19730
1.20159
1.20603
1.20564
1.20890
1.21313
1.21376
1.21547
1.21955
1.22267
1.22438
1.22671
1.23067
1.23505
1.23630
1.23830
1.23918
1.24210
1.24542
1.24902
1.25228
1.25297
1.25828
