-0.00001
-0.00019
0.00036
-0.00379
0.00136
0.03376
0.03978
0.03481
0.03501
0.03405
0.03505
0.03655
0.03383
0.03494
0.03945
0.03713
0.03486
0.03488
0.03656
0.03915
0.03565
0.03693
0.04134
0.03655
0.03705
0.03537
0.03612
0.03777
0.03563
0.03492
0.03601
0.03753
0.03799
0.03560
0.03457
0.03620
0.03723
0.03725
0.03726
0.03526
0.03691
0.04206
0.03992
0.03604
0.03662
0.03533
0.03516
0.03668
0.03610
0.03634
0.03752
0.03607
0.03497
0.03661
0.04352
0.03826
0.03674
0.03948
0.03737
0.04002
0.03693
0.03525
0.03608
0.03765
0.03705
0.03659
0.03585
0.04172
0.04208
0.03684
0.03646
0.03836
0.04018
0.03917
0.03727
0.03825
0.03904
0.03806
0.04002
0.03922
0.04314
0.03822
0.03696
0.03893
0.03794
0.03820
0.03884
0.03604
0.03997
0.04529
0.03980
0.03923
0.04001
0.03845
0.03677
0.03817
0.04016
0.03860
0.04207
0.03923
