-0.00005
-0.00080
0.00150
-0.01607
0.00486
0.14523
0.17546
0.15182
0.15899
0.15205
0.15163
0.14934
0.14956
0.15253
0.15090
0.15056
0.14788
0.15021
0.14661
0.15169
0.16800
0.15065
0.15445
0.15716
0.14985
0.15064
0.14892
0.15006
0.15327
0.15028
0.14838
0.15189
0.15051
0.14963
0.14803
0.14691
0.15401
0.15063
0.14786
0.15432
0.15176
0.14894
0.14685
0.15424
0.15137
0.14805
0.15104
0.14725
0.14694
0.15255
0.15199
0.15262
0.15036
0.15012
0.14834
0.14784
0.15373
0.14961
0.14968
0.15132
0.14955
0.15133
0.14943
0.14958
0.15396
0.15359
0.15019
0.15301
0.15199
0.14859
0.14877
0.14726
0.14686
0.14640
0.14702
0.14820
0.14667
0.14948
0.16311
0.14992
0.14626
0.14899
0.15033
0.15826
0.15592
0.15183
0.15330
0.14623
0.14653
0.14868
0.14747
0.15426
0.15010
0.14776
0.14913
0.15924
0.14851
0.14872
0.16293
0.15087
