-0.00001
-0.00013
0.00025
-0.00262
0.00123
0.02223
0.02513
0.02520
0.02448
0.02377
0.02360
0.02408
0.02669
0.02480
0.02538
0.02478
0.02710
0.02729
0.02453
0.02409
0.02579
0.02682
0.02471
0.02217
0.02156
0.02446
0.02503
0.02556
0.02830
0.02612
0.02511
0.02437
0.02536
0.02496
0.02341
0.02559
0.02627
0.02297
0.02456
0.02420
0.02596
0.02400
0.02613
0.02598
0.02562
0.02482
0.02482
0.02714
0.02373
0.02547
0.02392
0.02412
0.02839
0.02274
0.02248
0.02459
0.02333
0.02241
0.02308
0.02388
0.02535
0.02299
0.02310
0.02004
0.02358
0.02474
0.02230
0.02206
0.02527
0.02408
0.02488
0.02374
0.01985
0.02468
0.02483
0.02230
0.02235
0.02257
0.02468
0.02311
0.02096
0.02570
0.02587
0.02249
0.02337
0.02404
0.02120
0.02116
0.02218
0.02073
0.02267
0.02261
0.02263
0.02390
0.02639
0.02531
0.02334
0.02490
0.02213
0.02082
