-0.00001
-0.00011
0.00020
-0.00216
0.00061
0.02005
0.02335
0.01758
0.01960
0.01768
0.01732
0.01962
0.02168
0.01762
0.01842
0.02010
0.01631
0.01660
0.01746
0.01721
0.02195
0.02065
0.01606
0.01673
0.01871
0.01497
0.01500
0.01763
0.01930
0.01812
0.01510
0.01425
0.01720
0.01804
0.01616
0.01665
0.02108
0.01977
0.01604
0.01636
0.01674
0.01650
0.01965
0.01900
0.01635
0.01744
0.02068
0.02006
0.01495
0.01816
0.02206
0.01902
0.02067
0.01572
0.01778
0.02074
0.01982
0.01880
0.01619
0.01807
0.02081
0.01855
0.01739
0.01570
0.01830
0.01692
0.01536
0.01771
0.01543
0.01751
0.01917
0.01838
0.01901
0.01602
0.01648
0.02051
0.01791
0.01562
0.01720
0.01851
0.01820
0.01519
0.01892
0.02128
0.01911
0.01794
0.01622
0.02108
0.01896
0.01591
0.01888
0.01692
0.01876
0.01993
0.02042
0.02048
0.01905
0.01610
0.01546
0.01578
