-0.00018
-0.00313
0.00620
-0.06443
0.02564
0.56677
0.65305
0.58421
0.59077
0.58755
0.59092
0.58960
0.59062
0.58856
0.59025
0.59174
0.59521
0.59928
0.59862
0.59130
0.59361
0.59296
0.59391
0.59653
0.59814
0.59936
0.59588
0.59823
0.60062
0.59895
0.60991
0.60003
0.59088
0.59538
0.59509
0.59578
0.60504
0.60319
0.59802
0.60105
0.59954
0.60008
0.60114
0.60045
0.60138
0.60549
0.60601
0.60375
0.60558
0.60889
0.60538
0.59702
0.59582
0.59793
0.59637
0.59706
0.59997
0.59794
0.59809
0.59781
0.59400
0.59711
0.60147
0.60021
0.60638
0.60842
0.60824
0.61089
0.61650
0.61037
0.59945
0.59644
0.59726
0.60115
0.60369
0.60041
0.60066
0.61115
0.60949
0.59631
0.59706
0.59832
0.60197
0.60199
0.59608
0.59626
0.59959
0.59831
0.59923
0.59793
0.60300
0.61356
0.60399
0.60419
0.60564
0.60307
0.60119
0.59816
0.60104
0.61084
