-0.00143
-0.02438
0.04798
-0.50040
0.19485
4.41027
5.10900
4.56270
4.63601
4.61368
4.61182
4.60843
4.60898
4.60930
4.61013
4.61372
4.61364
4.61494
4.61300
4.61072
4.61462
4.61586
4.61432
4.61349
4.61224
4.61368
4.61494
4.61329
4.61035
4.60880
4.61121
4.61415
4.61219
4.60719
4.61275
4.61602
4.61574
4.61773
4.61795
4.62051
4.62408
4.62365
4.62304
4.62284
4.62363
4.62181
4.61918
4.61816
4.61446
4.61255
4.61497
4.61809
4.61907
4.61905
4.61709
4.61913
4.61927
4.61949
4.62234
4.62418
4.62645
4.62427
4.62536
4.62606
4.62204
4.62372
4.62614
4.62120
4.61635
4.61866
4.61967
4.61884
4.61874
4.62042
4.62004
4.62291
4.62276
4.61851
4.62081
4.62564
4.62624
4.62412
4.62309
4.62102
4.62221
4.62555
4.62399
4.62368
4.62332
4.62247
4.62048
4.62349
4.62594
4.62809
4.62841
4.62823
4.62765
4.62741
4.62931
4.62436
