-0.00012
-0.00208
0.00408
-0.04275
0.01650
0.37557
0.44073
0.39995
0.39781
0.39970
0.39746
0.39516
0.40059
0.40411
0.39438
0.39364
0.39758
0.39047
0.39490
0.39772
0.39997
0.39350
0.39693
0.39709
0.39520
0.40168
0.39026
0.39004
0.39634
0.39160
0.39606
0.39955
0.38763
0.39520
0.40071
0.40009
0.38994
0.38780
0.39366
0.39382
0.39872
0.40430
0.40091
0.39344
0.38623
0.40030
0.39794
0.39341
0.38880
0.38832
0.39808
0.39663
0.39487
0.39384
0.39231
0.39622
0.39521
0.39468
0.39232
0.39903
0.39310
0.39189
0.39382
0.39209
0.39528
0.39182
0.39405
0.39235
0.38971
0.39031
0.39015
0.38741
0.39065
0.39113
0.39047
0.39890
0.39770
0.38903
0.38592
0.38913
0.38626
0.38415
0.38759
0.39232
0.39343
0.38808
0.38896
0.38892
0.38360
0.38717
0.39167
0.38113
0.39068
0.39805
0.39281
0.38852
0.38696
0.38905
0.38414
0.38704
