-0.00022
-0.00378
0.00743
-0.07753
0.03002
0.68365
0.79311
0.70751
0.71941
0.71710
0.71644
0.71631
0.71540
0.71805
0.71689
0.71602
0.71717
0.71975
0.71804
0.71874
0.71777
0.71670
0.71789
0.71787
0.71510
0.71451
0.71877
0.71967
0.71966
0.71920
0.71888
0.72161
0.71983
0.71888
0.71803
0.72062
0.72030
0.71958
0.72032
0.72074
0.72249
0.72055
0.71838
0.72099
0.72035
0.72164
0.72233
0.72010
0.72162
0.72141
0.72368
0.72397
0.72341
0.72421
0.72565
0.72403
0.72253
0.72362
0.72391
0.72280
0.72133
0.72280
0.72405
0.72300
0.72437
0.72501
0.72221
0.72451
0.72666
0.72548
0.72563
0.72532
0.72695
0.72512
0.72441
0.72499
0.72678
0.72845
0.72544
0.72706
0.72759
0.72536
0.72664
0.72752
0.72802
0.72900
0.72932
0.72686
0.72838
0.72766
0.72827
0.72939
0.72925
0.73079
0.73143
0.72924
0.72956
0.72982
0.73047
0.73120
