-0.00068
-0.01162
0.02308
-0.23898
0.09642
2.10494
2.40024
2.11016
2.17598
2.21904
2.23936
2.28219
2.27835
2.21721
2.24354
2.26196
2.24119
2.24101
2.24413
2.22186
2.22649
2.25687
2.17845
2.08344
2.06519
2.06950
2.09705
2.09762
2.08419
2.08436
2.08377
2.11976
2.17024
2.16951
2.12424
2.07334
2.10742
2.19016
2.09495
2.10434
2.16161
2.12466
2.06362
2.12278
2.25894
2.25896
2.27158
2.31971
2.19544
2.18119
2.22287
2.21316
2.21180
2.19907
2.18249
2.24096
2.22327
2.16238
2.13750
2.20373
2.20770
2.18026
2.14899
2.15173
2.13351
2.12319
2.16473
2.17320
2.17862
2.27932
2.28011
2.16268
2.11606
2.16322
2.11086
2.08979
2.10944
2.20812
2.24139
2.15875
2.15423
2.23639
2.23430
2.16514
2.12585
2.08899
2.04615
2.08726
2.14099
2.12926
2.17023
2.12729
2.09392
2.14409
2.15149
2.13961
2.12821
2.12732
2.10628
2.14534
