-0.00027
-0.00465
0.00917
-0.09554
0.03754
0.84119
0.97163
0.87041
0.88709
0.88034
0.87999
0.87914
0.88279
0.88108
0.88042
0.87826
0.87877
0.87992
0.88004
0.87970
0.87934
0.88187
0.87938
0.88236
0.88123
0.88400
0.88433
0.88177
0.88090
0.88091
0.88519
0.88183
0.88111
0.87986
0.87875
0.88125
0.88122
0.87855
0.88197
0.88297
0.87789
0.87965
0.88394
0.88276
0.87905
0.88260
0.87859
0.88161
0.88314
0.88214
0.88103
0.88173
0.87947
0.87751
0.88156
0.87958
0.87993
0.88033
0.88285
0.87878
0.87761
0.88037
0.88170
0.88186
0.88213
0.88321
0.88053
0.88272
0.88332
0.88022
0.88263
0.88812
0.88464
0.88127
0.88501
0.88617
0.88144
0.87824
0.88231
0.88144
0.88371
0.88646
0.88603
0.88278
0.88159
0.88267
0.88143
0.88294
0.88386
0.88848
0.88227
0.88408
0.88720
0.88457
0.88334
0.88016
0.88492
0.88279
0.88509
0.88540
