-0.00158
-0.02704
0.05323
-0.55508
0.21638
4.89197
5.66483
5.05773
5.13958
5.11462
5.11357
5.11592
5.11594
5.11701
5.11827
5.11936
5.11977
5.12073
5.12171
5.12187
5.12360
5.12499
5.12563
5.12680
5.12698
5.12933
5.13026
5.13152
5.13273
5.13187
5.13274
5.13508
5.13588
5.13693
5.13790
5.13897
5.14076
5.14092
5.14137
5.14270
5.14386
5.14469
5.14552
5.14734
5.14853
5.15025
5.15014
5.15112
5.15286
5.15290
5.15425
5.15501
5.15594
5.15651
5.15578
5.15779
5.15951
5.16050
5.16133
5.16196
5.16289
5.16363
5.16523
5.16609
5.16713
5.16884
5.16881
5.16939
5.17020
5.17110
5.17218
5.17124
5.17304
5.17544
5.17576
5.17684
5.17817
5.17950
5.18101
5.18226
5.18329
5.18387
5.18431
5.18577
5.18670
5.18750
5.18814
5.18965
5.19036
5.19016
5.19171
5.19236
5.19324
5.19400
5.19470
5.19715
5.19723
5.19762
5.19882
5.20000
