-0.00002
-0.00041
0.00078
-0.00831
0.00285
0.07421
0.08865
0.07621
0.07655
0.07839
0.07566
0.07490
0.07517
0.07449
0.07605
0.08025
0.07568
0.07631
0.08239
0.08046
0.07622
0.07426
0.07456
0.07592
0.07794
0.07789
0.08114
0.07684
0.07532
0.07556
0.07509
0.07626
0.08150
0.07778
0.07727
0.07579
0.07574
0.07609
0.07799
0.07430
0.07742
0.09011
0.07828
0.07582
0.07701
0.07844
0.08145
0.08093
0.07552
0.07827
0.08468
0.07825
0.07443
0.07561
0.07504
0.07670
0.07680
0.07573
0.07725
0.07869
0.07628
0.07974
0.07681
0.07465
0.07615
0.07592
0.07511
0.07614
0.07683
0.07655
0.07856
0.08122
0.08040
0.07605
0.07605
0.07576
0.07653
0.07562
0.07692
0.08402
0.07663
0.07467
0.07593
0.07786
0.07492
0.07503
0.07641
0.07531
0.07715
0.08354
0.08060
0.07685
0.07574
0.07630
0.07585
0.07750
0.07982
0.07894
0.07490
0.07413
