-0.00117
-0.01996
0.03928
-0.40976
0.15958
3.61074
4.18366
3.73996
3.80068
3.78251
3.78237
3.78575
3.78761
3.78599
3.78540
3.78846
3.79489
3.79686
3.80044
3.80122
3.80277
3.80228
3.80361
3.80796
3.80795
3.80792
3.81018
3.81079
3.80983
3.80972
3.81288
3.81878
3.82034
3.81886
3.82122
3.82440
3.82475
3.82985
3.83170
3.83417
3.83598
3.83645
3.83859
3.83908
3.84072
3.84241
3.84491
3.84588
3.84550
3.84879
3.84945
3.85359
3.85746
3.85580
3.85676
3.85996
3.86257
3.86485
3.86947
3.86830
3.86519
3.87076
3.87449
3.87376
3.87719
3.87990
3.88024
3.88045
3.88330
3.88338
3.88322
3.88781
3.89242
3.89217
3.89172
3.89282
3.89610
3.89552
3.89681
3.90218
3.90211
3.90394
3.90623
3.90951
3.91666
3.92130
3.92254
3.91804
3.91637
3.91761
3.91956
3.92092
3.92477
3.92668
3.92729
3.92818
3.93140
3.93281
3.93359
3.93478
