-0.00078
-0.01336
0.02630
-0.27437
0.10691
2.41751
2.80138
2.50401
2.54230
2.53155
2.53205
2.53765
2.54076
2.53786
2.54017
2.54355
2.55032
2.55337
2.55596
2.55892
2.55967
2.55939
2.56040
2.56544
2.56604
2.56594
2.56871
2.57079
2.57032
2.57088
2.57575
2.57991
2.58207
2.58367
2.58600
2.59009
2.59282
2.59923
2.60283
2.60326
2.60636
2.60663
2.61002
2.61201
2.61528
2.61855
2.62169
2.62167
2.62289
2.62768
2.62786
2.63475
2.63918
2.63600
2.63716
2.64272
2.64633
2.64823
2.65552
2.65542
2.65240
2.65718
2.66156
2.66371
2.66948
2.67247
2.67098
2.67338
2.67785
2.67621
2.67726
2.68472
2.68925
2.68988
2.69344
2.69514
2.69618
2.69464
2.69764
2.70194
2.70422
2.70670
2.70895
2.71457
2.72263
2.72584
2.72872
2.72616
2.72355
2.72494
2.72931
2.73385
2.73657
2.73697
2.74081
2.74203
2.74607
2.75033
2.75152
2.75217
