-0.00145
-0.02479
0.04881
-0.50897
0.19841
4.48598
5.19439
4.63517
4.70776
4.68257
4.67948
4.68226
4.68292
4.68170
4.68137
4.67831
4.67661
4.67699
4.67659
4.67732
4.67787
4.67765
4.67588
4.67551
4.67619
4.67507
4.67466
4.67499
4.67464
4.67431
4.67288
4.67117
4.67238
4.67224
4.66781
4.66739
4.66736
4.66643
4.66819
4.66671
4.66535
4.66511
4.66387
4.66411
4.66277
4.66218
4.66256
4.66115
4.66130
4.66146
4.66210
4.66129
4.65916
4.65863
4.65744
4.65797
4.65829
4.65749
4.65722
4.65678
4.65548
4.65523
4.65335
4.65347
4.65349
4.65170
4.65044
4.64908
4.64844
4.64875
4.64775
4.64487
4.64249
4.64480
4.64323
4.64269
4.64278
4.64112
4.64070
4.64038
4.64018
4.63850
4.63716
4.63769
4.63787
4.63578
4.63538
4.63365
4.63338
4.63317
4.63129
4.63153
4.63030
4.63049
4.63062
4.63036
4.63054
4.62815
4.62876
4.62892
