-0.00003
-0.00053
0.00105
-0.01089
0.00437
0.09565
0.11003
0.09936
0.10064
0.09870
0.09925
0.09892
0.09969
0.10179
0.10219
0.09816
0.09749
0.10007
0.09981
0.10036
0.10141
0.10100
0.10106
0.09977
0.10181
0.10226
0.10104
0.09926
0.10070
0.10222
0.10130
0.09925
0.10141
0.10235
0.10065
0.10187
0.10057
0.10066
0.10128
0.10287
0.10232
0.10185
0.10146
0.10283
0.10193
0.10070
0.10057
0.10145
0.10122
0.10317
0.10197
0.10189
0.10411
0.10237
0.10095
0.10181
0.10335
0.10221
0.10223
0.10341
0.10243
0.10284
0.10260
0.10263
0.10115
0.10195
0.10242
0.10263
0.10201
0.10223
0.10308
0.10305
0.10271
0.10264
0.10192
0.10304
0.10281
0.10254
0.10113
0.10062
0.10375
0.10296
0.10190
0.10064
0.10188
0.10378
0.10360
0.10201
0.10159
0.10326
0.10272
0.10371
0.10369
0.10407
0.10435
0.10255
0.10253
0.10244
0.10252
0.10220
