-0.00029
-0.00502
0.00988
-0.10308
0.03988
0.90926
1.05500
0.93965
0.95368
0.94972
0.94904
0.95168
0.94995
0.94658
0.94803
0.94797
0.94655
0.94802
0.94928
0.94638
0.94544
0.94826
0.94706
0.94314
0.94303
0.94693
0.94670
0.94251
0.94245
0.94277
0.94783
0.94418
0.94164
0.94048
0.94361
0.94286
0.94302
0.94571
0.94130
0.93975
0.94409
0.94582
0.94006
0.94100
0.94266
0.94227
0.94056
0.93720
0.93964
0.94289
0.94186
0.94305
0.94479
0.93996
0.93979
0.94473
0.94102
0.94176
0.94090
0.94098
0.93868
0.93671
0.93819
0.94075
0.94121
0.93690
0.93751
0.93780
0.93640
0.93513
0.93393
0.93653
0.93736
0.93512
0.93388
0.93691
0.93629
0.93596
0.93779
0.93735
0.93913
0.93253
0.93235
0.93406
0.93532
0.93240
0.93160
0.93626
0.93592
0.93332
0.93236
0.93335
0.93259
0.93020
0.93188
0.93201
0.93046
0.93351
0.93094
0.93368
