-0.00112
-0.01913
0.03764
-0.39262
0.15269
3.46117
4.01087
3.57915
3.63173
3.61036
3.61345
3.61664
3.61439
3.60888
3.60774
3.61119
3.60967
3.61027
3.60783
3.60370
3.60602
3.60599
3.60079
3.60222
3.60178
3.60121
3.60061
3.60217
3.60374
3.59768
3.59618
3.59426
3.59599
3.59447
3.59097
3.59481
3.59468
3.58988
3.59035
3.58826
3.58812
3.58722
3.58831
3.59218
3.58383
3.58419
3.58290
3.57873
3.58267
3.57947
3.57993
3.57900
3.57838
3.58134
3.57827
3.57777
3.57328
3.57270
3.57428
3.57461
3.57040
3.56731
3.57106
3.56895
3.56779
3.56913
3.56536
3.56339
3.56628
3.56444
3.56561
3.56092
3.55835
3.55923
3.55997
3.55799
3.55711
3.55895
3.55909
3.55422
3.55183
3.55673
3.55577
3.55240
3.55248
3.54945
3.54733
3.54752
3.54349
3.54591
3.54698
3.54633
3.54178
3.54005
3.54059
3.53968
3.54032
3.53800
3.53550
3.53572
