-0.00160
-0.02740
0.05394
-0.56250
0.21898
4.95915
5.74257
5.11937
5.20179
5.17368
5.16805
5.16745
5.16209
5.16019
5.15483
5.15376
5.15273
5.15034
5.15239
5.14880
5.14791
5.14604
5.14329
5.14147
5.13406
5.13291
5.13130
5.12427
5.12525
5.12757
5.12495
5.12200
5.12067
5.12035
5.11429
5.11258
5.11399
5.11201
5.11261
5.10642
5.10580
5.10880
5.10331
5.10529
5.10114
5.09872
5.09617
5.09244
5.09537
5.08950
5.08794
5.08636
5.07979
5.07993
5.07627
5.07622
5.07681
5.07468
5.07836
5.07099
5.06518
5.06468
5.06125
5.06392
5.05978
5.05423
5.05168
5.04838
5.05004
5.04511
5.04380
5.04924
5.04487
5.04208
5.03810
5.03766
5.03971
5.03274
5.03329
5.03082
5.02816
5.03211
5.02470
5.02170
5.02161
5.02107
5.02305
5.02009
5.01558
5.00769
5.00486
5.00811
5.00682
5.00501
5.00179
5.00178
5.00271
4.99996
4.99769
4.99427
