-0.00053
-0.00904
0.01781
-0.18554
0.07221
1.63872
1.89681
1.66686
1.66790
1.67648
1.69435
1.68452
1.70237
1.69987
1.67623
1.65952
1.66873
1.69221
1.69173
1.67278
1.65750
1.64978
1.66305
1.66608
1.65963
1.65348
1.64725
1.65291
1.66809
1.68411
1.67441
1.67090
1.66230
1.63766
1.65271
1.66032
1.66413
1.67278
1.68660
1.69277
1.68305
1.67478
1.66678
1.64055
1.63170
1.64984
1.65707
1.64495
1.63549
1.63790
1.64794
1.64516
1.63722
1.62644
1.63045
1.64528
1.64815
1.62345
1.61974
1.63887
1.64419
1.64320
1.63003
1.64387
1.65693
1.66986
1.63624
1.62688
1.65069
1.65770
1.64226
1.63681
1.64611
1.63806
1.62785
1.62245
1.61987
1.63988
1.64954
1.66112
1.66346
1.64599
1.63381
1.62684
1.62937
1.66691
1.67099
1.63769
1.61942
1.63352
1.62130
1.61487
1.62460
1.63100
1.63521
1.62202
1.61128
1.60353
1.59862
1.59447
