-0.00204
-0.03488
0.06869
-0.71605
0.27947
6.31116
7.30411
6.51491
6.61485
6.57741
6.57872
6.57780
6.57714
6.57759
6.57363
6.56809
6.56204
6.56682
6.56998
6.56925
6.56983
6.57413
6.57465
6.57244
6.57244
6.57401
6.57127
6.57057
6.57136
6.57033
6.57221
6.57208
6.57577
6.57835
6.57760
6.57511
6.56555
6.56738
6.56628
6.56913
6.57205
6.56550
6.56358
6.56252
6.56215
6.56304
6.56231
6.56104
6.56275
6.56694
6.57205
6.56168
6.56055
6.56902
6.56889
6.56464
6.56123
6.56759
6.56728
6.55742
6.55876
6.55580
6.55618
6.55841
6.56050
6.56536
6.56029
6.55928
6.55337
6.54680
6.54893
6.54838
6.54954
6.54740
6.54484
6.55153
6.55339
6.55187
6.55085
6.54970
6.55093
6.54618
6.54603
6.54655
6.54545
6.54975
6.54793
6.54963
6.54774
6.54246
6.54777
6.54630
6.54831
6.54654
6.53883
6.54095
6.54371
6.54322
6.54356
6.54033
