-0.00058
-0.00987
0.01965
-0.20338
0.08352
1.78315
2.02978
1.83090
1.89299
1.88763
1.90145
1.89552
1.87222
1.86167
1.87143
1.92386
1.94353
1.90335
1.86951
1.86285
1.85948
1.78382
1.77054
1.78832
1.78169
1.79725
1.79993
1.81829
1.82544
1.83124
1.84696
1.89954
1.89397
1.80350
1.77479
1.84205
1.91560
1.88759
1.88912
1.85156
1.84109
1.85655
1.85484
1.86110
1.86978
1.88148
1.85246
1.87492
1.87099
1.80452
1.76553
1.81681
1.84509
1.82250
1.80692
1.84233
1.84331
1.80709
1.82302
1.86766
1.86012
1.83784
1.79558
1.77474
1.76403
1.75683
1.77642
1.82475
1.86459
1.88108
1.87361
1.86254
1.87141
1.88224
1.88394
1.84378
1.79860
1.81794
1.82982
1.80665
1.80465
1.81847
1.80443
1.81168
1.81441
1.78926
1.77651
1.75608
1.75781
1.76661
1.76637
1.75485
1.74243
1.75119
1.77785
1.77921
1.74571
1.74452
1.74483
1.74970
