-0.00013
-0.00220
0.00434
-0.04513
0.01789
0.39683
0.45798
0.41043
0.41888
0.42279
0.41856
0.41451
0.42026
0.41591
0.41439
0.42132
0.41936
0.41874
0.42157
0.41739
0.41920
0.41639
0.41436
0.41715
0.41577
0.41379
0.41677
0.41760
0.41599
0.41616
0.41802
0.41942
0.41881
0.41790
0.41789
0.41756
0.41965
0.41555
0.41568
0.41588
0.41551
0.42062
0.42207
0.42109
0.42347
0.42545
0.41863
0.41523
0.41829
0.42296
0.41803
0.41587
0.42014
0.41919
0.41912
0.41812
0.41514
0.41765
0.42365
0.41946
0.41705
0.42014
0.42424
0.41649
0.41655
0.42157
0.41797
0.41495
0.41631
0.42074
0.42730
0.41829
0.41651
0.41895
0.41807
0.41935
0.42158
0.41560
0.41510
0.41525
0.41554
0.41767
0.41997
0.42248
0.41570
0.41348
0.41606
0.41305
0.41347
0.41458
0.41367
0.41348
0.41652
0.41859
0.41906
0.42324
0.41780
0.41799
0.41651
0.41617
