-0.00021
-0.00357
0.00704
-0.07338
0.02874
0.64639
0.74741
0.66813
0.67890
0.67323
0.67445
0.67630
0.67505
0.67380
0.67386
0.67578
0.67493
0.67302
0.67326
0.67445
0.67429
0.67498
0.67435
0.67352
0.67348
0.67054
0.66923
0.67173
0.67321
0.67426
0.67293
0.67039
0.67103
0.67198
0.67029
0.67108
0.67101
0.67013
0.67110
0.67130
0.67098
0.67047
0.67096
0.66943
0.66787
0.66898
0.66927
0.67045
0.67249
0.66839
0.66910
0.67044
0.66909
0.67008
0.67122
0.66927
0.67049
0.67062
0.66710
0.66811
0.66989
0.67057
0.66887
0.66746
0.66787
0.66698
0.66679
0.66804
0.66753
0.66676
0.66657
0.66748
0.66903
0.67056
0.66844
0.66619
0.66772
0.66758
0.66511
0.66456
0.66560
0.66744
0.66685
0.66653
0.66687
0.66629
0.66519
0.66499
0.66652
0.66467
0.66379
0.66671
0.66514
0.66445
0.66407
0.66225
0.66448
0.66393
0.66349
0.66480
