-0.00017
-0.00296
0.00583
-0.06074
0.02372
0.53520
0.61977
0.54938
0.56446
0.57655
0.55964
0.56556
0.56175
0.56166
0.57256
0.57384
0.57162
0.58053
0.57816
0.56178
0.56562
0.58522
0.61063
0.60118
0.59766
0.61477
0.61252
0.56480
0.56637
0.58683
0.58293
0.58541
0.59254
0.59927
0.59377
0.58686
0.57967
0.58957
0.61587
0.63519
0.63537
0.63293
0.60744
0.59509
0.59004
0.57831
0.58749
0.59481
0.58350
0.58177
0.58808
0.59276
0.58588
0.59204
0.59461
0.58945
0.58955
0.58451
0.58295
0.58334
0.59666
0.59421
0.60163
0.60320
0.60078
0.59856
0.58623
0.59954
0.61694
0.61072
0.60424
0.60040
0.61880
0.59989
0.59067
0.59018
0.61220
0.61137
0.59377
0.60329
0.59714
0.58026
0.57978
0.57954
0.58247
0.58951
0.58819
0.59265
0.60609
0.61813
0.61095
0.62778
0.62423
0.62779
0.63531
0.62206
0.64008
0.64606
0.62891
0.61876
