-0.00107
-0.01833
0.03611
-0.37634
0.14697
3.31696
3.83790
3.42283
3.47708
3.45766
3.45573
3.45419
3.45093
3.45086
3.44920
3.44889
3.44567
3.44369
3.44442
3.44089
3.44051
3.44054
3.43972
3.43841
3.43411
3.43171
3.43274
3.42966
3.42740
3.42624
3.42619
3.42440
3.42283
3.41962
3.41689
3.41843
3.41726
3.41484
3.41581
3.41294
3.41080
3.40964
3.40688
3.40568
3.40317
3.40288
3.40182
3.39836
3.39732
3.39541
3.39380
3.39234
3.39105
3.39065
3.38918
3.38825
3.38639
3.38349
3.38413
3.38041
3.37683
3.37760
3.37572
3.37309
3.36970
3.36944
3.36955
3.36630
3.36550
3.36273
3.36062
3.36055
3.35898
3.35844
3.35529
3.35398
3.35290
3.34986
3.34821
3.34692
3.34689
3.34402
3.34251
3.34278
3.34062
3.33996
3.33733
3.33475
3.33628
3.33380
3.33127
3.33102
3.32953
3.32741
3.32374
3.32433
3.32250
3.32037
3.31942
3.31777
