-0.00144
-0.02465
0.04852
-0.50594
0.19700
4.46094
5.16465
4.60122
4.67459
4.64727
4.63922
4.63866
4.63280
4.63312
4.62689
4.61878
4.61719
4.60898
4.60906
4.60514
4.59883
4.59929
4.59226
4.59103
4.58757
4.58147
4.58177
4.57449
4.57653
4.57394
4.56763
4.56403
4.55677
4.55522
4.54901
4.54587
4.54380
4.53312
4.53353
4.53081
4.52646
4.52722
4.51735
4.51572
4.51093
4.50618
4.50648
4.49655
4.49734
4.49220
4.48978
4.49223
4.48353
4.48029
4.47509
4.46917
4.46657
4.46140
4.46297
4.45619
4.45042
4.45041
4.44300
4.44235
4.43583
4.43318
4.43254
4.42465
4.42265
4.41685
4.41450
4.41287
4.40406
4.40245
4.39866
4.39569
4.39231
4.38345
4.38243
4.37540
4.37339
4.37253
4.36598
4.36423
4.35569
4.35206
4.35023
4.34141
4.34229
4.33431
4.33335
4.33420
4.32545
4.32684
4.32121
4.31522
4.31064
4.30371
4.30281
4.29510
