-0.00022
-0.00368
0.00715
-0.07528
0.02760
0.66613
0.78627
0.70159
0.71070
0.71748
0.69937
0.66128
0.64191
0.64393
0.67154
0.67232
0.67993
0.67567
0.67972
0.67523
0.65776
0.65547
0.67168
0.67289
0.65497
0.64342
0.63701
0.64190
0.66778
0.64384
0.64859
0.65665
0.67439
0.68871
0.69393
0.68214
0.67992
0.68150
0.68100
0.68794
0.68663
0.68196
0.68185
0.68088
0.67556
0.68896
0.68925
0.68215
0.69689
0.67835
0.67415
0.69751
0.71308
0.71540
0.71754
0.72382
0.70581
0.72540
0.72272
0.71181
0.72532
0.73452
0.74665
0.76897
0.74198
0.72608
0.72271
0.70771
0.71341
0.70586
0.70053
0.70142
0.70635
0.71584
0.69953
0.68701
0.68812
0.69243
0.70223
0.70044
0.69936
0.69427
0.69966
0.70618
0.72423
0.74690
0.74356
0.74288
0.72481
0.71968
0.73103
0.73097
0.73491
0.72294
0.71346
0.72005
0.70722
0.68236
0.68727
0.69910
