-0.00003
-0.00056
0.00108
-0.01137
0.00411
0.10103
0.11857
0.10447
0.10761
0.10586
0.10506
0.10590
0.10539
0.10752
0.11519
0.11086
0.10464
0.10403
0.10935
0.11131
0.10586
0.10690
0.10589
0.10737
0.11130
0.10914
0.11351
0.10654
0.10608
0.10881
0.10544
0.10590
0.10899
0.10703
0.10706
0.10661
0.10607
0.10463
0.10460
0.10527
0.10766
0.10975
0.10771
0.10644
0.11059
0.11516
0.11248
0.10676
0.10495
0.10930
0.12290
0.11431
0.10547
0.10674
0.10929
0.11508
0.10663
0.10530
0.10784
0.10606
0.10812
0.10951
0.10660
0.10640
0.11410
0.11430
0.10860
0.11426
0.10944
0.10594
0.10815
0.10673
0.10694
0.10653
0.10983
0.12078
0.10837
0.10591
0.11587
0.11309
0.10792
0.11327
0.10702
0.11092
0.11614
0.11046
0.11213
0.11467
0.11759
0.10651
0.11433
0.13626
0.11027
0.10368
0.10851
0.10890
0.10943
0.10913
0.11048
0.11273
