-0.00159
-0.02713
0.05342
-0.55707
0.21717
4.90948
5.68506
5.07586
5.15654
5.12991
5.12986
5.13109
5.13203
5.13244
5.12930
5.13122
5.13189
5.12858
5.12686
5.13162
5.13238
5.13119
5.13326
5.13450
5.13459
5.13386
5.13268
5.13324
5.13203
5.13243
5.13406
5.13478
5.13474
5.13586
5.13673
5.13722
5.13759
5.13781
5.13706
5.13554
5.13441
5.13750
5.13825
5.13583
5.13592
5.13611
5.13871
5.13754
5.13667
5.13641
5.13607
5.13885
5.13908
5.13805
5.13622
5.13888
5.13966
5.13641
5.13741
5.13874
5.13763
5.13966
5.14117
5.13968
5.13974
5.14206
5.14276
5.14082
5.14145
5.14224
5.14157
5.14115
5.14229
5.14113
5.14224
5.14325
5.14380
5.14279
5.14196
5.14261
5.14435
5.14577
5.14410
5.14330
5.14590
5.14493
5.14345
5.14406
5.14385
5.14401
5.14345
5.14522
5.14522
5.14168
5.14286
5.14501
5.14486
5.14366
5.14490
5.14593
