-0.00017
-0.00297
0.00585
-0.06101
0.02358
0.53831
0.62478
0.55528
0.56236
0.56052
0.55923
0.55925
0.55763
0.55625
0.55532
0.55707
0.55677
0.55556
0.55610
0.55473
0.55453
0.55284
0.55136
0.55183
0.55018
0.54951
0.55132
0.55059
0.54867
0.54814
0.54932
0.55018
0.54721
0.54638
0.54670
0.54514
0.54348
0.54430
0.54383
0.54182
0.54202
0.54143
0.54121
0.54173
0.53950
0.54024
0.54029
0.53884
0.53750
0.53537
0.53661
0.53679
0.53650
0.53579
0.53500
0.53369
0.53307
0.53295
0.53233
0.53131
0.53223
0.52980
0.52957
0.53217
0.52878
0.52828
0.52852
0.52796
0.52884
0.52605
0.52561
0.52654
0.52237
0.52276
0.52281
0.52255
0.52276
0.52270
0.52186
0.52113
0.52020
0.51888
0.51876
0.51765
0.51625
0.51682
0.51654
0.51714
0.51650
0.51391
0.51320
0.51162
0.51033
0.51124
0.51066
0.51067
0.51064
0.50911
0.51087
0.51022
