-0.00001
-0.00014
0.00016
-0.00239
-0.00131
0.02681
0.04252
0.02966
0.03963
0.03337
0.03037
0.02905
0.02810
0.02975
0.03945
0.03644
0.04821
0.03423
0.04252
0.03415
0.05231
0.03102
0.02873
0.02286
0.02336
0.04322
0.03402
0.02763
0.02620
0.02540
0.02681
0.03193
0.04245
0.02563
0.02689
0.03654
0.02549
0.02330
0.02361
0.02284
0.02695
0.03025
0.02807
0.03181
0.03433
0.04026
0.02705
0.02371
0.02314
0.02487
0.03041
0.02475
0.02589
0.02496
0.02238
0.02317
0.02804
0.03406
0.02749
0.02617
0.04073
0.03677
0.03919
0.02600
0.02431
0.03132
0.02533
0.02462
0.02628
0.02446
0.02962
0.03027
0.03999
0.04976
0.02773
0.02109
0.02698
0.02550
0.02690
0.02624
0.02592
0.02480
0.02938
0.02465
0.02273
0.02958
0.02645
0.02426
0.02601
0.02500
0.02067
0.02511
0.03694
0.02545
0.02428
0.02289
0.02894
0.05175
0.03631
0.02825
