-0.00199
-0.03405
0.06707
-0.69914
0.27296
6.16132
7.13101
6.36357
6.46416
6.43286
6.43167
6.43093
6.42923
6.42772
6.42675
6.42565
6.42501
6.42584
6.42567
6.42541
6.42431
6.42263
6.42184
6.42068
6.42066
6.41773
6.41639
6.41955
6.41916
6.41894
6.41934
6.41881
6.41777
6.41626
6.41598
6.41622
6.41740
6.42054
6.42301
6.41943
6.41145
6.40692
6.41161
6.41699
6.42713
6.43777
6.43674
6.43780
6.44143
6.44262
6.44084
6.44124
6.44137
6.44207
6.44097
6.43839
6.43798
6.43600
6.43419
6.43015
6.41104
6.40460
6.40636
6.40505
6.40624
6.40452
6.41230
6.41988
6.40128
6.39840
6.41473
6.42992
6.43042
6.42870
6.42625
6.41571
6.42228
6.42666
6.42051
6.41842
6.41647
6.41875
6.42240
6.42002
6.41726
6.41568
6.41418
6.41136
6.40695
6.40175
6.40895
6.41160
6.40484
6.40854
6.40567
6.40165
6.40177
6.39927
6.38958
6.38516
