-0.00180
-0.03078
0.06062
-0.63200
0.24674
5.56951
6.44616
5.75269
5.84440
5.81905
5.81906
5.81846
5.81836
5.81491
5.81376
5.81660
5.81913
5.82037
5.82155
5.82167
5.81971
5.81685
5.81950
5.82164
5.82067
5.81691
5.81483
5.82315
5.82649
5.82781
5.83046
5.83029
5.82940
5.82952
5.83089
5.83288
5.83415
5.83325
5.83357
5.83276
5.82859
5.82745
5.83062
5.83122
5.83288
5.83562
5.83408
5.83366
5.83759
5.83558
5.83336
5.83729
5.83469
5.83705
5.83859
5.83578
5.83451
5.83125
5.82814
5.82829
5.82203
5.81891
5.82039
5.82392
5.82313
5.81780
5.82372
5.82963
5.82929
5.83285
5.83738
5.84068
5.84006
5.83866
5.83857
5.82997
5.83080
5.83783
5.83634
5.83522
5.83329
5.83624
5.83983
5.83912
5.83735
5.83686
5.84101
5.84171
5.84160
5.84061
5.84153
5.84192
5.83723
5.83805
5.83651
5.83488
5.83587
5.83975
5.83874
5.83409
