-0.00024
-0.00403
0.00795
-0.08280
0.03235
0.72996
0.84407
0.75088
0.76227
0.75909
0.75965
0.76043
0.76072
0.76019
0.76089
0.76013
0.76055
0.76057
0.75871
0.75863
0.75951
0.75992
0.76010
0.75948
0.76039
0.75868
0.75735
0.75828
0.75974
0.76007
0.75903
0.75905
0.75952
0.75943
0.76203
0.75739
0.72757
0.70206
0.70107
0.70599
0.70561
0.69685
0.68797
0.69163
0.69922
0.69318
0.69427
0.70585
0.70102
0.70567
0.71931
0.72580
0.72333
0.71374
0.70938
0.71625
0.71404
0.71259
0.72276
0.72299
0.72274
0.72741
0.72503
0.71415
0.71628
0.72477
0.73431
0.73722
0.71756
0.70406
0.71198
0.69800
0.70833
0.71721
0.69810
0.70620
0.70508
0.68863
0.70120
0.71435
0.71365
0.71112
0.71545
0.70918
0.71209
0.71946
0.71564
0.71506
0.71296
0.70170
0.69465
0.68098
0.67119
0.67332
0.66983
0.67380
0.67826
0.68485
0.68602
0.68285
