-0.00114
-0.01941
0.03820
-0.39849
0.15513
3.51195
4.06922
3.63501
3.69249
3.67525
3.67650
3.67454
3.67294
3.68303
3.68510
3.68216
3.68517
3.68840
3.69171
3.69560
3.69695
3.69426
3.69618
3.70024
3.70444
3.70456
3.70526
3.70730
3.70894
3.71129
3.71314
3.71017
3.71415
3.71948
3.71806
3.72012
3.72339
3.72947
3.72804
3.72154
3.72664
3.73021
3.73035
3.73535
3.73758
3.73646
3.73928
3.73667
3.73918
3.74522
3.74523
3.74570
3.74868
3.75044
3.75014
3.75467
3.75520
3.75636
3.75789
3.75979
3.76456
3.76671
3.76778
3.76951
3.76981
3.77019
3.76844
3.77496
3.77606
3.77576
3.77931
3.77596
3.78137
3.78401
3.78580
3.78891
3.79374
3.79275
3.79194
3.79326
3.79576
3.80044
3.79726
3.79684
3.80173
3.80268
3.80403
3.80685
3.80917
3.81325
3.81135
3.81204
3.81452
3.81466
3.81748
3.81916
3.81984
3.82722
3.82201
3.82191
