-0.00156
-0.02670
0.05256
-0.54807
0.21359
4.83035
5.59398
4.99378
5.07220
5.04676
5.04649
5.04534
5.04560
5.04714
5.04707
5.04706
5.04519
5.04556
5.04530
5.04359
5.04479
5.04485
5.04571
5.04537
5.04444
5.04583
5.04731
5.04583
5.04664
5.04762
5.04776
5.04821
5.04859
5.04628
5.04801
5.05001
5.04897
5.04763
5.04563
5.04795
5.04912
5.04749
5.04707
5.04772
5.04939
5.04906
5.04880
5.04927
5.05061
5.04996
5.04834
5.04879
5.04891
5.04842
5.04814
5.05026
5.04894
5.05044
5.04951
5.04811
5.04819
5.04937
5.05013
5.05037
5.04991
5.05011
5.04944
5.04952
5.04877
5.04986
5.04885
5.04952
5.04951
5.04816
5.04846
5.04857
5.04895
5.04858
5.04900
5.04870
5.04946
5.05009
5.05047
5.05075
5.05050
5.05006
5.04962
5.04915
5.04830
5.04784
5.05067
5.05053
5.04773
5.04897
5.04880
5.04901
5.04866
5.04818
5.05044
5.05225
