-0.00185
-0.03162
0.06226
-0.64923
0.25317
5.72172
6.62511
5.91398
6.00730
5.97797
5.97700
5.97706
5.97757
5.97724
5.97835
5.97982
5.98053
5.98221
5.98210
5.98358
5.98321
5.98274
5.98411
5.98378
5.98395
5.98467
5.98478
5.98613
5.98762
5.98788
5.98755
5.98783
5.98768
5.98834
5.98917
5.98976
5.98944
5.99023
5.99153
5.99175
5.99233
5.99363
5.99375
5.99349
5.99585
5.99637
5.99594
5.99643
5.99808
5.99861
5.99843
5.99993
6.00036
6.00013
6.00124
6.00161
6.00165
6.00307
6.00319
6.00293
6.00372
6.00501
6.00518
6.00491
6.00492
6.00487
6.00709
6.00840
6.00667
6.00654
6.00726
6.00760
6.00912
6.00919
6.01037
6.01039
6.01146
6.01101
6.00902
6.01077
6.01101
6.01093
6.01253
6.01261
6.01277
6.01323
6.01335
6.01390
6.01350
6.01465
6.01547
6.01558
6.01566
6.01693
6.01670
6.01664
6.01744
6.01902
6.01879
6.01817
