-0.00000
-0.00008
0.00015
-0.00165
0.00057
0.01429
0.01842
0.01810
0.01601
0.01694
0.01381
0.01467
0.02128
0.01908
0.01826
0.01667
0.01474
0.01682
0.01775
0.01460
0.01662
0.01862
0.01712
0.01583
0.01711
0.02079
0.01861
0.01794
0.02014
0.01612
0.01434
0.01443
0.02136
0.01829
0.01889
0.01634
0.01705
0.01847
0.01705
0.02045
0.01813
0.01642
0.01856
0.01805
0.01418
0.01452
0.01731
0.02006
0.01526
0.02082
0.01888
0.01268
0.01311
0.01819
0.02075
0.01735
0.01680
0.01433
0.01627
0.02228
0.02123
0.01836
0.01823
0.01673
0.02296
0.02012
0.01655
0.01762
0.01684
0.01710
0.01885
0.01921
0.02040
0.01931
0.01921
0.01728
0.01151
0.01794
0.01871
0.01528
0.01957
0.01678
0.01411
0.01705
0.02443
0.02156
0.01640
0.01911
0.01757
0.01812
0.01321
0.02162
0.02113
0.01224
0.01683
0.01713
0.01814
0.01927
0.01181
0.01562
