-0.00001
-0.00024
0.00047
-0.00496
0.00175
0.04373
0.05321
0.04817
0.04654
0.04956
0.04712
0.04535
0.05091
0.04841
0.04458
0.04936
0.04893
0.04855
0.04720
0.04777
0.04642
0.04997
0.05122
0.04900
0.05256
0.04879
0.04754
0.05041
0.05007
0.04589
0.04989
0.05166
0.05423
0.05135
0.05189
0.04665
0.04481
0.04852
0.04818
0.04599
0.04691
0.04742
0.04568
0.05058
0.04988
0.04927
0.04647
0.04615
0.04612
0.04530
0.05055
0.04601
0.04748
0.04969
0.04858
0.04644
0.04876
0.04617
0.04955
0.05156
0.04204
0.04299
0.05141
0.04848
0.04695
0.05124
0.05170
0.05078
0.04902
0.05134
0.05077
0.04820
0.04785
0.04608
0.04802
0.04845
0.04667
0.05157
0.05373
0.04748
0.04572
0.04678
0.04471
0.04746
0.05097
0.04933
0.04945
0.04319
0.04233
0.04946
0.05139
0.04875
0.04792
0.04607
0.04444
0.04540
0.05165
0.05331
0.04991
0.05047
