-0.00177
-0.03022
0.05951
-0.62054
0.24196
5.46814
6.33261
5.65742
5.74973
5.72351
5.72149
5.72524
5.72692
5.72770
5.72990
5.73252
5.73845
5.73848
5.73733
5.74163
5.74003
5.74380
5.74802
5.74552
5.75078
5.75180
5.75356
5.75849
5.75712
5.75902
5.76156
5.76711
5.76785
5.76762
5.77283
5.77174
5.77384
5.77771
5.77413
5.77995
5.78504
5.78546
5.78317
5.78667
5.79139
5.78880
5.79505
5.79456
5.79366
5.80052
5.80115
5.80260
5.80996
5.80868
5.80999
5.80644
5.81142
5.81747
5.81875
5.82261
5.82055
5.82475
5.82492
5.82520
5.83142
5.82902
5.82927
5.83327
5.83664
5.84208
5.83836
5.84226
5.84260
5.84268
5.84944
5.84722
5.85067
5.85534
5.85330
5.85377
5.85868
5.85926
5.85770
5.86558
5.86705
5.86408
5.87129
5.87146
5.87006
5.87714
5.87375
5.87783
5.87867
5.88025
5.88601
5.88501
5.88546
5.89091
5.89088
5.89211
