-0.00113
-0.01926
0.03793
-0.39549
0.15431
3.48488
4.03481
3.60530
3.66418
3.64474
3.64617
3.64958
3.65092
3.65283
3.65207
3.65437
3.66083
3.66006
3.65807
3.65872
3.65959
3.66598
3.66604
3.66330
3.66697
3.67115
3.67161
3.67191
3.67411
3.67513
3.67600
3.68072
3.68180
3.68334
3.68152
3.68396
3.68686
3.68752
3.68757
3.69127
3.69482
3.69507
3.69521
3.69798
3.69956
3.69884
3.70430
3.70582
3.70481
3.70756
3.70827
3.71026
3.71245
3.71399
3.71537
3.71286
3.71702
3.72228
3.72326
3.71989
3.72183
3.72764
3.72633
3.72779
3.72869
3.72956
3.73281
3.73570
3.73850
3.73843
3.73805
3.74178
3.74162
3.74417
3.74538
3.74540
3.74811
3.74692
3.74972
3.75559
3.75469
3.75347
3.75729
3.76072
3.76375
3.76449
3.76455
3.76587
3.76644
3.76701
3.76868
3.76850
3.77067
3.77629
3.77635
3.77316
3.77567
3.78183
3.78324
3.78116
