-0.00074
-0.01258
0.02477
-0.25829
0.10062
2.27721
2.63717
2.34886
2.38178
2.36829
2.36261
2.36364
2.36130
2.35576
2.35846
2.36099
2.35779
2.35687
2.35294
2.35380
2.35152
2.34993
2.34750
2.34647
2.34838
2.34463
2.34126
2.34172
2.34245
2.34295
2.33514
2.33303
2.33858
2.33845
2.33771
2.33712
2.32885
2.32978
2.33135
2.33190
2.32503
2.31999
2.31899
2.31941
2.32175
2.31843
2.31485
2.31391
2.31026
2.31119
2.30850
2.30907
2.30839
2.30363
2.30457
2.30675
2.30393
2.30194
2.29991
2.29719
2.29692
2.29568
2.29477
2.28968
2.28822
2.29017
2.29024
2.28589
2.28458
2.28413
2.28274
2.28259
2.28203
2.27843
2.27670
2.27487
2.27287
2.26948
2.26915
2.26853
2.26217
2.25847
2.25731
2.25851
2.25779
2.25656
2.25808
2.25260
2.25088
2.25409
2.24747
2.24524
2.24515
2.24669
2.24880
2.24292
2.23847
2.23607
2.24341
2.23944
