-0.00109
-0.01853
0.03653
-0.38058
0.14946
3.35118
3.87293
3.46453
3.52736
3.51422
3.51601
3.51849
3.51762
3.51718
3.51353
3.51422
3.51214
3.51476
3.51494
3.51347
3.51187
3.51193
3.50818
3.50798
3.51292
3.51131
3.50621
3.50013
3.50386
3.50582
3.50168
3.50120
3.50421
3.50224
3.49781
3.50112
3.50461
3.50099
3.49970
3.49759
3.49676
3.49743
3.49785
3.49550
3.49630
3.49552
3.48997
3.48800
3.48935
3.49140
3.49366
3.49307
3.48745
3.48777
3.49055
3.48947
3.48730
3.48279
3.48770
3.49265
3.48599
3.48172
3.48137
3.48410
3.48353
3.48197
3.47956
3.48198
3.48133
3.47524
3.47669
3.48359
3.48162
3.47675
3.47363
3.47767
3.47724
3.47083
3.47672
3.47691
3.47188
3.46955
3.47139
3.47523
3.47343
3.47166
3.47066
3.47098
3.47156
3.46786
3.47187
3.47212
3.46523
3.46819
3.47185
3.46874
3.46464
3.46326
3.46555
3.46624
