-0.00151
-0.02581
0.05082
-0.52981
0.20677
4.66929
5.40501
4.82275
4.89639
4.87028
4.86903
4.86859
4.86553
4.86363
4.86170
4.85886
4.85667
4.85639
4.85562
4.85233
4.85106
4.84988
4.84726
4.84842
4.84597
4.84192
4.84146
4.83861
4.83725
4.83726
4.83294
4.83149
4.83216
4.83084
4.82868
4.82708
4.82501
4.82075
4.82069
4.82072
4.81946
4.81979
4.81582
4.81415
4.81250
4.81037
4.80870
4.80724
4.80693
4.80432
4.80144
4.79867
4.79652
4.79394
4.79193
4.78953
4.78460
4.78025
4.78131
4.78096
4.77903
4.77764
4.77501
4.77424
4.77375
4.77026
4.77043
4.76768
4.76579
4.76340
4.76082
4.76134
4.75793
4.75576
4.75414
4.75096
4.74984
4.74896
4.74686
4.74550
4.74320
4.74122
4.73947
4.73805
4.73707
4.73419
4.73122
4.73047
4.72869
4.72528
4.72252
4.72177
4.72166
4.72010
4.71520
4.71427
4.71222
4.70568
4.70508
4.70473
