-0.00003
-0.00056
0.00113
-0.01163
0.00486
0.10213
0.11552
0.10096
0.10388
0.10863
0.10522
0.10356
0.10309
0.10384
0.11390
0.11049
0.10954
0.10318
0.10786
0.10660
0.10695
0.10624
0.10014
0.10154
0.10566
0.10213
0.09769
0.09966
0.10028
0.10928
0.11972
0.10211
0.09760
0.10304
0.10019
0.09922
0.11180
0.10961
0.10236
0.10024
0.10035
0.10264
0.10013
0.10067
0.09907
0.10037
0.10058
0.10092
0.10770
0.10537
0.10012
0.09988
0.10131
0.10435
0.10335
0.10317
0.10174
0.10372
0.09943
0.09531
0.10374
0.10111
0.09590
0.09516
0.09947
0.10161
0.09842
0.09764
0.09784
0.09731
0.09783
0.09455
0.09411
0.09626
0.09577
0.09696
0.09937
0.09365
0.09280
0.09769
0.10568
0.10762
0.09461
0.09339
0.09961
0.10132
0.09348
0.09098
0.09847
0.10179
0.10311
0.09620
0.09408
0.09383
0.09732
0.09470
0.09023
0.08906
0.09287
0.09326
