-0.00033
-0.00555
0.01095
-0.11398
0.04477
1.00425
1.16014
1.03371
1.04841
1.04097
1.03704
1.03631
1.03602
1.03285
1.03068
1.02776
1.02873
1.02506
1.02094
1.02016
1.01691
1.01597
1.01600
1.01129
1.01048
1.01080
1.00535
1.00260
1.00315
1.00168
0.99687
0.99594
0.99424
0.99256
0.99257
0.98916
0.98637
0.98282
0.98081
0.98076
0.97780
0.97622
0.97231
0.97199
0.97161
0.96905
0.96625
0.96284
0.96033
0.96229
0.95872
0.95393
0.95362
0.95183
0.94950
0.94655
0.94419
0.94266
0.94131
0.94237
0.93859
0.93431
0.93228
0.93045
0.93136
0.92579
0.92348
0.92329
0.92061
0.91922
0.91570
0.91305
0.91070
0.90855
0.90951
0.90837
0.90498
0.90111
0.89865
0.89886
0.89640
0.89464
0.89327
0.88867
0.88835
0.88532
0.88454
0.88304
0.87971
0.87726
0.87470
0.87279
0.87089
0.86969
0.86890
0.86506
0.86294
0.86119
0.85707
0.85743
