-0.00003
-0.00058
0.00115
-0.01198
0.00495
0.10414
0.12042
0.11302
0.11438
0.11436
0.11073
0.10983
0.11402
0.11046
0.10674
0.11076
0.11426
0.10663
0.10565
0.11096
0.10545
0.10180
0.10251
0.10873
0.11042
0.11373
0.10814
0.10748
0.11139
0.11072
0.10680
0.11054
0.11104
0.11118
0.10967
0.10884
0.10824
0.10305
0.10442
0.10663
0.10800
0.10924
0.10587
0.10784
0.11171
0.11304
0.10567
0.11123
0.11531
0.10545
0.10776
0.10813
0.10937
0.11552
0.11240
0.10738
0.10995
0.11156
0.10880
0.10980
0.11461
0.11402
0.11273
0.11442
0.11307
0.11037
0.11104
0.10972
0.11345
0.11651
0.10667
0.10411
0.10982
0.10608
0.10582
0.11274
0.11033
0.10619
0.10078
0.10708
0.10895
0.10613
0.10558
0.10852
0.11043
0.10859
0.10886
0.10654
0.10869
0.10634
0.10567
0.10524
0.10576
0.10825
0.10592
0.10384
0.10843
0.10553
0.10637
0.10783
