-0.00114
-0.01943
0.03825
-0.39890
0.15568
3.51449
4.07011
3.63830
3.69365
3.67551
3.67755
3.67753
3.68319
3.68138
3.68438
3.68772
3.68727
3.68805
3.69077
3.69318
3.69353
3.69327
3.69544
3.69957
3.69875
3.70249
3.70402
3.70496
3.70851
3.70930
3.70952
3.71112
3.71502
3.71561
3.71756
3.71741
3.71916
3.72153
3.72071
3.72296
3.72577
3.72795
3.72621
3.73040
3.73555
3.73576
3.73727
3.74057
3.73974
3.74127
3.74510
3.74573
3.74659
3.74866
3.75106
3.74848
3.75018
3.75421
3.75540
3.75667
3.75729
3.75807
3.75837
3.76272
3.76501
3.76751
3.76896
3.77002
3.77183
3.77424
3.77368
3.77353
3.77704
3.78061
3.78087
3.78017
3.78458
3.78818
3.78714
3.78555
3.78770
3.79104
3.79546
3.79534
3.79804
3.79742
3.80002
3.80267
3.80283
3.80578
3.80843
3.80711
3.80806
3.81009
3.80940
3.81447
3.81850
3.81802
3.81754
3.81868
