-0.00112
-0.01911
0.03768
-0.39246
0.15397
3.45773
3.99436
3.56330
3.62757
3.61318
3.60783
3.59853
3.59672
3.60186
3.60149
3.59541
3.59735
3.59996
3.60414
3.60913
3.60729
3.60890
3.60293
3.59775
3.59663
3.59839
3.59228
3.58444
3.58295
3.57511
3.56904
3.56775
3.56305
3.55882
3.56117
3.56377
3.55996
3.55255
3.55708
3.55432
3.55348
3.55273
3.54485
3.53615
3.53443
3.53043
3.53270
3.53480
3.53357
3.53093
3.53123
3.53273
3.52935
3.52767
3.52203
3.51768
3.51727
3.51158
3.50663
3.49790
3.48999
3.48564
3.48450
3.48448
3.48227
3.47923
3.47729
3.48026
3.48247
3.47899
3.47136
3.46282
3.46231
3.46246
3.46712
3.46407
3.45319
3.44499
3.44734
3.44707
3.44273
3.43815
3.43170
3.43436
3.43925
3.43235
3.42600
3.43335
3.43316
3.42549
3.41984
3.41347
3.41073
3.40911
3.40603
3.40162
3.40486
3.39919
3.39736
3.39392
