-0.00247
-0.04224
0.08317
-0.86719
0.33815
7.64293
8.84904
7.89768
8.02359
7.98475
7.98205
7.98016
7.97980
7.98056
7.97990
7.98064
7.98121
7.98149
7.98019
7.98067
7.97906
7.98018
7.98135
7.98182
7.98262
7.98235
7.98288
7.98071
7.98114
7.98200
7.98178
7.98228
7.98158
7.98068
7.98029
7.98042
7.98232
7.98060
7.98032
7.98136
7.98118
7.98092
7.98114
7.98146
7.98131
7.98264
7.98268
7.98091
7.98109
7.98210
7.98134
7.98169
7.98190
7.98181
7.98109
7.98188
7.98048
7.97899
7.98132
7.98246
7.98154
7.98138
7.98178
7.98184
7.98110
7.98123
7.98197
7.98087
7.98020
7.98110
7.98295
7.98192
7.98122
7.98218
7.98125
7.98125
7.98222
7.98252
7.98067
7.97920
7.98019
7.98193
7.97950
7.97933
7.97991
7.98057
7.98042
7.98106
7.98136
7.98181
7.98216
7.98076
7.98077
7.98206
7.98247
7.98135
7.98080
7.98066
7.98071
7.98229
