-0.00033
-0.00561
0.01099
-0.11503
0.04380
1.01558
1.18598
1.05649
1.06282
1.06140
1.06801
1.06957
1.06221
1.05354
1.05214
1.05414
1.05488
1.05501
1.05599
1.05955
1.05094
1.04362
1.04426
1.04818
1.05292
1.04765
1.04600
1.04908
1.04757
1.04782
1.05755
1.05690
1.05964
1.06324
1.05482
1.04950
1.04961
1.04683
1.05758
1.06357
1.05909
1.06147
1.05837
1.05123
1.05100
1.05093
1.04909
1.04756
1.04307
1.04096
1.04604
1.05461
1.06365
1.06225
1.05216
1.04876
1.05111
1.04671
1.04434
1.04693
1.04709
1.04360
1.04227
1.05008
1.05576
1.04980
1.04280
1.05001
1.04967
1.04542
1.04528
1.04269
1.03882
1.03936
1.03906
1.04426
1.05175
1.05165
1.04509
1.04305
1.03965
1.03873
1.03550
1.03817
1.03639
1.03244
1.03220
1.03680
1.04547
1.03990
1.03527
1.03591
1.03523
1.03341
1.03975
1.04814
1.04468
1.04948
1.05872
1.05609
