-0.00004
-0.00061
0.00121
-0.01261
0.00490
0.11103
0.12917
0.11569
0.11612
0.11515
0.11518
0.11595
0.11715
0.12067
0.11674
0.11969
0.11909
0.11575
0.11755
0.11933
0.11632
0.11676
0.11627
0.11580
0.11662
0.11742
0.11376
0.11506
0.11704
0.11626
0.11566
0.11788
0.11743
0.11523
0.11497
0.11564
0.11683
0.11950
0.11870
0.11412
0.11342
0.11659
0.12051
0.11675
0.11653
0.11892
0.11737
0.11849
0.11784
0.11835
0.11978
0.12035
0.12041
0.12331
0.12879
0.12212
0.11767
0.11924
0.12513
0.12215
0.11711
0.11864
0.12309
0.12213
0.11625
0.11689
0.12077
0.12091
0.11822
0.12165
0.12423
0.12071
0.11978
0.11676
0.11632
0.11967
0.11842
0.12493
0.12402
0.11906
0.12070
0.11666
0.11825
0.12775
0.12818
0.11850
0.11590
0.11727
0.11882
0.12065
0.12169
0.11829
0.11792
0.11899
0.11853
0.12044
0.12399
0.12092
0.11791
0.11586
