-0.00084
-0.01442
0.02840
-0.29611
0.11571
2.60883
3.01987
2.69820
2.73772
2.72282
2.72462
2.71993
2.72136
2.72330
2.72109
2.71878
2.72007
2.72368
2.72799
2.71838
2.71557
2.72174
2.72419
2.71961
2.71539
2.71627
2.71529
2.71291
2.71402
2.71664
2.71834
2.71765
2.71796
2.71512
2.71476
2.71419
2.71348
2.71073
2.71092
2.70891
2.71497
2.71240
2.70925
2.71521
2.71399
2.70693
2.70735
2.70717
2.70548
2.70575
2.70849
2.70647
2.70319
2.70683
2.70701
2.70332
2.70917
2.71444
2.70475
2.69972
2.70494
2.70567
2.70475
2.70116
2.69908
2.71151
2.70394
2.69988
2.70366
2.70342
2.69912
2.69547
2.69577
2.70121
2.70320
2.69675
2.69958
2.70152
2.69867
2.69813
2.69671
2.69284
2.69725
2.69713
2.69949
2.69465
2.68574
2.68884
2.69344
2.69561
2.69442
2.69306
2.69480
2.69019
2.68748
2.69005
2.69043
2.68897
2.68610
2.68828
