-0.00153
-0.02618
0.05153
-0.53736
0.20913
4.73738
5.48699
4.89189
4.96881
4.94788
4.94587
4.94527
4.94880
4.94625
4.95160
4.95249
4.94699
4.94197
4.93831
4.94588
4.95128
4.94361
4.93686
4.94154
4.94755
4.94606
4.94282
4.94582
4.94529
4.94557
4.94560
4.94594
4.94625
4.94247
4.94307
4.94487
4.93966
4.94189
4.94235
4.94751
4.94810
4.94568
4.95070
4.95192
4.95221
4.94822
4.94330
4.94742
4.95388
4.94996
4.94775
4.94276
4.94270
4.94623
4.94792
4.95069
4.95099
4.94609
4.94394
4.94610
4.94761
4.94726
4.94933
4.94681
4.94758
4.94851
4.95398
4.94499
4.94415
4.94841
4.94652
4.94535
4.94703
4.94716
4.94576
4.94949
4.94894
4.94795
4.95000
4.94912
4.94457
4.94986
4.94974
4.94737
4.95111
4.94566
4.94708
4.95124
4.95055
4.94703
4.94644
4.94457
4.94193
4.94545
4.94793
4.94314
4.93958
4.94546
4.94594
4.94630
