-0.00003
-0.00045
0.00091
-0.00935
0.00424
0.08002
0.09153
0.08833
0.08577
0.09370
0.09284
0.08533
0.10216
0.09832
0.08939
0.08729
0.08810
0.08662
0.07940
0.08212
0.09438
0.08982
0.09079
0.08638
0.08030
0.09442
0.11192
0.08814
0.08695
0.08994
0.08840
0.08750
0.08651
0.09604
0.09270
0.08004
0.08506
0.08720
0.08259
0.07856
0.09477
0.09398
0.09280
0.10184
0.10223
0.09465
0.08864
0.09529
0.09562
0.09077
0.09709
0.10272
0.08312
0.07681
0.08704
0.09322
0.10391
0.10058
0.09067
0.08784
0.07632
0.09166
0.10383
0.09310
0.09015
0.09032
0.09026
0.09243
0.09709
0.09385
0.08765
0.08912
0.08002
0.08667
0.09368
0.10344
0.10405
0.07649
0.08165
0.10376
0.09971
0.09041
0.09285
0.09261
0.09854
0.09563
0.08505
0.09662
0.09552
0.08942
0.08591
0.09315
0.08941
0.08692
0.07885
0.07742
0.08202
0.08207
0.09522
0.09206
