-0.00044
-0.00746
0.01468
-0.15311
0.05955
1.34987
1.56475
1.39521
1.40978
1.39671
1.40715
1.41653
1.40410
1.40598
1.40984
1.40679
1.39277
1.39955
1.40711
1.40786
1.40511
1.40671
1.40384
1.39901
1.39970
1.40277
1.39624
1.39457
1.40176
1.39828
1.38663
1.38581
1.38761
1.38654
1.38164
1.38067
1.37965
1.36569
1.36396
1.37253
1.37627
1.38548
1.39378
1.38816
1.38171
1.38958
1.38516
1.38335
1.38231
1.38049
1.37577
1.38102
1.38046
1.37661
1.37446
1.37185
1.37527
1.38603
1.38053
1.37413
1.37313
1.37451
1.37701
1.37587
1.37516
1.37633
1.37653
1.37348
1.37850
1.37628
1.37057
1.37424
1.37273
1.36648
1.36684
1.37202
1.36999
1.35550
1.36205
1.36558
1.36179
1.36314
1.36490
1.36682
1.36903
1.36398
1.35370
1.35220
1.35592
1.36652
1.37024
1.36334
1.35641
1.35873
1.35579
1.35825
1.35715
1.35016
1.35357
1.35305
