-0.00183
-0.03126
0.06158
-0.64195
0.25099
5.65543
6.54511
5.84981
5.94149
5.90899
5.90539
5.89560
5.89949
5.90278
5.89985
5.90050
5.89646
5.88972
5.89197
5.88766
5.88977
5.89160
5.89565
5.89245
5.88804
5.88189
5.87917
5.88539
5.88180
5.88113
5.88555
5.87666
5.87809
5.87668
5.87061
5.87196
5.87454
5.87096
5.87014
5.86818
5.87104
5.87280
5.86750
5.86530
5.86265
5.86333
5.86272
5.86382
5.86289
5.85381
5.85085
5.84888
5.84882
5.85442
5.85542
5.85251
5.85146
5.85405
5.85084
5.84756
5.84272
5.83882
5.84603
5.84326
5.83194
5.83444
5.83706
5.83503
5.83400
5.83104
5.83230
5.83236
5.83518
5.83469
5.83357
5.82990
5.82761
5.82444
5.82412
5.82134
5.81562
5.82083
5.82603
5.81975
5.81239
5.81389
5.81498
5.80815
5.80890
5.81364
5.80758
5.79970
5.80610
5.80561
5.80542
5.80650
5.80606
5.80053
5.80159
5.80084
