-0.00133
-0.02273
0.04474
-0.46653
0.18161
4.11274
4.76322
4.24787
4.31683
4.29583
4.29055
4.29325
4.28985
4.29097
4.29562
4.29074
4.28494
4.28863
4.28972
4.28979
4.28963
4.29060
4.28670
4.28606
4.28055
4.28171
4.28501
4.28263
4.28012
4.28222
4.28316
4.28295
4.28544
4.28152
4.28566
4.28184
4.28261
4.28172
4.27768
4.28129
4.27965
4.27269
4.27314
4.27843
4.27910
4.27383
4.27666
4.27499
4.27144
4.27199
4.27225
4.27209
4.27073
4.27159
4.27480
4.27167
4.27034
4.27167
4.26894
4.26626
4.26830
4.26827
4.26481
4.26690
4.26790
4.26686
4.26694
4.26688
4.26582
4.26068
4.26361
4.26772
4.26099
4.26027
4.26008
4.26198
4.26380
4.26017
4.26037
4.25974
4.25753
4.25688
4.25585
4.25640
4.25412
4.25280
4.26008
4.25628
4.25291
4.25285
4.25321
4.25544
4.25281
4.25019
4.25150
4.25100
4.25066
4.24728
4.24809
4.24887
