-0.00004
-0.00064
0.00125
-0.01312
0.00459
0.11715
0.13603
0.12054
0.13483
0.12227
0.12953
0.15750
0.12578
0.13051
0.13964
0.12640
0.13209
0.14562
0.13350
0.14558
0.14462
0.13537
0.13183
0.13259
0.13874
0.13540
0.11797
0.12082
0.13217
0.12241
0.12885
0.13545
0.13757
0.14149
0.16057
0.14087
0.14569
0.14345
0.13004
0.12269
0.12106
0.12677
0.13175
0.12676
0.14757
0.14953
0.13819
0.13096
0.13031
0.14349
0.13278
0.12596
0.13456
0.12371
0.12968
0.14216
0.13669
0.12968
0.12557
0.12243
0.12920
0.13921
0.12371
0.12355
0.13774
0.14822
0.13757
0.13422
0.13980
0.11926
0.13027
0.14364
0.12836
0.13019
0.12924
0.12621
0.13056
0.13570
0.13026
0.14487
0.13561
0.12419
0.13133
0.13258
0.13486
0.14380
0.14420
0.12709
0.13374
0.12899
0.12419
0.14074
0.14144
0.13843
0.13930
0.13025
0.14345
0.14358
0.14108
0.13253
