-0.00141
-0.02412
0.04749
-0.49517
0.19307
4.36439
5.05306
4.50806
4.57902
4.55870
4.55702
4.55578
4.55709
4.55268
4.55363
4.55514
4.55236
4.55155
4.55209
4.55572
4.55393
4.55425
4.55490
4.55102
4.54870
4.55213
4.55135
4.54850
4.54436
4.54545
4.54714
4.54642
4.54627
4.54530
4.54638
4.54589
4.54502
4.54514
4.54615
4.54937
4.54688
4.54263
4.54394
4.54407
4.54444
4.54685
4.54380
4.54237
4.54358
4.54637
4.54463
4.54339
4.54456
4.54576
4.54632
4.54011
4.54306
4.54386
4.54105
4.54348
4.54135
4.53984
4.54127
4.54039
4.54481
4.54506
4.54318
4.54417
4.54299
4.54212
4.54147
4.53998
4.53909
4.53991
4.54127
4.54166
4.53785
4.53742
4.53905
4.53907
4.53540
4.53456
4.53580
4.53684
4.53700
4.53752
4.53827
4.53702
4.53689
4.53382
4.53093
4.53321
4.53134
4.52966
4.53146
4.53088
4.53182
4.53160
4.52824
4.52858
