-0.00136
-0.02329
0.04586
-0.47818
0.18649
4.21448
4.87943
4.35352
4.42078
4.39947
4.39889
4.39987
4.40265
4.40169
4.40088
4.40140
4.40320
4.39919
4.39856
4.40487
4.40610
4.40586
4.40583
4.40606
4.40492
4.40767
4.40720
4.40460
4.39876
4.40158
4.40819
4.40624
4.40520
4.40376
4.40621
4.40617
4.40585
4.40851
4.41073
4.41227
4.41371
4.41106
4.40798
4.40887
4.41334
4.41492
4.41629
4.41905
4.41876
4.41746
4.41783
4.41906
4.41920
4.42106
4.42348
4.41814
4.41974
4.42489
4.42488
4.42391
4.42180
4.42241
4.42689
4.42606
4.42850
4.43034
4.43467
4.43405
4.42888
4.43028
4.43236
4.43294
4.43383
4.43512
4.43726
4.43595
4.43303
4.43391
4.43684
4.43508
4.42852
4.43091
4.43158
4.42954
4.43614
4.44169
4.43983
4.43903
4.44151
4.43755
4.43468
4.43661
4.43701
4.43675
4.43781
4.43786
4.44028
4.43967
4.43754
4.43724
