-0.00168
-0.02867
0.05644
-0.58862
0.22937
5.18778
6.00860
5.36303
5.44633
5.42267
5.42105
5.42016
5.42184
5.42291
5.42326
5.42446
5.42456
5.42386
5.42502
5.42721
5.42799
5.42766
5.42787
5.42879
5.42924
5.42923
5.43095
5.43313
5.43267
5.43257
5.43148
5.43219
5.43166
5.43108
5.43106
5.43043
5.43193
5.43650
5.43759
5.43840
5.43858
5.43710
5.43632
5.43982
5.44133
5.44090
5.43840
5.43687
5.44105
5.44176
5.44295
5.44468
5.44440
5.44225
5.43957
5.43925
5.44122
5.44308
5.44224
5.44359
5.44271
5.44410
5.44495
5.44511
5.44570
5.44399
5.44576
5.44700
5.44441
5.44494
5.44611
5.44603
5.44723
5.44744
5.45067
5.45321
5.45241
5.45013
5.44802
5.45074
5.45132
5.45058
5.45298
5.45198
5.45171
5.45322
5.45385
5.45406
5.45414
5.45475
5.45484
5.45637
5.45817
5.45616
5.45524
5.45534
5.45411
5.45624
5.45720
5.45774
