-0.00185
-0.03159
0.06221
-0.64856
0.25316
5.71527
6.61581
5.90668
6.00039
5.97005
5.96720
5.96540
5.96636
5.96605
5.96562
5.96467
5.96448
5.96485
5.96382
5.96356
5.96248
5.96393
5.96469
5.96373
5.96430
5.96432
5.96433
5.96248
5.96155
5.96297
5.96147
5.96139
5.95929
5.95742
5.95810
5.95680
5.95667
5.95794
5.95724
5.95643
5.95676
5.95667
5.95663
5.95613
5.95612
5.95502
5.95435
5.95554
5.95487
5.95402
5.95249
5.95189
5.95270
5.95132
5.95161
5.95014
5.94981
5.95054
5.94967
5.94987
5.94917
5.94832
5.94799
5.94774
5.94689
5.94489
5.94772
5.94761
5.94509
5.94573
5.94602
5.94570
5.94456
5.94459
5.94387
5.94296
5.94258
5.94374
5.94195
5.94134
5.94069
5.94002
5.94044
5.93988
5.93969
5.93915
5.93764
5.93793
5.93788
5.93748
5.93718
5.93649
5.93794
5.93613
5.93493
5.93541
5.93390
5.93271
5.93213
5.93226
