-0.00008
-0.00140
0.00275
-0.02865
0.01107
0.25286
0.29357
0.26053
0.26390
0.26413
0.26229
0.26252
0.26417
0.26550
0.26532
0.26112
0.26840
0.26580
0.27161
0.26401
0.26255
0.26155
0.26454
0.26748
0.26284
0.26135
0.26059
0.26901
0.27010
0.26241
0.26012
0.25920
0.26068
0.25430
0.25274
0.25350
0.26074
0.26635
0.25400
0.25316
0.25678
0.25543
0.26314
0.26679
0.25115
0.24875
0.25028
0.24890
0.25181
0.25854
0.25810
0.25233
0.25467
0.26274
0.26030
0.25109
0.25821
0.25804
0.26417
0.25701
0.25100
0.24144
0.24272
0.24835
0.24756
0.25185
0.25347
0.24992
0.24578
0.24606
0.25002
0.25931
0.24938
0.24808
0.25261
0.25147
0.25013
0.24742
0.25299
0.24961
0.25199
0.24847
0.24577
0.24941
0.24586
0.24826
0.25164
0.25211
0.25101
0.25243
0.24824
0.25320
0.25389
0.25434
0.25451
0.25654
0.24808
0.25061
0.25786
0.25246
