-0.00169
-0.02893
0.05696
-0.59400
0.23146
5.23475
6.06315
5.41566
5.50319
5.47984
5.48007
5.47446
5.47744
5.48642
5.48770
5.48737
5.49984
5.50084
5.49258
5.49751
5.49966
5.50007
5.50445
5.50335
5.50494
5.51096
5.50912
5.50999
5.50855
5.50590
5.50966
5.51794
5.52065
5.50966
5.51046
5.51462
5.51489
5.51461
5.51695
5.52200
5.52742
5.52574
5.52443
5.52338
5.52748
5.53183
5.52891
5.53013
5.53084
5.53603
5.53808
5.54346
5.54687
5.55083
5.55598
5.55516
5.55534
5.56011
5.55824
5.55347
5.55424
5.54985
5.55234
5.55905
5.56261
5.55903
5.56235
5.56706
5.56687
5.56945
5.57314
5.57701
5.58111
5.58000
5.57846
5.57729
5.58173
5.58371
5.58370
5.58563
5.58303
5.58166
5.58494
5.58559
5.58926
5.59204
5.59314
5.59861
5.60322
5.60333
5.60614
5.61564
5.61268
5.60290
5.60787
5.61350
5.61106
5.61771
5.62368
5.62025
