-0.00161
-0.02754
0.05419
-0.56527
0.21996
4.98254
5.77269
5.15386
5.23648
5.20892
5.20765
5.21273
5.21448
5.21814
5.22330
5.22487
5.22576
5.22760
5.22960
5.23195
5.24046
5.24044
5.23603
5.24212
5.24851
5.24923
5.25020
5.25416
5.25400
5.25533
5.25615
5.26019
5.26139
5.25918
5.26075
5.25843
5.25790
5.26094
5.26493
5.27476
5.27779
5.27947
5.28195
5.27978
5.27759
5.27991
5.28495
5.28574
5.28825
5.28911
5.28922
5.29239
5.29449
5.29598
5.29806
5.30313
5.30740
5.30479
5.30703
5.30927
5.31006
5.31319
5.31391
5.31490
5.31945
5.31920
5.32248
5.32455
5.32249
5.32952
5.33334
5.33833
5.33630
5.33391
5.33908
5.33647
5.33554
5.33928
5.34237
5.34365
5.34712
5.35037
5.34830
5.34314
5.34968
5.35348
5.35362
5.35564
5.35894
5.36374
5.36461
5.36142
5.35947
5.36360
5.36505
5.36466
5.36725
5.37121
5.37249
5.37794
