-0.00128
-0.02189
0.04310
-0.44946
0.17510
3.96117
4.58846
4.09714
4.16135
4.14276
4.14497
4.15036
4.15318
4.15306
4.15638
4.15993
4.16241
4.16658
4.16831
4.17045
4.17564
4.17703
4.17830
4.18159
4.18398
4.18712
4.18950
4.19566
4.19706
4.19766
4.19834
4.20126
4.20211
4.20207
4.20444
4.20764
4.20766
4.20867
4.21348
4.22089
4.22531
4.22600
4.22547
4.22673
4.22844
4.22986
4.23610
4.23812
4.23905
4.24176
4.24344
4.24661
4.24883
4.25173
4.25587
4.25801
4.25958
4.26349
4.26585
4.26503
4.26954
4.27352
4.27378
4.27297
4.27601
4.28039
4.28362
4.28255
4.28463
4.29194
4.29456
4.29752
4.29637
4.29707
4.30188
4.30249
4.30151
4.30601
4.31145
4.31229
4.31345
4.31479
4.31634
4.31317
4.31983
4.32301
4.32616
4.32871
4.33088
4.33360
4.33408
4.33556
4.33468
4.34008
4.34207
4.34112
4.34620
4.34780
4.34919
4.35483
