-0.00001
-0.00021
0.00039
-0.00423
0.00113
0.03839
0.04834
0.04140
0.03834
0.04108
0.04878
0.04224
0.04142
0.04153
0.04163
0.04475
0.03982
0.03957
0.04530
0.04366
0.04277
0.04174
0.04126
0.04800
0.04322
0.04241
0.04364
0.04310
0.04763
0.04782
0.04223
0.04320
0.04191
0.04288
0.04286
0.04068
0.04136
0.04111
0.04047
0.04164
0.04540
0.04122
0.04114
0.04223
0.04320
0.04151
0.04296
0.04597
0.04152
0.04365
0.04386
0.04414
0.05570
0.04372
0.03945
0.04513
0.04522
0.04219
0.04068
0.04431
0.04387
0.04336
0.04160
0.04225
0.04985
0.04309
0.04247
0.04525
0.04625
0.04139
0.04086
0.04637
0.04790
0.04453
0.04232
0.04310
0.04637
0.04406
0.04197
0.04243
0.04068
0.04222
0.04630
0.04344
0.04157
0.04108
0.04044
0.04144
0.04257
0.04523
0.04636
0.04171
0.04195
0.04632
0.04354
0.04391
0.04308
0.04211
0.04229
0.04278
