-0.00056
-0.00947
0.01878
-0.19493
0.07846
1.71266
1.96203
1.75806
1.81664
1.83237
1.81640
1.79477
1.79503
1.80227
1.78511
1.77774
1.77902
1.76736
1.76613
1.76280
1.71698
1.74199
1.77174
1.73643
1.73645
1.74614
1.74411
1.69813
1.71031
1.73066
1.74876
1.75075
1.75955
1.78361
1.79162
1.79594
1.82526
1.83142
1.79393
1.73510
1.71867
1.73068
1.75830
1.78283
1.80973
1.81958
1.78557
1.78013
1.78107
1.79040
1.78507
1.76112
1.75893
1.77106
1.76877
1.75687
1.76153
1.76182
1.76571
1.78480
1.76762
1.76530
1.78649
1.80339
1.79698
1.78568
1.77190
1.79993
1.81484
1.76040
1.74667
1.74319
1.77136
1.79195
1.77909
1.80564
1.84090
1.82194
1.79431
1.79941
1.80400
1.81268
1.83649
1.89582
1.85122
1.83718
1.85136
1.83802
1.82007
1.80779
1.81930
1.86845
1.90465
1.85628
1.87843
1.91522
1.88271
1.88142
1.87310
1.84242
