-0.00134
-0.02286
0.04502
-0.46934
0.18303
4.13692
4.78835
4.27115
4.34225
4.32146
4.31747
4.31796
4.31923
4.31986
4.32259
4.31945
4.31867
4.31857
4.32128
4.32241
4.31880
4.31796
4.31835
4.31728
4.31808
4.31878
4.31711
4.31865
4.32067
4.32449
4.32078
4.32053
4.32469
4.32374
4.32360
4.32409
4.32234
4.32333
4.32459
4.32398
4.32332
4.32571
4.32598
4.32497
4.32389
4.32384
4.32395
4.32743
4.32659
4.32845
4.32654
4.32274
4.32761
4.32643
4.32718
4.32883
4.32696
4.32769
4.32702
4.32735
4.32806
4.32520
4.32890
4.32937
4.32586
4.32967
4.32824
4.32936
4.33176
4.33324
4.33173
4.33099
4.33120
4.32768
4.32539
4.32977
4.33353
4.33199
4.32917
4.33122
4.33046
4.33049
4.32977
4.33091
4.33210
4.32631
4.32758
4.32926
4.32830
4.32926
4.32951
4.32976
4.33016
4.32878
4.33405
4.33242
4.32786
4.33174
4.33260
4.33093
