-0.00004
-0.00075
0.00146
-0.01534
0.00545
0.13653
0.16013
0.14238
0.15039
0.14575
0.14529
0.14577
0.14496
0.14466
0.14649
0.14633
0.14708
0.15004
0.14650
0.14147
0.14495
0.14829
0.14843
0.14356
0.15000
0.15200
0.14351
0.14721
0.15059
0.14682
0.14662
0.14631
0.14384
0.14316
0.14256
0.14189
0.14000
0.14818
0.15241
0.14743
0.14700
0.14491
0.14625
0.14188
0.14837
0.15013
0.15179
0.15184
0.14848
0.14603
0.14492
0.14204
0.14264
0.14760
0.14818
0.14595
0.14294
0.14635
0.14905
0.14875
0.14667
0.14774
0.14647
0.14454
0.15056
0.14854
0.14272
0.14624
0.14871
0.14749
0.14419
0.14084
0.14355
0.14401
0.14203
0.14750
0.15263
0.15581
0.15130
0.14392
0.14691
0.14645
0.14900
0.14756
0.14602
0.14938
0.15700
0.14603
0.14689
0.14546
0.14417
0.15147
0.14435
0.14131
0.14358
0.14942
0.15453
0.14713
0.15111
0.14806
