-0.00000
-0.00007
0.00011
-0.00141
0.00033
0.01099
0.01979
0.02792
0.01589
0.01008
0.01636
0.01543
0.01561
0.02925
0.01610
0.01289
0.01791
0.03068
0.02566
0.01977
0.02903
0.01698
0.01518
0.03414
0.02050
0.01238
0.01435
0.01620
0.03315
0.02507
0.01707
0.01455
0.01921
0.03092
0.03121
0.01686
0.01172
0.02058
0.02483
0.01462
0.01485
0.01779
0.00999
0.01541
0.04713
0.03170
0.01406
0.02925
0.02003
0.02651
0.01818
0.01180
0.01323
0.01393
0.01382
0.01601
0.03029
0.01687
0.01598
0.01348
0.01506
0.02139
0.01765
0.02094
0.01708
0.03281
0.02219
0.01111
0.02068
0.01567
0.01260
0.01982
0.01395
0.01451
0.01113
0.02143
0.04474
0.01741
0.00474
0.02067
0.04770
0.02584
0.01135
0.04369
0.04101
0.01607
0.01173
0.01485
0.01438
0.01772
0.04196
0.03797
0.03164
0.02554
0.00932
0.01285
0.03393
0.02279
0.01499
0.02213
