-0.00004
-0.00067
0.00133
-0.01380
0.00558
0.12109
0.13908
0.12492
0.12611
0.12614
0.12679
0.12662
0.12750
0.12639
0.12549
0.12453
0.12545
0.12769
0.12643
0.12632
0.12766
0.12706
0.12780
0.12871
0.12895
0.12930
0.13060
0.13072
0.12945
0.12966
0.13112
0.13108
0.13209
0.13195
0.13185
0.13223
0.13276
0.13307
0.13339
0.13292
0.13503
0.13429
0.13578
0.13454
0.13524
0.13610
0.13731
0.13958
0.13614
0.13666
0.13908
0.13808
0.13915
0.13954
0.14183
0.14319
0.14168
0.14521
0.14707
0.14644
0.14540
0.14417
0.14469
0.14270
0.14275
0.14491
0.14707
0.14588
0.14525
0.14645
0.14687
0.14446
0.14569
0.14606
0.14705
0.14844
0.14832
0.14809
0.15288
0.15107
0.14722
0.14812
0.15088
0.14983
0.14917
0.14948
0.14969
0.14922
0.15054
0.14793
0.14849
0.14911
0.14989
0.15017
0.14896
0.14680
0.14964
0.14766
0.14599
0.14652
