-0.00141
-0.02408
0.04742
-0.49438
0.19284
4.35705
5.04363
4.50149
4.57645
4.55644
4.55630
4.55613
4.55439
4.55800
4.55981
4.56084
4.56299
4.56323
4.56499
4.56516
4.56872
4.56880
4.56853
4.57136
4.57158
4.57181
4.57373
4.57695
4.57643
4.57731
4.57799
4.57852
4.58183
4.58499
4.58532
4.58916
4.59030
4.58846
4.58919
4.59036
4.59559
4.59665
4.59753
4.60128
4.59789
4.59835
4.60373
4.60637
4.60922
4.60898
4.61136
4.61012
4.61038
4.61026
4.61215
4.61283
4.61560
4.62270
4.61907
4.61819
4.61914
4.61929
4.62129
4.62313
4.62777
4.63009
4.62709
4.62724
4.62766
4.62707
4.62831
4.62766
4.63201
4.63281
4.63144
4.63671
4.64105
4.63971
4.63737
4.64041
4.64526
4.64287
4.64505
4.64488
4.64566
4.64893
4.64916
4.65190
4.65325
4.65513
4.65589
4.65791
4.66162
4.66126
4.66007
4.66200
4.66291
4.66301
4.66685
4.66705
