-0.00181
-0.03087
0.06079
-0.63377
0.24713
5.58583
6.46650
5.77042
5.86565
5.83982
5.83962
5.84002
5.83930
5.84434
5.84491
5.84594
5.84930
5.84968
5.85161
5.85206
5.85580
5.85574
5.85457
5.85610
5.85636
5.85713
5.85942
5.86461
5.86562
5.86507
5.86566
5.86676
5.86923
5.87497
5.87479
5.87758
5.88127
5.87989
5.88045
5.88170
5.88691
5.88999
5.88973
5.89306
5.89006
5.88967
5.89584
5.89924
5.90169
5.90131
5.90471
5.90333
5.90419
5.90459
5.90684
5.90968
5.91191
5.91883
5.91616
5.91380
5.91433
5.91586
5.91798
5.92012
5.92496
5.92866
5.92491
5.92358
5.92299
5.92405
5.92583
5.92411
5.92845
5.93052
5.92758
5.93342
5.93869
5.93653
5.93433
5.93882
5.94433
5.94195
5.94598
5.94527
5.94560
5.94835
5.94895
5.95211
5.95377
5.95494
5.95462
5.95650
5.96016
5.96143
5.95967
5.96308
5.96420
5.96508
5.96864
5.96871
