-0.00004
-0.00077
0.00151
-0.01576
0.00609
0.13895
0.16177
0.14466
0.14571
0.14536
0.14641
0.14617
0.14435
0.14848
0.14873
0.14247
0.14420
0.14958
0.15024
0.15339
0.14794
0.14320
0.14235
0.14610
0.14594
0.14316
0.14574
0.14805
0.14674
0.14665
0.14710
0.14555
0.14644
0.14698
0.14748
0.14752
0.14499
0.14193
0.14148
0.14547
0.14851
0.14845
0.14450
0.14463
0.15203
0.14747
0.14726
0.14601
0.14637
0.14654
0.14852
0.14794
0.14398
0.14450
0.14530
0.14565
0.14907
0.14710
0.14658
0.14412
0.15523
0.15436
0.14730
0.14239
0.14425
0.15192
0.14712
0.14721
0.14997
0.14477
0.14596
0.14752
0.14281
0.14346
0.14644
0.14446
0.14557
0.14963
0.15750
0.15139
0.15200
0.14744
0.14600
0.14939
0.15207
0.14511
0.14297
0.14265
0.14287
0.14360
0.14682
0.14556
0.14212
0.14596
0.15032
0.14440
0.14840
0.14685
0.14113
0.14692
