-0.00003
-0.00050
0.00098
-0.01023
0.00399
0.09017
0.10376
0.09326
0.09707
0.09282
0.09064
0.09198
0.09198
0.09185
0.09278
0.09504
0.09511
0.09399
0.09264
0.09345
0.09432
0.09509
0.09474
0.09316
0.09157
0.09412
0.09527
0.09543
0.09491
0.09412
0.09261
0.09356
0.09604
0.09573
0.09608
0.09497
0.09568
0.09508
0.09548
0.09748
0.09578
0.09519
0.09424
0.09125
0.09142
0.09198
0.09290
0.09485
0.09543
0.09362
0.09274
0.09299
0.09516
0.09609
0.09440
0.09480
0.09596
0.09431
0.09367
0.09457
0.09373
0.09428
0.09613
0.09348
0.09078
0.09359
0.09585
0.09528
0.09349
0.09540
0.09615
0.09373
0.09407
0.09435
0.09420
0.09269
0.09269
0.09551
0.09546
0.09385
0.09302
0.09229
0.09181
0.09573
0.09666
0.09328
0.09402
0.09272
0.09344
0.09443
0.09613
0.09489
0.09325
0.09488
0.09486
0.09108
0.09281
0.09329
0.09184
0.09131
