-0.00089
-0.01514
0.02979
-0.31075
0.12089
2.73863
3.17404
2.83641
2.88128
2.86699
2.86778
2.86966
2.87209
2.87435
2.87115
2.87409
2.87851
2.88139
2.88318
2.88606
2.88986
2.89666
2.89862
2.89573
2.90010
2.90235
2.90273
2.90574
2.90486
2.90104
2.90430
2.91123
2.91546
2.91869
2.92249
2.92529
2.92717
2.93105
2.93355
2.93587
2.93586
2.93486
2.93748
2.94140
2.94133
2.94213
2.94974
2.95422
2.95445
2.95738
2.95776
2.96026
2.96094
2.96124
2.96083
2.96374
2.96637
2.96341
2.96806
2.97362
2.97421
2.97476
2.97431
2.97946
2.98139
2.98142
2.98340
2.98342
2.98350
2.99016
2.99517
2.99878
2.99927
2.99895
2.99932
3.00200
3.00086
3.00362
3.00765
3.01186
3.01282
3.01194
3.01323
3.01798
3.02066
3.02323
3.02630
3.02932
3.03214
3.03315
3.03469
3.03553
3.03427
3.03606
3.03982
3.04230
3.04256
3.04203
3.04631
3.05096
