-0.00166
-0.02827
0.05566
-0.58039
0.22616
5.11537
5.92406
5.28792
5.37244
5.34799
5.34827
5.34856
5.34770
5.34756
5.34984
5.35104
5.35556
5.35696
5.35455
5.35606
5.35914
5.35781
5.35704
5.35677
5.35677
5.35884
5.36093
5.36169
5.35986
5.36103
5.36248
5.36161
5.35830
5.35453
5.35867
5.35952
5.35736
5.35857
5.35993
5.35447
5.35052
5.35559
5.35712
5.35636
5.35750
5.35898
5.36376
5.36233
5.36120
5.36450
5.36285
5.36077
5.36224
5.36395
5.36585
5.36655
5.36616
5.36798
5.36839
5.36811
5.36808
5.36704
5.36836
5.36767
5.36650
5.36919
5.36691
5.36616
5.37041
5.37429
5.37372
5.37392
5.37506
5.37544
5.37592
5.37497
5.37934
5.37785
5.37231
5.36997
5.37370
5.37500
5.37376
5.37686
5.37748
5.37540
5.37690
5.37386
5.36859
5.36389
5.36971
5.37862
5.37851
5.37566
5.37566
5.37794
5.37897
5.38226
5.39132
5.39539
