-0.00118
-0.02051
0.03272
-0.39682
0.00972
3.73790
5.40615
4.72412
5.14723
6.68016
7.34962
5.79733
4.18772
4.13653
5.23129
4.71013
4.91541
5.84995
5.87559
4.20567
5.33799
5.06569
3.58554
3.55498
4.93229
6.83752
6.40614
6.92265
5.84332
4.07274
6.28503
7.82685
7.16073
6.29705
6.27626
4.50895
3.47104
3.63353
3.52313
3.80264
4.91041
4.03729
3.94171
5.40981
4.68881
5.02051
4.88422
3.84732
3.58336
3.64777
3.66342
3.59163
3.49839
4.64683
6.51773
5.45773
3.80635
5.11696
5.22447
3.69454
4.53111
5.41633
4.67297
3.66948
3.31079
3.83533
5.62972
5.20585
6.18081
7.12749
5.60472
6.78585
5.75418
5.12527
5.09601
5.48668
6.39487
4.31157
3.39895
3.53750
3.61229
4.55954
5.04080
5.52814
7.43614
7.46545
6.79082
7.17671
5.63989
4.49427
3.64404
3.47433
3.37102
4.52889
7.54652
7.29101
4.75109
3.15647
3.64528
6.44226
