-0.00039
-0.00666
0.01313
-0.13681
0.05367
1.20520
1.39308
1.24307
1.26342
1.25965
1.25726
1.25631
1.25854
1.25892
1.25883
1.25649
1.25451
1.25704
1.25597
1.25623
1.25714
1.25601
1.25549
1.25545
1.25749
1.25900
1.25809
1.25577
1.25731
1.25910
1.25630
1.25781
1.25983
1.25651
1.25676
1.25762
1.25756
1.25582
1.25506
1.25766
1.25599
1.25390
1.25617
1.25651
1.25719
1.25667
1.25497
1.25639
1.25569
1.25502
1.25633
1.25547
1.25577
1.25622
1.25725
1.25450
1.25472
1.25561
1.25447
1.25569
1.25676
1.25555
1.25561
1.25570
1.25706
1.25780
1.25542
1.25540
1.25557
1.25560
1.25530
1.25455
1.25345
1.25568
1.25379
1.25284
1.25550
1.25536
1.25502
1.25538
1.25402
1.25354
1.25484
1.25622
1.25566
1.25444
1.25625
1.25388
1.25208
1.25535
1.25475
1.25524
1.25454
1.25510
1.25670
1.25554
1.25395
1.25197
1.25115
1.25264
