-0.00228
-0.03897
0.07674
-0.80010
0.31210
7.05132
8.16350
7.28650
7.40212
7.36537
7.36300
7.36304
7.36323
7.36340
7.36373
7.36323
7.36322
7.36357
7.36332
7.36287
7.36274
7.36309
7.36355
7.36349
7.36269
7.36274
7.36342
7.36332
7.36295
7.36305
7.36313
7.36347
7.36300
7.36285
7.36341
7.36330
7.36307
7.36306
7.36298
7.36309
7.36309
7.36279
7.36262
7.36274
7.36288
7.36261
7.36310
7.36298
7.36269
7.36359
7.36341
7.36343
7.36343
7.36363
7.36347
7.36308
7.36301
7.36306
7.36298
7.36319
7.36320
7.36315
7.36331
7.36338
7.36302
7.36268
7.36322
7.36352
7.36338
7.36300
7.36288
7.36363
7.36358
7.36294
7.36313
7.36331
7.36321
7.36344
7.36311
7.36310
7.36306
7.36320
7.36337
7.36307
7.36353
7.36336
7.36266
7.36310
7.36330
7.36311
7.36312
7.36314
7.36333
7.36340
7.36352
7.36348
7.36343
7.36333
7.36309
7.36306
