-0.00152
-0.02596
0.05112
-0.53290
0.20801
4.69654
5.43609
4.84938
4.92402
4.90000
4.89736
4.89579
4.89451
4.89415
4.89534
4.89220
4.89017
4.89045
4.88733
4.88604
4.88478
4.88483
4.88483
4.88045
4.87942
4.87654
4.87669
4.87757
4.87597
4.87524
4.87425
4.87167
4.87109
4.87018
4.86971
4.86803
4.86503
4.86528
4.86599
4.86434
4.86060
4.85899
4.85872
4.85484
4.85349
4.85376
4.85395
4.85268
4.85046
4.84745
4.84512
4.84604
4.84487
4.84036
4.84013
4.84078
4.84034
4.83877
4.83629
4.83319
4.83078
4.82969
4.82922
4.82775
4.82777
4.82668
4.82500
4.82612
4.82299
4.82149
4.82082
4.81911
4.81870
4.81658
4.81253
4.81085
4.81024
4.80956
4.80852
4.80419
4.80229
4.80242
4.80068
4.79971
4.79928
4.79743
4.79484
4.79489
4.79409
4.79241
4.79044
4.79078
4.78794
4.78343
4.78413
4.78399
4.78133
4.78097
4.77971
4.77866
