-0.00138
-0.02354
0.04636
-0.48339
0.18862
4.26006
4.93188
4.40206
4.46874
4.44320
4.43958
4.43373
4.43072
4.42902
4.43067
4.42714
4.41882
4.41609
4.41242
4.41132
4.40832
4.40522
4.40568
4.39929
4.39506
4.39400
4.39137
4.39046
4.39051
4.39010
4.38638
4.38376
4.38138
4.37850
4.37779
4.37366
4.36862
4.36533
4.36327
4.36139
4.35492
4.35146
4.35262
4.34557
4.34370
4.34457
4.34306
4.34425
4.34079
4.33488
4.33192
4.33031
4.32907
4.32374
4.32285
4.32385
4.32461
4.32322
4.31969
4.31557
4.31227
4.30826
4.30564
4.30177
4.30170
4.30075
4.29720
4.29734
4.29618
4.29303
4.29236
4.29162
4.28946
4.28520
4.28038
4.27613
4.27274
4.27104
4.27124
4.27149
4.26978
4.26620
4.26159
4.25665
4.25422
4.24800
4.24277
4.23988
4.23587
4.23513
4.23291
4.23211
4.23111
4.22392
4.22075
4.21944
4.21662
4.21546
4.21029
4.20619
