-0.00124
-0.02117
0.04172
-0.43481
0.17012
3.83120
4.43160
3.95482
4.01600
3.99480
3.99158
3.98672
3.98465
3.98507
3.98671
3.98395
3.97810
3.97721
3.97828
3.97392
3.97347
3.97559
3.97067
3.96605
3.96653
3.96479
3.96047
3.95967
3.95950
3.96032
3.95653
3.95439
3.95369
3.94860
3.94921
3.94695
3.94651
3.94661
3.94355
3.94168
3.93820
3.93543
3.93421
3.93099
3.92920
3.92944
3.92594
3.92755
3.92484
3.91915
3.91560
3.91352
3.91423
3.91141
3.90939
3.90834
3.90786
3.90525
3.90451
3.90137
3.89762
3.89636
3.89378
3.89059
3.89218
3.88989
3.88809
3.88820
3.88611
3.88215
3.88225
3.88239
3.88053
3.87653
3.87212
3.86698
3.86514
3.86771
3.86091
3.85830
3.85829
3.85627
3.85391
3.85231
3.85141
3.84732
3.84338
3.84379
3.84054
3.83768
3.83577
3.83528
3.83563
3.83095
3.82945
3.82696
3.82521
3.82518
3.82003
3.81915
