-0.00168
-0.02861
0.05636
-0.58751
0.22951
5.17735
5.99115
5.34653
5.43102
5.40312
5.39993
5.39808
5.39590
5.39482
5.39513
5.39331
5.39202
5.39152
5.38958
5.38754
5.38833
5.38847
5.38435
5.38052
5.38117
5.38014
5.37870
5.37771
5.37727
5.37527
5.37199
5.37100
5.36945
5.36835
5.36774
5.36711
5.36449
5.36164
5.36155
5.36187
5.36039
5.35988
5.35650
5.35172
5.35362
5.35275
5.35116
5.34841
5.34653
5.34561
5.34246
5.34157
5.34164
5.34141
5.34034
5.33774
5.33641
5.33498
5.33301
5.33116
5.32896
5.32853
5.32723
5.32705
5.32601
5.32210
5.32035
5.32125
5.32094
5.32025
5.31698
5.31369
5.31208
5.31057
5.31013
5.30820
5.30498
5.30379
5.30206
5.30157
5.30067
5.30142
5.30043
5.29982
5.29958
5.29769
5.29658
5.29566
5.29298
5.29206
5.29065
5.28806
5.28704
5.28512
5.28471
5.28381
5.28096
5.27788
5.27729
5.27921
