-0.00006
-0.00103
0.00202
-0.02104
0.00821
0.18577
0.21428
0.18896
0.19133
0.19136
0.19490
0.19398
0.19113
0.19053
0.19548
0.19451
0.19950
0.18977
0.18749
0.19469
0.18744
0.19174
0.20146
0.19194
0.18775
0.19128
0.19083
0.19156
0.18794
0.18715
0.18892
0.19665
0.19194
0.19197
0.19176
0.19637
0.19517
0.20091
0.18993
0.18515
0.18604
0.19097
0.19681
0.19402
0.18830
0.18781
0.19192
0.19566
0.19337
0.19102
0.18985
0.19053
0.19060
0.18854
0.18918
0.18618
0.18695
0.19560
0.19219
0.18794
0.18577
0.19054
0.19923
0.18746
0.18379
0.18849
0.19088
0.19359
0.19406
0.18864
0.18568
0.18947
0.20203
0.20245
0.19060
0.18420
0.18990
0.19077
0.18853
0.18660
0.18261
0.18812
0.19342
0.19116
0.18775
0.18394
0.18904
0.19595
0.19189
0.19037
0.18708
0.18626
0.18855
0.19128
0.18813
0.18636
0.18801
0.19152
0.18640
0.17972
