-0.00029
-0.00496
0.00976
-0.10178
0.03958
0.89729
1.03997
0.92694
0.94005
0.93589
0.93364
0.93308
0.93217
0.93214
0.93278
0.93120
0.92997
0.93263
0.93153
0.93081
0.92957
0.93005
0.92826
0.92768
0.92830
0.92712
0.92817
0.92836
0.92713
0.92684
0.92585
0.92458
0.92477
0.92397
0.92408
0.92413
0.92263
0.92174
0.92236
0.92130
0.91835
0.91693
0.91916
0.92121
0.91852
0.91644
0.91472
0.91432
0.91408
0.91383
0.91306
0.91301
0.91450
0.91270
0.91219
0.91174
0.91054
0.90934
0.90931
0.90922
0.90921
0.90828
0.90866
0.90927
0.90809
0.90812
0.91020
0.91183
0.91173
0.91102
0.91000
0.90801
0.90434
0.90155
0.90142
0.90175
0.90211
0.90080
0.90009
0.90070
0.90068
0.89871
0.89822
0.89832
0.89833
0.89952
0.89707
0.89650
0.89676
0.89605
0.89506
0.89465
0.89483
0.89483
0.89390
0.89302
0.89210
0.89184
0.89206
0.89381
