-0.00036
-0.00616
0.01212
-0.12647
0.04919
1.11476
1.29170
1.15304
1.17200
1.16832
1.16969
1.16922
1.16767
1.16810
1.17076
1.17228
1.17107
1.17146
1.17389
1.17383
1.17360
1.17425
1.17473
1.17429
1.17521
1.17665
1.17611
1.17793
1.17929
1.17736
1.17951
1.18137
1.18132
1.18136
1.18171
1.18121
1.18168
1.18318
1.18360
1.18197
1.18283
1.18310
1.18260
1.18410
1.18549
1.18624
1.18658
1.18702
1.18798
1.18789
1.18756
1.18772
1.18686
1.18723
1.18771
1.18902
1.18979
1.19053
1.19103
1.19094
1.19141
1.19248
1.19352
1.19376
1.19351
1.19482
1.19619
1.19578
1.19576
1.19573
1.19619
1.19587
1.19722
1.19727
1.19625
1.19592
1.19783
1.19759
1.19715
1.19871
1.19874
1.19855
1.19853
1.19977
1.20071
1.19968
1.19954
1.20059
1.20125
1.20269
1.20318
1.20354
1.20265
1.20188
1.20194
1.20260
1.20309
1.20465
1.20584
1.20585
