-0.00071
-0.01218
0.02396
-0.25008
0.09699
2.20444
2.55698
2.28517
2.32289
2.31511
2.32063
2.32330
2.32264
2.32262
2.32853
2.33596
2.33804
2.34190
2.34570
2.34752
2.35138
2.35392
2.35581
2.35247
2.35248
2.35995
2.36506
2.36950
2.37158
2.37192
2.38117
2.38554
2.38734
2.38588
2.38633
2.38937
2.39365
2.39730
2.39819
2.39682
2.40086
2.40211
2.40265
2.40852
2.41209
2.41748
2.42126
2.42467
2.42990
2.42654
2.42943
2.43232
2.43116
2.43518
2.43747
2.44081
2.44555
2.44951
2.45270
2.45509
2.45971
2.46498
2.47128
2.47317
2.47585
2.48012
2.48149
2.48339
2.48532
2.49019
2.49263
2.49049
2.49552
2.49373
2.48980
2.49417
2.49968
2.50220
2.50534
2.50864
2.51071
2.50991
2.51194
2.51956
2.52605
2.52338
2.52110
2.52725
2.53242
2.53491
2.53867
2.54218
2.54064
2.53678
2.53764
2.54582
2.55006
2.55195
2.55520
2.55915
