-0.00021
-0.00366
0.00722
-0.07524
0.02941
0.66296
0.76688
0.68539
0.69768
0.69248
0.69084
0.69172
0.69312
0.69198
0.69155
0.69272
0.69105
0.68741
0.69061
0.69368
0.69136
0.69146
0.69044
0.68987
0.69312
0.69175
0.69450
0.69388
0.69064
0.69068
0.69041
0.69040
0.68968
0.69081
0.68837
0.68765
0.68928
0.68869
0.69034
0.69114
0.68804
0.69027
0.69023
0.69008
0.68821
0.69003
0.68947
0.68744
0.68835
0.68925
0.68756
0.68582
0.68625
0.68873
0.68938
0.68662
0.68583
0.68634
0.68610
0.68726
0.68588
0.68685
0.68737
0.68503
0.68423
0.68463
0.68465
0.68656
0.68592
0.68579
0.68253
0.68392
0.68686
0.68573
0.68376
0.68114
0.68195
0.68256
0.68162
0.68404
0.68601
0.68592
0.68301
0.67919
0.68298
0.68325
0.68262
0.68258
0.68381
0.68377
0.68286
0.68179
0.68265
0.68112
0.68140
0.68260
0.68146
0.68125
0.68294
0.68129
