-0.00000
-0.00003
0.00006
-0.00059
0.00031
0.00508
0.00507
0.00444
0.00478
0.00553
0.00681
0.00498
0.00491
0.00286
0.00681
0.01461
0.00800
0.01132
0.00839
0.01465
0.00782
0.00849
0.00814
0.00616
0.01202
0.00753
0.00928
0.01136
0.00569
0.00876
0.00257
0.00876
0.03012
0.01163
0.01111
0.02667
0.01508
0.00845
0.00914
0.01245
0.00873
0.01018
0.00956
0.00856
0.00589
0.00748
0.00613
0.00274
0.00780
0.02007
0.00814
0.00622
0.00512
0.01055
0.01292
0.00853
0.01707
0.00717
0.00521
0.00604
0.01003
0.01371
0.00714
0.00393
0.00458
0.00378
0.00548
0.01602
0.01846
0.01387
0.01469
0.00925
0.01399
0.01355
0.00762
0.01225
0.01056
0.01043
0.00611
0.00769
0.00678
0.00473
0.00469
0.00977
0.01788
0.00710
0.01043
0.01882
0.01107
0.00416
0.00322
0.00376
0.01233
0.01482
0.00849
0.01074
0.00758
0.00577
0.01610
0.00706
