-0.00012
-0.00202
0.00396
-0.04140
0.01569
0.36591
0.42662
0.37877
0.38470
0.38279
0.38240
0.38273
0.38043
0.38345
0.38250
0.38365
0.38605
0.38826
0.38454
0.38382
0.38562
0.38453
0.38534
0.38756
0.38480
0.38514
0.38299
0.38375
0.38697
0.38979
0.38472
0.38377
0.38887
0.39268
0.38750
0.38871
0.39089
0.38406
0.38504
0.38822
0.38651
0.38425
0.38506
0.38503
0.38635
0.38597
0.38596
0.38657
0.38955
0.39767
0.39164
0.38973
0.38926
0.38859
0.38526
0.38806
0.39061
0.38900
0.38934
0.39164
0.39466
0.38691
0.38855
0.39028
0.38716
0.39003
0.39713
0.39478
0.39033
0.39169
0.39633
0.39085
0.38500
0.38639
0.39163
0.39312
0.38766
0.38907
0.39750
0.39225
0.38877
0.39370
0.39612
0.39439
0.38859
0.38971
0.39776
0.39355
0.38894
0.38901
0.39050
0.39264
0.39871
0.39461
0.39348
0.39507
0.39683
0.39349
0.38976
0.39235
