-0.00115
-0.01961
0.03860
-0.40256
0.15692
3.54753
4.10805
3.66938
3.73046
3.71373
3.71551
3.71804
3.71907
3.72257
3.72487
3.72753
3.72932
3.73051
3.73407
3.73467
3.73772
3.74123
3.74254
3.74497
3.74685
3.74946
3.75234
3.75396
3.75759
3.76046
3.76093
3.76156
3.76343
3.76475
3.76697
3.77091
3.77144
3.77321
3.77573
3.77829
3.78276
3.78306
3.78504
3.78817
3.79305
3.79552
3.79633
3.79920
3.80085
3.80209
3.80613
3.80866
3.81030
3.81346
3.81494
3.81803
3.82062
3.82129
3.82444
3.82720
3.83052
3.83290
3.83452
3.83495
3.83678
3.83900
3.83987
3.84344
3.84773
3.84765
3.84803
3.85166
3.85381
3.85579
3.85914
3.86229
3.86171
3.86516
3.86840
3.86823
3.87092
3.87232
3.87575
3.87715
3.87748
3.88333
3.88668
3.88703
3.88946
3.89236
3.89438
3.89650
3.89893
3.90110
3.90337
3.90569
3.90708
3.91124
3.91291
3.91334
