-0.00228
-0.03898
0.07675
-0.80022
0.31212
7.05236
8.16519
7.28824
7.40294
7.36613
7.36412
7.36437
7.36493
7.36442
7.36410
7.36397
7.36428
7.36447
7.36419
7.36436
7.36472
7.36455
7.36451
7.36454
7.36428
7.36456
7.36465
7.36435
7.36390
7.36423
7.36425
7.36403
7.36449
7.36438
7.36452
7.36477
7.36450
7.36442
7.36422
7.36464
7.36450
7.36459
7.36470
7.36438
7.36417
7.36411
7.36401
7.36405
7.36424
7.36426
7.36327
7.36375
7.36440
7.36432
7.36399
7.36423
7.36488
7.36488
7.36483
7.36493
7.36477
7.36469
7.36466
7.36471
7.36457
7.36417
7.36461
7.36478
7.36463
7.36462
7.36465
7.36447
7.36459
7.36450
7.36406
7.36442
7.36439
7.36414
7.36414
7.36432
7.36421
7.36435
7.36402
7.36435
7.36468
7.36459
7.36440
7.36430
7.36405
7.36456
7.36477
7.36385
7.36394
7.36453
7.36447
7.36414
7.36426
7.36439
7.36432
7.36451
