-0.00004
-0.00074
0.00141
-0.01502
0.00502
0.13449
0.16116
0.13866
0.14079
0.14271
0.13861
0.13715
0.13414
0.13874
0.14081
0.14051
0.14678
0.14572
0.13884
0.13852
0.14015
0.14148
0.14992
0.14715
0.13827
0.13872
0.14127
0.14321
0.14615
0.13828
0.13702
0.14407
0.14663
0.14001
0.13813
0.14444
0.14001
0.13777
0.14249
0.14771
0.14142
0.14063
0.14021
0.14069
0.14280
0.14104
0.13891
0.13819
0.13758
0.14284
0.15102
0.14257
0.14164
0.13844
0.14001
0.14271
0.14198
0.13984
0.14239
0.14940
0.14012
0.14109
0.14157
0.13870
0.13761
0.13859
0.13944
0.14394
0.14961
0.14145
0.14100
0.14191
0.14714
0.14480
0.14314
0.14867
0.14541
0.14351
0.13914
0.15035
0.14366
0.13918
0.14074
0.13867
0.14059
0.15083
0.15124
0.13995
0.14845
0.15365
0.14143
0.14102
0.14459
0.13990
0.14046
0.14067
0.14436
0.14857
0.14887
0.13766
