-0.00158
-0.02700
0.05319
-0.55448
0.21660
4.88632
5.65442
5.04581
5.12549
5.09890
5.09555
5.09404
5.09237
5.09170
5.08895
5.08916
5.08881
5.08578
5.08502
5.08431
5.08437
5.08277
5.08077
5.07949
5.07598
5.07603
5.07478
5.07297
5.07230
5.07098
5.07285
5.07079
5.07048
5.07050
5.06599
5.06440
5.06336
5.06210
5.06313
5.06280
5.06061
5.05804
5.05683
5.05664
5.05604
5.05512
5.05267
5.05141
5.05040
5.04883
5.04813
5.04545
5.04578
5.04599
5.04258
5.04168
5.04127
5.03806
5.03782
5.03903
5.03591
5.03332
5.03201
5.03169
5.03195
5.02953
5.02608
5.02645
5.02488
5.02163
5.02138
5.02096
5.02046
5.01907
5.01661
5.01599
5.01467
5.01355
5.01139
5.00929
5.00721
5.00679
5.00558
5.00458
5.00155
5.00002
4.99819
4.99908
4.99876
4.99736
4.99690
4.99485
4.99212
4.99266
4.99189
4.98887
4.98894
4.98769
4.98516
4.98356
