-0.00001
-0.00020
0.00038
-0.00403
0.00128
0.03654
0.04339
0.03522
0.03587
0.03757
0.03688
0.03071
0.03394
0.03474
0.03486
0.03449
0.03134
0.03565
0.04062
0.03286
0.02884
0.03401
0.03568
0.03426
0.03305
0.03469
0.03664
0.03791
0.03606
0.03412
0.03445
0.03582
0.03395
0.03280
0.03425
0.03612
0.03868
0.03457
0.03983
0.03546
0.03144
0.03626
0.04006
0.03684
0.03964
0.03901
0.03518
0.04268
0.03723
0.03253
0.03437
0.03870
0.03913
0.03467
0.03738
0.03819
0.03739
0.03777
0.03907
0.03879
0.03843
0.04307
0.04320
0.03655
0.04079
0.04425
0.03772
0.03721
0.04383
0.04840
0.04649
0.03821
0.04087
0.05209
0.05223
0.04428
0.04793
0.05079
0.05086
0.04255
0.04052
0.04188
0.03927
0.03972
0.04250
0.04058
0.03851
0.03845
0.04196
0.03588
0.03436
0.04067
0.04187
0.03691
0.04005
0.04573
0.04316
0.03961
0.04010
0.04491
