-0.00114
-0.01942
0.03823
-0.39873
0.15511
3.51449
4.07208
3.63628
3.69620
3.68054
3.68261
3.68114
3.67570
3.67572
3.68040
3.68224
3.68177
3.68206
3.68415
3.68400
3.68817
3.68851
3.68827
3.68925
3.68850
3.68496
3.68700
3.68866
3.69319
3.69107
3.69237
3.69898
3.69543
3.69462
3.69488
3.69638
3.69910
3.70092
3.69968
3.70418
3.70037
3.70390
3.70844
3.70809
3.70847
3.70937
3.70649
3.70527
3.70772
3.70828
3.70472
3.70765
3.70745
3.71074
3.71043
3.71108
3.71281
3.71337
3.71428
3.71312
3.71558
3.71355
3.71421
3.71759
3.71637
3.71530
3.71721
3.72033
3.72223
3.72063
3.72361
3.72166
3.72241
3.72379
3.72053
3.72161
3.72297
3.72471
3.72473
3.72504
3.72948
3.73150
3.72854
3.72653
3.72847
3.72873
3.72528
3.72728
3.72738
3.72942
3.73212
3.73308
3.73407
3.74043
3.73602
3.73400
3.73511
3.73419
3.73259
3.73773
