-0.00059
-0.01005
0.01977
-0.20631
0.08004
1.81935
2.10872
1.88047
1.91009
1.89939
1.90561
1.91277
1.91397
1.91139
1.91465
1.91809
1.91894
1.92466
1.92939
1.92850
1.93160
1.93001
1.93252
1.93815
1.93915
1.93887
1.94208
1.94318
1.94675
1.94996
1.95165
1.95355
1.95566
1.95568
1.95861
1.96008
1.96165
1.96242
1.96689
1.96934
1.97196
1.97370
1.97420
1.97660
1.97443
1.97662
1.98388
1.98686
1.98499
1.98629
1.99121
1.98978
1.98998
1.99315
1.99338
1.99517
1.99863
2.00338
2.00727
2.00582
2.00743
2.00951
2.01529
2.01383
2.01290
2.01508
2.01622
2.01983
2.02157
2.02166
2.02370
2.02877
2.03065
2.03138
2.03636
2.03603
2.03651
2.03700
2.03964
2.03961
2.04485
2.05097
2.05189
2.05293
2.05915
2.06047
2.05690
2.06271
2.06434
2.06409
2.06727
2.06977
2.07239
2.07279
2.07201
2.07619
2.07595
2.07890
2.07878
2.07966
