-0.00001
-0.00021
0.00043
-0.00435
0.00198
0.03823
0.04217
0.03393
0.03076
0.03589
0.04385
0.04508
0.03431
0.03515
0.04379
0.03593
0.03534
0.04618
0.03703
0.03325
0.04003
0.03866
0.03658
0.03993
0.03218
0.03619
0.04321
0.04280
0.04307
0.04353
0.03583
0.03733
0.04258
0.03938
0.03067
0.03252
0.03276
0.03837
0.03695
0.04174
0.03661
0.03147
0.03537
0.04039
0.04248
0.04006
0.04020
0.04799
0.04330
0.04269
0.04544
0.03616
0.03961
0.03481
0.03411
0.04399
0.03085
0.03000
0.04332
0.04030
0.03939
0.04058
0.04247
0.04181
0.03828
0.04426
0.03803
0.03724
0.03660
0.03461
0.03711
0.04292
0.04693
0.04466
0.03942
0.03898
0.03897
0.04000
0.04336
0.04624
0.04159
0.03807
0.04191
0.03676
0.03237
0.03810
0.04436
0.03478
0.02744
0.04542
0.04614
0.04074
0.02926
0.03251
0.04075
0.04119
0.03624
0.03738
0.03554
0.03500
