-0.00047
-0.00801
0.01573
-0.16446
0.06369
1.44746
1.68414
1.52250
1.54491
1.52759
1.53304
1.53456
1.54089
1.55332
1.54683
1.54008
1.54961
1.56491
1.56454
1.53566
1.54250
1.53913
1.52394
1.54490
1.55655
1.53793
1.52561
1.53933
1.54883
1.53730
1.53292
1.54787
1.56779
1.55973
1.55174
1.54553
1.55689
1.57196
1.56528
1.57070
1.58872
1.60142
1.61083
1.61094
1.58750
1.56663
1.56420
1.54737
1.55565
1.52181
1.51235
1.54055
1.53276
1.53853
1.52455
1.52745
1.52873
1.50319
1.49393
1.50793
1.51384
1.50028
1.46291
1.47440
1.48712
1.48599
1.49812
1.49201
1.48457
1.50360
1.48550
1.46314
1.49024
1.48825
1.48940
1.48440
1.48830
1.48509
1.48769
1.52198
1.52729
1.55439
1.54415
1.51009
1.51413
1.52013
1.51578
1.49490
1.47191
1.46693
1.46940
1.47815
1.50471
1.49990
1.48613
1.47065
1.47612
1.49896
1.50549
1.47890
