-0.00122
-0.02087
0.04110
-0.42846
0.16718
3.77618
4.37100
3.90003
3.96085
3.94034
3.93995
3.93732
3.93802
3.93673
3.93392
3.93330
3.93416
3.93125
3.92929
3.92958
3.92722
3.92802
3.92702
3.92384
3.92530
3.92460
3.92362
3.92285
3.91883
3.92199
3.92193
3.91475
3.91560
3.91561
3.91403
3.91528
3.91452
3.91026
3.90746
3.90931
3.91059
3.90754
3.90587
3.90308
3.90219
3.90282
3.90110
3.90205
3.90007
3.90153
3.90003
3.89874
3.89796
3.89626
3.89808
3.89652
3.89240
3.89394
3.89288
3.89296
3.89407
3.89167
3.89290
3.88856
3.88764
3.88806
3.88440
3.88357
3.88368
3.88188
3.88228
3.88171
3.88095
3.88166
3.87944
3.87741
3.87507
3.87554
3.87401
3.87089
3.86985
3.86532
3.86804
3.87006
3.87042
3.86665
3.86440
3.86540
3.86589
3.86382
3.86058
3.85975
3.85901
3.85675
3.85845
3.85833
3.85469
3.85390
3.85215
3.85416
