-0.00055
-0.00945
0.01861
-0.19407
0.07600
1.70826
1.97924
1.77585
1.80033
1.79064
1.78607
1.78260
1.77787
1.77993
1.80387
1.80405
1.81021
1.81368
1.80945
1.83048
1.83631
1.83540
1.84043
1.80894
1.79462
1.80315
1.79708
1.78208
1.77653
1.79728
1.81068
1.81436
1.81236
1.81535
1.81064
1.81251
1.80868
1.80338
1.79746
1.78455
1.77714
1.77895
1.77490
1.76736
1.76798
1.76379
1.76737
1.77694
1.77581
1.77342
1.77511
1.76659
1.77073
1.77038
1.77789
1.78827
1.78952
1.78326
1.77846
1.78345
1.77612
1.76665
1.75976
1.76032
1.76641
1.76860
1.77059
1.75849
1.75628
1.76712
1.76395
1.76048
1.75959
1.75293
1.75335
1.75300
1.75763
1.76556
1.75985
1.76524
1.77192
1.77281
1.76796
1.76360
1.77004
1.76596
1.75261
1.75679
1.78513
1.77447
1.75001
1.74909
1.75264
1.75622
1.75842
1.75741
1.75539
1.75533
1.76336
1.75916
