-0.00005
-0.00078
0.00152
-0.01597
0.00595
0.14125
0.16605
0.14681
0.14897
0.15422
0.14974
0.14885
0.15699
0.15016
0.14746
0.15480
0.15249
0.14772
0.15039
0.14907
0.14700
0.14747
0.14920
0.14977
0.14689
0.14720
0.14773
0.15143
0.14966
0.14808
0.14981
0.15231
0.14702
0.14877
0.14832
0.15112
0.14804
0.14639
0.14678
0.15168
0.15013
0.14977
0.15717
0.15080
0.14904
0.15779
0.14942
0.14652
0.15450
0.15055
0.14796
0.14946
0.15181
0.14966
0.15002
0.14969
0.14992
0.15069
0.14855
0.14700
0.15237
0.15012
0.14788
0.14832
0.14768
0.14723
0.15121
0.15281
0.15075
0.14910
0.14873
0.14773
0.14902
0.14911
0.14960
0.14654
0.14926
0.14892
0.14918
0.15083
0.14916
0.14919
0.14772
0.14734
0.15351
0.14949
0.14825
0.14840
0.14465
0.15174
0.15342
0.14781
0.15048
0.15390
0.14822
0.14780
0.14994
0.14758
0.14798
0.14926
