-0.00057
-0.00969
0.01908
-0.19898
0.07765
1.75349
2.03004
1.81274
1.84163
1.83144
1.82714
1.82518
1.82829
1.82825
1.82698
1.82644
1.82716
1.82512
1.82445
1.82327
1.82113
1.82186
1.82356
1.82235
1.82221
1.82283
1.81981
1.81864
1.81843
1.81991
1.81886
1.81643
1.81765
1.81433
1.81454
1.81442
1.81228
1.81194
1.81233
1.81199
1.81316
1.81390
1.81139
1.81027
1.81032
1.80904
1.80973
1.80618
1.80548
1.80671
1.80654
1.80426
1.80634
1.80587
1.80329
1.80362
1.80108
1.80005
1.80039
1.79928
1.79843
1.79792
1.80060
1.79683
1.79512
1.79695
1.79468
1.79468
1.79555
1.79390
1.79433
1.79349
1.79105
1.79134
1.79198
1.79140
1.79129
1.79143
1.78839
1.78437
1.78927
1.79044
1.78376
1.78460
1.78626
1.78259
1.78150
1.78239
1.78144
1.77931
1.78119
1.78161
1.78174
1.77987
1.77696
1.77739
1.77551
1.77619
1.77859
1.77758
