-0.00134
-0.02284
0.04498
-0.46895
0.18312
4.13183
4.78321
4.27436
4.34333
4.32010
4.31881
4.32083
4.31928
4.31905
4.32110
4.31742
4.31396
4.31738
4.31273
4.31043
4.31208
4.31476
4.31372
4.31340
4.31677
4.31537
4.31486
4.31312
4.31435
4.31630
4.31447
4.31403
4.31275
4.31101
4.31306
4.31141
4.30891
4.30849
4.30979
4.30846
4.30560
4.30769
4.30937
4.30607
4.30491
4.30859
4.30811
4.30666
4.30505
4.30458
4.30327
4.30228
4.30249
4.30209
4.30045
4.29746
4.29918
4.30199
4.30204
4.30079
4.29638
4.29565
4.29768
4.29635
4.29431
4.29431
4.29508
4.29842
4.30136
4.29723
4.29549
4.29677
4.29531
4.29518
4.29377
4.29154
4.29255
4.29396
4.28915
4.28893
4.29062
4.28847
4.28919
4.28817
4.28950
4.28524
4.28639
4.29106
4.28621
4.28510
4.28598
4.28541
4.28411
4.28233
4.28297
4.28317
4.28184
4.28228
4.28379
4.28386
