-0.00139
-0.02368
0.04664
-0.48620
0.18990
4.28436
4.95847
4.42704
4.49753
4.47385
4.47264
4.47420
4.47175
4.46783
4.46844
4.47156
4.46836
4.46568
4.46758
4.46684
4.46500
4.46458
4.46352
4.46326
4.46313
4.46226
4.46052
4.45964
4.46149
4.45982
4.45853
4.45566
4.45788
4.45725
4.45560
4.45666
4.45321
4.45214
4.45416
4.45228
4.45070
4.45133
4.44960
4.44758
4.44810
4.45006
4.44548
4.44536
4.44636
4.43935
4.44199
4.44562
4.44305
4.44051
4.44097
4.44097
4.43844
4.43920
4.43867
4.43575
4.43667
4.43787
4.43444
4.43541
4.43474
4.43375
4.43279
4.43299
4.43186
4.42974
4.43099
4.42795
4.42713
4.42656
4.42602
4.42795
4.42576
4.42431
4.42409
4.42186
4.42297
4.42328
4.42087
4.41714
4.41602
4.41922
4.42048
4.41807
4.41806
4.41723
4.41443
4.41368
4.41199
4.41167
4.41296
4.41108
4.40790
4.41102
4.41116
4.40682
