-0.00005
-0.00081
0.00160
-0.01672
0.00654
0.14658
0.17188
0.15638
0.15590
0.15431
0.14422
0.14852
0.15822
0.16423
0.15573
0.15132
0.15379
0.16518
0.15829
0.15494
0.15954
0.16079
0.14931
0.14984
0.16143
0.16610
0.16182
0.15216
0.15566
0.16466
0.16019
0.15979
0.15748
0.14674
0.15285
0.16165
0.16082
0.16481
0.15595
0.15464
0.15517
0.15133
0.15404
0.15459
0.16161
0.15100
0.14258
0.15892
0.17119
0.15639
0.15478
0.15901
0.16202
0.16163
0.15351
0.16285
0.17472
0.15799
0.14343
0.14820
0.14944
0.15748
0.16228
0.15248
0.15752
0.16282
0.15680
0.16175
0.15848
0.15264
0.16239
0.16557
0.15018
0.14965
0.15909
0.15159
0.14534
0.14496
0.15080
0.15341
0.15808
0.16105
0.15387
0.15240
0.15720
0.15637
0.15441
0.14872
0.15551
0.15379
0.16222
0.15373
0.14962
0.15366
0.15120
0.15515
0.14834
0.15326
0.17887
0.15609
