-0.00138
-0.02349
0.04627
-0.48237
0.18836
4.25083
4.92024
4.39168
4.45892
4.43492
4.43305
4.43301
4.43367
4.43176
4.42924
4.42648
4.42587
4.42619
4.42701
4.42504
4.42409
4.42296
4.42258
4.42172
4.42162
4.41980
4.41710
4.41729
4.41830
4.41429
4.41063
4.41008
4.41200
4.41277
4.40995
4.40979
4.40936
4.40601
4.40362
4.40487
4.40603
4.40418
4.40133
4.39933
4.39839
4.39763
4.39702
4.39645
4.39352
4.39281
4.39336
4.39167
4.39030
4.38724
4.38727
4.38882
4.38620
4.38553
4.38335
4.38264
4.38043
4.37794
4.37828
4.37882
4.37884
4.37743
4.37501
4.37184
4.37136
4.36925
4.36766
4.36861
4.36831
4.36471
4.36299
4.36268
4.36192
4.36159
4.35987
4.35729
4.35598
4.35325
4.35252
4.35246
4.35134
4.34753
4.34615
4.34751
4.34452
4.34487
4.34565
4.34047
4.33951
4.33855
4.33760
4.33634
4.33476
4.33733
4.33612
4.33336
