-0.00014
-0.00241
0.00473
-0.04938
0.01909
0.43543
0.50570
0.45135
0.45820
0.45707
0.45634
0.45689
0.45494
0.45695
0.45892
0.45770
0.45714
0.45770
0.45711
0.45578
0.45757
0.45696
0.45685
0.45858
0.45709
0.45938
0.46051
0.45924
0.46154
0.46241
0.46104
0.45978
0.46111
0.46139
0.46183
0.46552
0.46312
0.46171
0.46230
0.46156
0.46208
0.46360
0.46374
0.46213
0.46327
0.46493
0.46516
0.46512
0.46566
0.46765
0.46695
0.46595
0.46560
0.46530
0.46599
0.46575
0.46670
0.46945
0.46793
0.46501
0.46500
0.46873
0.47226
0.47077
0.46935
0.46979
0.47053
0.46946
0.47027
0.46925
0.46837
0.47005
0.46964
0.46930
0.46891
0.46977
0.47398
0.47401
0.47357
0.47312
0.47352
0.47487
0.47547
0.47528
0.47210
0.47294
0.47494
0.47527
0.47339
0.47350
0.47625
0.47353
0.47360
0.47634
0.47391
0.47419
0.47506
0.47434
0.47635
0.47921
