-0.00247
-0.04224
0.08317
-0.86715
0.33824
7.64218
8.84774
7.89752
8.02278
7.98277
7.98073
7.98022
7.97912
7.97895
7.97918
7.98091
7.98042
7.97954
7.97883
7.98087
7.98235
7.98137
7.98122
7.98117
7.98040
7.98107
7.98150
7.98093
7.98106
7.98135
7.98056
7.98082
7.98113
7.98010
7.98006
7.98082
7.98166
7.98131
7.98059
7.98198
7.98101
7.98079
7.98084
7.97907
7.98004
7.98066
7.98138
7.98147
7.98180
7.98240
7.98149
7.98067
7.98075
7.98115
7.98112
7.98037
7.98178
7.98322
7.98258
7.98101
7.98103
7.98078
7.98128
7.98085
7.97947
7.97961
7.97967
7.97947
7.97993
7.98000
7.97944
7.98065
7.98032
7.98033
7.98087
7.98171
7.98200
7.98182
7.98047
7.98058
7.97964
7.97988
7.98082
7.98164
7.98007
7.97898
7.98122
7.98117
7.97986
7.97995
7.98002
7.97983
7.97870
7.97902
7.98048
7.98129
7.98053
7.98014
7.98084
7.98087
