-0.00003
-0.00045
0.00091
-0.00935
0.00391
0.08192
0.09306
0.08286
0.08393
0.08612
0.08599
0.08331
0.08322
0.08549
0.08628
0.08688
0.08648
0.08642
0.08492
0.08810
0.08870
0.08565
0.08453
0.08317
0.08492
0.08429
0.08446
0.08684
0.08583
0.08366
0.08467
0.08414
0.08615
0.08617
0.08686
0.08735
0.08687
0.08752
0.08508
0.08311
0.08283
0.08446
0.08808
0.08724
0.08529
0.08605
0.08740
0.08670
0.08657
0.08783
0.08608
0.08426
0.08381
0.08629
0.08609
0.08542
0.08628
0.08696
0.08270
0.08378
0.08538
0.08590
0.08945
0.08718
0.08981
0.08883
0.08447
0.08215
0.08533
0.08703
0.08541
0.08453
0.08841
0.08854
0.08713
0.08592
0.08589
0.08799
0.08804
0.08734
0.08695
0.08678
0.09021
0.08434
0.08195
0.08913
0.08669
0.08579
0.08816
0.08865
0.08910
0.08725
0.09025
0.08895
0.08769
0.08711
0.08609
0.08698
0.08671
0.08768
