-0.00038
-0.00655
0.01287
-0.13438
0.05199
1.18457
1.37488
1.23064
1.25341
1.24851
1.25281
1.25691
1.25799
1.26366
1.26594
1.26864
1.27356
1.27276
1.27752
1.28100
1.28140
1.28671
1.28903
1.29170
1.29500
1.29790
1.30162
1.30403
1.30862
1.31143
1.31167
1.31490
1.31722
1.32069
1.32608
1.32955
1.33336
1.33481
1.33630
1.34087
1.34581
1.34758
1.34991
1.35561
1.35818
1.36090
1.36288
1.36361
1.36869
1.36981
1.37228
1.37547
1.37765
1.38394
1.38904
1.39282
1.39307
1.39725
1.40477
1.40261
1.40256
1.40931
1.41292
1.41600
1.42099
1.42470
1.42917
1.42889
1.42956
1.43465
1.43900
1.44324
1.44379
1.44421
1.44820
1.45546
1.45921
1.46147
1.46432
1.46666
1.46837
1.47040
1.47501
1.47686
1.47427
1.47858
1.48361
1.48614
1.48960
1.49260
1.49720
1.49961
1.49859
1.50195
1.50632
1.50895
1.51168
1.51621
1.52138
1.52221
