-0.00019
-0.00320
0.00630
-0.06566
0.02575
0.57854
0.66852
0.59592
0.60529
0.60460
0.60636
0.60185
0.59950
0.59980
0.59867
0.60005
0.60020
0.59860
0.59663
0.60164
0.60097
0.59407
0.59592
0.59932
0.59802
0.59496
0.59384
0.59306
0.59648
0.59521
0.59079
0.59221
0.59262
0.59422
0.59651
0.59599
0.59095
0.58893
0.59611
0.59297
0.58861
0.58513
0.58943
0.59296
0.58390
0.58400
0.59065
0.58862
0.58588
0.58499
0.58460
0.58225
0.58674
0.58475
0.58709
0.59194
0.58466
0.57989
0.58282
0.58253
0.58645
0.58279
0.57230
0.57791
0.57927
0.57657
0.57582
0.57626
0.57931
0.58137
0.57898
0.57495
0.57625
0.57552
0.57609
0.57309
0.57466
0.57592
0.57679
0.57090
0.56982
0.57439
0.57319
0.57094
0.56963
0.57096
0.57316
0.57157
0.57476
0.57252
0.56846
0.57177
0.56776
0.56757
0.56929
0.56403
0.56536
0.56421
0.56620
0.57053
