-0.00001
-0.00010
0.00023
-0.00219
0.00121
0.01895
0.01817
0.01504
0.01834
0.01788
0.01755
0.01924
0.01866
0.01902
0.01772
0.02086
0.01826
0.01626
0.02232
0.01658
0.01766
0.01767
0.01793
0.02030
0.02097
0.02102
0.02170
0.02158
0.02144
0.02079
0.02093
0.02205
0.02052
0.01965
0.01957
0.01894
0.01852
0.02178
0.01881
0.01841
0.01949
0.02017
0.02119
0.01983
0.01921
0.02158
0.02275
0.02081
0.01945
0.02292
0.02814
0.02403
0.02153
0.02077
0.02026
0.02182
0.01977
0.01809
0.02489
0.02402
0.01878
0.01928
0.02147
0.02018
0.02316
0.02380
0.02123
0.02392
0.02527
0.02109
0.01884
0.02629
0.02188
0.02103
0.02262
0.02089
0.02236
0.02526
0.02458
0.02064
0.01845
0.02121
0.02244
0.02214
0.02441
0.02332
0.02228
0.02545
0.02811
0.02665
0.02555
0.02629
0.02614
0.02702
0.02337
0.02520
0.02686
0.02252
0.02498
0.02729
