-0.00013
-0.00214
0.00421
-0.04392
0.01698
0.38756
0.45014
0.39905
0.40250
0.40578
0.40524
0.40217
0.40672
0.40274
0.40205
0.41117
0.40561
0.40232
0.40707
0.40452
0.40342
0.40518
0.40617
0.40760
0.40679
0.40553
0.40823
0.40863
0.40914
0.40683
0.40472
0.40571
0.40716
0.40828
0.40791
0.40616
0.40558
0.40814
0.40731
0.40665
0.40602
0.40780
0.40908
0.40743
0.40864
0.41223
0.41453
0.41174
0.41135
0.40924
0.41128
0.41347
0.40950
0.41104
0.40603
0.40639
0.41087
0.40598
0.40915
0.41303
0.41013
0.40855
0.41101
0.40998
0.40770
0.41224
0.41062
0.40643
0.41186
0.41101
0.40836
0.40891
0.40832
0.41117
0.41126
0.41070
0.41180
0.41145
0.41203
0.41282
0.41190
0.40968
0.41226
0.41237
0.41123
0.41430
0.41755
0.41442
0.41456
0.41314
0.41320
0.41845
0.41454
0.41392
0.41394
0.41519
0.41585
0.41355
0.41266
0.41587
