-0.00247
-0.04224
0.08319
-0.86732
0.33836
7.64367
8.84868
7.89805
8.02441
7.98492
7.98224
7.98154
7.98208
7.98161
7.98064
7.98061
7.98139
7.97975
7.98154
7.98116
7.98067
7.98162
7.98055
7.97987
7.98049
7.98065
7.98100
7.98062
7.97960
7.98012
7.98118
7.98166
7.98135
7.98161
7.98109
7.98100
7.98057
7.98121
7.98181
7.98040
7.98108
7.98270
7.98181
7.98084
7.98233
7.98207
7.98071
7.98172
7.98217
7.98037
7.97990
7.98210
7.98227
7.98007
7.98061
7.98108
7.98001
7.98175
7.98121
7.98101
7.98018
7.98051
7.98036
7.98049
7.97929
7.98169
7.98234
7.98062
7.98186
7.98178
7.98138
7.98172
7.98103
7.98140
7.98234
7.98146
7.98104
7.98020
7.98129
7.98199
7.98142
7.98021
7.98147
7.97992
7.97981
7.98258
7.98138
7.98119
7.98063
7.98064
7.98116
7.98161
7.98075
7.98113
7.98211
7.98222
7.98206
7.98135
7.98131
7.98124
