-0.00129
-0.02199
0.04327
-0.45143
0.17539
3.97939
4.61413
4.12032
4.17715
4.14764
4.15540
4.16993
4.15901
4.15179
4.14862
4.14381
4.15665
4.16774
4.15891
4.13603
4.12509
4.12044
4.10054
4.09467
4.09160
4.07649
4.06793
4.06453
4.07614
4.06936
4.05454
4.04273
4.03821
4.07754
4.10450
4.09913
4.13195
4.12306
4.10710
4.12079
4.11624
4.11474
4.13733
4.13855
4.11931
4.12058
4.13566
4.13566
4.12473
4.11225
4.09351
4.06572
4.04562
4.02505
3.99935
3.99002
3.98783
3.98000
3.97818
3.97377
3.95984
3.96214
3.96776
3.96445
3.95634
3.94668
3.94266
3.93857
3.93438
3.93276
3.91747
3.93286
4.03850
4.09887
4.10603
4.10968
4.10805
4.10379
4.10099
4.09934
4.09720
4.09769
4.09616
4.09475
4.09030
4.08714
4.08512
4.07981
4.07839
4.07677
4.07159
4.06922
4.06504
4.06369
4.06307
4.05705
4.05136
4.04840
4.04878
4.04473
