-0.00117
-0.01989
0.03918
-0.40850
0.15947
3.59951
4.16609
3.72125
3.78505
3.76829
3.76927
3.77576
3.78038
3.77712
3.77845
3.78254
3.78522
3.78780
3.79072
3.79441
3.79743
3.79640
3.79775
3.79927
3.79959
3.80123
3.80307
3.80462
3.80701
3.80812
3.81091
3.81450
3.81316
3.81707
3.81519
3.81691
3.82378
3.82442
3.82525
3.82507
3.82770
3.83124
3.83501
3.83850
3.84036
3.84183
3.84156
3.84117
3.84770
3.85044
3.84941
3.85173
3.85226
3.85724
3.86323
3.86464
3.86786
3.87122
3.87324
3.87832
3.87774
3.87662
3.88092
3.88604
3.88486
3.88273
3.88434
3.88773
3.89063
3.89303
3.89542
3.89707
3.90292
3.90685
3.90808
3.91070
3.90952
3.91421
3.91689
3.91138
3.91189
3.91921
3.91961
3.92225
3.92499
3.92464
3.92628
3.92885
3.93445
3.93611
3.93085
3.93418
3.93912
3.93594
3.93853
3.94124
3.94314
3.94297
3.94196
3.94082
