-0.00143
-0.02447
0.04816
-0.50223
0.19552
4.42680
5.12686
4.57716
4.65685
4.63512
4.63416
4.63987
4.63990
4.64115
4.64374
4.64759
4.65101
4.65287
4.65542
4.65773
4.66052
4.66222
4.66314
4.66531
4.66666
4.66707
4.66991
4.67531
4.67742
4.67261
4.67600
4.68171
4.68231
4.68454
4.68457
4.68404
4.68828
4.68912
4.69179
4.69490
4.69575
4.69798
4.70267
4.70589
4.70966
4.71086
4.70971
4.71021
4.71601
4.71948
4.71869
4.72126
4.72394
4.72749
4.73341
4.73717
4.74263
4.74314
4.74463
4.74941
4.74882
4.74945
4.75264
4.75681
4.75828
4.75801
4.75972
4.76322
4.76276
4.76287
4.76840
4.77099
4.77367
4.77827
4.78199
4.78635
4.78730
4.78744
4.78858
4.78998
4.79128
4.79350
4.79599
4.79928
4.80187
4.80370
4.80650
4.80603
4.80926
4.81195
4.81248
4.81629
4.81860
4.81623
4.81753
4.82085
4.82391
4.82275
4.82086
4.82104
