-0.00186
-0.03183
0.06266
-0.65355
0.25457
5.75936
6.67319
5.96163
6.05303
6.02710
6.02610
6.02281
6.02406
6.02486
6.02816
6.02784
6.02662
6.03071
6.03106
6.03239
6.03713
6.03961
6.04142
6.03884
6.03988
6.04639
6.05256
6.04754
6.04576
6.04920
6.05169
6.05050
6.05183
6.05466
6.05363
6.05197
6.05142
6.05529
6.05596
6.05225
6.05853
6.06669
6.06733
6.06802
6.07189
6.07313
6.06733
6.06180
6.06309
6.06517
6.06451
6.06460
6.06568
6.06454
6.06161
6.06386
6.07025
6.07307
6.07026
6.06848
6.07123
6.07348
6.07242
6.07600
6.08626
6.08504
6.07576
6.07454
6.07607
6.08186
6.08576
6.08329
6.08225
6.08222
6.08538
6.08642
6.08737
6.09002
6.09209
6.09136
6.09269
6.09606
6.09639
6.09836
6.09981
6.09642
6.09713
6.09923
6.09899
6.09805
6.09745
6.10176
6.10260
6.10130
6.10095
6.10085
6.10494
6.10976
6.11113
6.11371
