-0.00003
-0.00053
0.00102
-0.01074
0.00393
0.09536
0.11096
0.09894
0.10383
0.09991
0.10278
0.10193
0.09896
0.10042
0.10076
0.10269
0.09958
0.10290
0.10071
0.09829
0.09972
0.10141
0.10463
0.09976
0.09655
0.09796
0.09876
0.09821
0.10180
0.10554
0.10107
0.10184
0.09846
0.09711
0.10522
0.10382
0.09746
0.09922
0.09946
0.09935
0.09933
0.09866
0.09657
0.09786
0.09575
0.09774
0.10377
0.09990
0.09837
0.09974
0.10146
0.10170
0.10174
0.09930
0.10027
0.10216
0.09760
0.10253
0.10615
0.09892
0.09882
0.09748
0.09761
0.09765
0.09858
0.10045
0.10112
0.10703
0.10028
0.09849
0.09994
0.10198
0.09914
0.09958
0.10734
0.10013
0.09947
0.10070
0.09820
0.10017
0.10200
0.10550
0.10209
0.09926
0.10671
0.10626
0.09962
0.09845
0.09802
0.09834
0.09934
0.09824
0.09845
0.10124
0.09971
0.10057
0.10919
0.10221
0.10200
0.09869
