-0.00063
-0.01073
0.02118
-0.22010
0.08584
1.94752
2.23439
1.95199
2.01639
2.00829
1.99645
1.98388
1.97425
1.97396
1.95832
1.97673
1.97503
1.98503
2.03793
2.03570
2.01455
2.00334
2.00188
2.00305
2.00635
2.01460
2.02829
2.00857
1.98189
1.97439
2.00192
1.99810
1.99185
2.00791
2.00498
2.01639
2.04053
2.04161
1.98394
1.94197
1.94366
1.94587
1.95302
1.93741
1.94090
1.96788
1.96335
1.93175
1.90818
1.92511
1.98718
1.98450
1.93385
1.92044
1.93008
1.92910
1.92513
1.90174
1.91749
1.92759
1.92411
1.96279
1.98023
1.96109
1.97118
1.97989
1.99536
1.99174
1.98413
1.94452
1.94645
1.99092
2.03618
2.00904
2.00875
2.07149
2.05039
2.00214
2.01419
2.01131
2.05247
2.06685
2.05406
2.10204
2.12404
2.11055
2.10822
2.11278
2.10171
2.07653
2.10215
2.11489
2.11156
2.13928
2.14567
2.11564
2.09014
2.08627
2.08653
2.07146
