-0.00004
-0.00060
0.00120
-0.01235
0.00520
0.10799
0.12221
0.11018
0.11383
0.11374
0.11062
0.11006
0.11111
0.11325
0.11227
0.11230
0.11395
0.11426
0.11347
0.11287
0.11338
0.11083
0.11073
0.11102
0.11139
0.11334
0.11395
0.11475
0.11268
0.11428
0.11556
0.11408
0.11097
0.11300
0.11504
0.11681
0.11395
0.11199
0.11290
0.11386
0.11445
0.11302
0.11551
0.11575
0.11392
0.11449
0.11472
0.11194
0.11265
0.11155
0.11457
0.11379
0.10981
0.11425
0.11406
0.11313
0.11437
0.11394
0.11445
0.11317
0.11471
0.11408
0.11257
0.11275
0.11492
0.11378
0.11323
0.11413
0.11483
0.11490
0.11435
0.11561
0.11380
0.11599
0.11604
0.11086
0.11477
0.11810
0.11738
0.11390
0.11455
0.11597
0.11510
0.11413
0.11078
0.11187
0.11343
0.11737
0.11475
0.11299
0.11200
0.11297
0.11567
0.11404
0.11504
0.11637
0.11564
0.11461
0.11303
0.11733
