-0.00162
-0.02760
0.05433
-0.56650
0.22071
4.99339
5.78258
5.15881
5.23891
5.21339
5.21416
5.21453
5.21361
5.21553
5.21732
5.21742
5.21875
5.21793
5.21875
5.21976
5.21956
5.22126
5.22003
5.22092
5.22071
5.22080
5.22219
5.22170
5.22172
5.22437
5.22474
5.22517
5.22436
5.22355
5.22255
5.22470
5.22502
5.22488
5.22560
5.22442
5.22228
5.22354
5.22539
5.22780
5.22806
5.22735
5.22749
5.22543
5.22635
5.22777
5.22614
5.22534
5.22830
5.23038
5.22792
5.22640
5.23004
5.23369
5.23547
5.23336
5.23022
5.23514
5.23769
5.23596
5.23431
5.23289
5.23589
5.23766
5.23757
5.23786
5.23513
5.23388
5.23653
5.23565
5.23478
5.23359
5.23178
5.23176
5.23249
5.23384
5.23713
5.23541
5.23251
5.23770
5.23852
5.23506
5.23391
5.23469
5.23844
5.23911
5.23793
5.23953
5.24106
5.24481
5.24467
5.24141
5.24335
5.24415
5.24299
5.24353
