-0.00010
-0.00178
0.00352
-0.03657
0.01466
0.32138
0.36932
0.33112
0.33794
0.33791
0.33727
0.33724
0.33739
0.33629
0.33822
0.33674
0.33477
0.33214
0.33611
0.33994
0.34056
0.34061
0.33514
0.34058
0.33574
0.33789
0.33873
0.33522
0.33531
0.33287
0.33176
0.33403
0.33863
0.33674
0.33277
0.33626
0.34309
0.33913
0.33830
0.34601
0.33849
0.33611
0.33846
0.33920
0.33667
0.33524
0.33586
0.33836
0.33811
0.34518
0.34278
0.33861
0.34416
0.34086
0.33979
0.33883
0.33293
0.33329
0.33665
0.33761
0.33825
0.33906
0.33729
0.33725
0.33954
0.33573
0.33582
0.33810
0.33431
0.33710
0.33474
0.33482
0.33622
0.33711
0.33665
0.33667
0.34241
0.33674
0.33213
0.33453
0.34147
0.33621
0.33221
0.33132
0.33585
0.33834
0.33360
0.32910
0.33206
0.33877
0.33478
0.33445
0.34142
0.34136
0.34819
0.34007
0.33276
0.33714
0.33957
0.33818
