-0.00034
-0.00580
0.01142
-0.11903
0.04645
1.04901
1.21431
1.08414
1.10014
1.09407
1.09741
1.09801
1.09993
1.09450
1.09251
1.09644
1.09632
1.09898
1.09769
1.09410
1.09754
1.09712
1.09372
1.09913
1.09763
1.08946
1.09067
1.09548
1.09398
1.09397
1.09337
1.09266
1.09171
1.09353
1.09466
1.09455
1.08786
1.08935
1.09374
1.09421
1.09335
1.09198
1.09211
1.09330
1.09164
1.09233
1.09009
1.09279
1.09126
1.09088
1.09116
1.09055
1.08810
1.08559
1.08881
1.08503
1.09254
1.08958
1.08809
1.08731
1.08969
1.08778
1.08581
1.08809
1.08240
1.08497
1.08893
1.08699
1.08670
1.08782
1.09095
1.08973
1.08562
1.08486
1.08292
1.08533
1.08542
1.08654
1.08683
1.08500
1.08477
1.08727
1.08836
1.08298
1.08789
1.08668
1.08364
1.08255
1.08460
1.08562
1.08028
1.08338
1.08234
1.08371
1.08391
1.08228
1.07921
1.07720
1.07952
1.08049
