-0.00005
-0.00085
0.00168
-0.01749
0.00679
0.15405
0.17892
0.15958
0.16308
0.16516
0.16008
0.15980
0.16174
0.16086
0.16131
0.16568
0.16409
0.15737
0.16040
0.16672
0.16461
0.16228
0.16075
0.16433
0.16179
0.16480
0.16015
0.16069
0.16801
0.16109
0.16057
0.16065
0.15753
0.15837
0.15999
0.15874
0.16258
0.16400
0.15936
0.15906
0.16098
0.16152
0.16066
0.16004
0.16168
0.15901
0.16311
0.16310
0.16002
0.15771
0.15957
0.16007
0.16057
0.16357
0.16199
0.16784
0.16136
0.16007
0.16114
0.15786
0.15904
0.16409
0.16725
0.16222
0.16017
0.16104
0.16174
0.15969
0.15895
0.16337
0.15908
0.16117
0.16534
0.15844
0.15765
0.16426
0.16191
0.16006
0.15949
0.15981
0.15884
0.15975
0.15882
0.16176
0.16614
0.16092
0.15974
0.15888
0.15876
0.16135
0.16972
0.16476
0.15941
0.16089
0.16295
0.15998
0.15643
0.15637
0.16037
0.16351
