-0.00029
-0.00488
0.00962
-0.10030
0.03957
0.88197
1.02142
0.91987
0.92615
0.90955
0.90097
0.90031
0.91050
0.91819
0.91343
0.91637
0.91056
0.90605
0.91775
0.91330
0.90178
0.90815
0.92061
0.91608
0.90727
0.90995
0.90227
0.90012
0.89713
0.90044
0.91524
0.91159
0.91030
0.91137
0.91818
0.91732
0.92419
0.92393
0.91069
0.91722
0.92566
0.92784
0.92847
0.91889
0.91292
0.91726
0.91750
0.90880
0.90548
0.90187
0.90102
0.90003
0.90279
0.90526
0.90116
0.89809
0.89585
0.89704
0.89677
0.89908
0.89747
0.90812
0.91171
0.91292
0.92654
0.92171
0.90877
0.90445
0.90883
0.91761
0.91369
0.90899
0.91409
0.91888
0.91453
0.90776
0.91224
0.92097
0.91397
0.91941
0.90948
0.90645
0.91537
0.90258
0.89894
0.90600
0.90577
0.89982
0.90041
0.90139
0.90489
0.90311
0.90198
0.90267
0.89957
0.89764
0.89919
0.88708
0.88169
0.88436
