-0.00017
-0.00288
0.00567
-0.05919
0.02293
0.52229
0.60483
0.53851
0.54853
0.54419
0.54553
0.54740
0.54785
0.54591
0.54623
0.54574
0.54668
0.54670
0.54643
0.54680
0.54473
0.54656
0.54648
0.54505
0.54444
0.54702
0.54806
0.54624
0.54542
0.54692
0.54482
0.54354
0.54622
0.54669
0.54644
0.54530
0.54451
0.54650
0.54595
0.54311
0.54386
0.54436
0.54256
0.54452
0.54359
0.54302
0.54400
0.54535
0.54791
0.54610
0.54479
0.54673
0.54803
0.54609
0.54410
0.54426
0.54559
0.54471
0.54401
0.54558
0.54707
0.54495
0.54349
0.54353
0.54463
0.54416
0.54644
0.54470
0.54346
0.54224
0.54327
0.54583
0.54355
0.54120
0.54324
0.54529
0.54266
0.54364
0.54476
0.54320
0.54467
0.54385
0.54278
0.54497
0.54425
0.54335
0.54368
0.54383
0.54541
0.54459
0.54147
0.54138
0.54519
0.54360
0.54263
0.54356
0.54515
0.54456
0.54466
0.54314
