-0.00116
-0.01985
0.03910
-0.40764
0.15908
3.59214
4.15876
3.71335
3.77263
3.75544
3.75445
3.75661
3.75714
3.75809
3.76117
3.76340
3.76554
3.76585
3.76598
3.77063
3.77097
3.77236
3.77534
3.77478
3.77435
3.77864
3.77794
3.77678
3.77875
3.78345
3.78385
3.77876
3.78000
3.78468
3.78592
3.78654
3.78249
3.78206
3.78380
3.78525
3.78803
3.78774
3.78729
3.78954
3.78720
3.79265
3.79617
3.79580
3.79346
3.79639
3.79826
3.80036
3.79953
3.80067
3.80148
3.80344
3.80315
3.80324
3.80561
3.80981
3.81257
3.81365
3.81021
3.80976
3.81521
3.81493
3.81399
3.81555
3.82194
3.82297
3.82335
3.82414
3.82042
3.82288
3.83047
3.83174
3.83131
3.83248
3.83558
3.83692
3.83894
3.83490
3.83472
3.83804
3.83771
3.83725
3.83596
3.83633
3.83964
3.84463
3.84525
3.84806
3.84908
3.84877
3.84831
3.85151
3.85743
3.85675
3.85378
3.85304
