-0.00154
-0.02623
0.05162
-0.53837
0.20959
4.74515
5.49709
4.90798
4.98600
4.96105
4.96112
4.96237
4.96143
4.96398
4.96878
4.97132
4.97373
4.97599
4.97425
4.97631
4.97964
4.97919
4.98091
4.98148
4.97793
4.98482
4.98507
4.98311
4.98513
4.98734
4.98839
4.98537
4.98456
4.99053
4.99309
4.99145
4.98673
4.98446
4.98873
4.99346
4.99329
4.99138
4.98935
4.98974
4.99193
4.99588
5.00006
4.99853
4.99794
5.00144
5.00219
5.00308
5.00391
5.00536
5.00334
5.00339
5.00682
5.00629
5.00847
5.01229
5.01855
5.01623
5.01624
5.01701
5.01745
5.01991
5.01826
5.02027
5.02415
5.02583
5.02647
5.02391
5.02352
5.02912
5.03341
5.03573
5.03511
5.03382
5.03582
5.03692
5.03883
5.04079
5.03825
5.03718
5.03987
5.03868
5.03831
5.03956
5.04282
5.04618
5.04615
5.05230
5.05209
5.05005
5.04818
5.05076
5.06071
5.06210
5.05401
5.05423
