-0.00014
-0.00231
0.00456
-0.04748
0.01858
0.41840
0.48387
0.43127
0.43775
0.43572
0.43450
0.43338
0.43346
0.43304
0.43280
0.43077
0.42830
0.42669
0.42728
0.42627
0.42482
0.42499
0.42503
0.42456
0.42336
0.42252
0.42017
0.42007
0.41808
0.41665
0.41681
0.41734
0.41608
0.41418
0.41278
0.41246
0.41322
0.41218
0.41168
0.41182
0.41178
0.41079
0.40936
0.40895
0.40777
0.40770
0.40753
0.40582
0.40486
0.40436
0.40397
0.40133
0.40165
0.40246
0.40056
0.39966
0.39995
0.39783
0.39705
0.39647
0.39620
0.39451
0.39243
0.39249
0.39216
0.39218
0.39168
0.39156
0.39061
0.39000
0.39004
0.38837
0.38801
0.38769
0.38591
0.38434
0.38365
0.38377
0.38224
0.38121
0.38302
0.38155
0.38102
0.38157
0.38021
0.37842
0.37703
0.37609
0.37492
0.37378
0.37303
0.37348
0.37240
0.37182
0.37194
0.37150
0.37112
0.37015
0.36905
0.36712
