-0.00102
-0.01742
0.03429
-0.35755
0.13938
3.15097
3.64911
3.25779
3.31120
3.30174
3.29961
3.29850
3.30502
3.30402
3.30301
3.30752
3.30443
3.30383
3.30667
3.30853
3.30476
3.30620
3.31150
3.31413
3.31494
3.31327
3.31318
3.31529
3.31298
3.31590
3.31739
3.32099
3.32621
3.32261
3.32657
3.32627
3.32803
3.33094
3.32706
3.32709
3.32698
3.33104
3.33415
3.33046
3.33070
3.33597
3.33747
3.34039
3.33986
3.33810
3.33852
3.33998
3.33801
3.34221
3.34785
3.34505
3.34426
3.34841
3.35024
3.35036
3.35003
3.35186
3.35346
3.35596
3.35890
3.36157
3.35876
3.35909
3.35969
3.36078
3.35812
3.36453
3.36141
3.36157
3.36139
3.35848
3.36283
3.36765
3.36863
3.36662
3.36727
3.37031
3.36827
3.36836
3.37416
3.37420
3.37397
3.37252
3.37428
3.37693
3.37920
3.37951
3.37969
3.38216
3.38263
3.37914
3.38310
3.38690
3.38281
3.38543
