-0.00056
-0.00948
0.01862
-0.19464
0.07527
1.71408
1.99776
1.79446
1.80636
1.78965
1.77154
1.78638
1.79471
1.79244
1.79705
1.80516
1.80824
1.79485
1.78859
1.82876
1.80752
1.81390
1.81736
1.77173
1.78044
1.81586
1.81622
1.80598
1.81929
1.82045
1.78140
1.75128
1.75918
1.78657
1.76730
1.78208
1.79559
1.77210
1.77981
1.77975
1.75852
1.76992
1.80737
1.81874
1.81565
1.77649
1.78381
1.78083
1.75351
1.79706
1.83883
1.82053
1.81702
1.79215
1.78425
1.81301
1.81574
1.80472
1.74757
1.73719
1.75453
1.75811
1.77608
1.79944
1.77825
1.74449
1.77476
1.79186
1.77117
1.77223
1.78981
1.81371
1.82228
1.80516
1.82735
1.82151
1.79869
1.78699
1.79551
1.81885
1.84487
1.84432
1.85489
1.84934
1.81466
1.81387
1.80682
1.78600
1.79898
1.79412
1.79549
1.79804
1.79210
1.82436
1.82307
1.82627
1.83577
1.85728
1.87642
1.84191
