-0.00145
-0.02483
0.04892
-0.50984
0.19949
4.49191
5.19591
4.63988
4.71430
4.68744
4.68629
4.68729
4.68278
4.68502
4.68694
4.68418
4.68173
4.68066
4.68015
4.68029
4.68281
4.68006
4.67948
4.67862
4.67764
4.67748
4.67533
4.67539
4.67442
4.66982
4.67287
4.67567
4.67248
4.66918
4.66869
4.66821
4.66710
4.66624
4.66433
4.66343
4.66387
4.66088
4.66262
4.66397
4.66399
4.66031
4.66219
4.66307
4.66205
4.66188
4.65782
4.65745
4.65768
4.65709
4.65486
4.65454
4.65203
4.65250
4.65561
4.65602
4.65401
4.65256
4.65251
4.65236
4.65345
4.65138
4.65034
4.64545
4.64528
4.64445
4.64734
4.64810
4.64679
4.64481
4.64450
4.64471
4.64364
4.64221
4.64257
4.64117
4.64158
4.63837
4.63396
4.63587
4.63701
4.63709
4.63528
4.63116
4.63066
4.63212
4.63133
4.63156
4.63087
4.63181
4.62846
4.62873
4.62968
4.63166
4.63140
4.62641
