-0.00114
-0.01939
0.03818
-0.39800
0.15526
3.50801
4.06024
3.62231
3.68079
3.65903
3.65529
3.65413
3.65219
3.65217
3.65066
3.65019
3.64909
3.64768
3.64495
3.64599
3.64664
3.64189
3.63783
3.63639
3.63696
3.63586
3.63255
3.63225
3.63362
3.62846
3.62836
3.62879
3.62681
3.62528
3.62372
3.62125
3.61967
3.61979
3.61557
3.61295
3.61308
3.61135
3.60924
3.61041
3.61142
3.60757
3.60590
3.60581
3.60367
3.60298
3.60273
3.60003
3.59965
3.59939
3.59621
3.59266
3.59324
3.59272
3.58727
3.58758
3.58848
3.58765
3.58576
3.58369
3.58302
3.58225
3.58067
3.57728
3.57287
3.57164
3.57252
3.57417
3.57448
3.57028
3.56622
3.56610
3.56610
3.56540
3.56008
3.56092
3.56020
3.55508
3.55558
3.55442
3.55312
3.55264
3.54988
3.54977
3.54790
3.54381
3.54329
3.54395
3.54269
3.54187
3.53893
3.53504
3.53620
3.53613
3.53467
3.53197
