-0.00132
-0.02261
0.04451
-0.46413
0.18111
4.08978
4.73470
4.22935
4.30056
4.28310
4.28261
4.28336
4.28587
4.28833
4.29034
4.29325
4.29311
4.29434
4.30059
4.30408
4.30516
4.30771
4.30847
4.30902
4.30864
4.30771
4.31126
4.31416
4.31573
4.31847
4.32025
4.32073
4.32107
4.32029
4.32140
4.32655
4.33022
4.33105
4.33108
4.33360
4.33593
4.33813
4.33755
4.34229
4.34286
4.34279
4.34669
4.34909
4.35879
4.35838
4.35601
4.36178
4.36345
4.36376
4.36711
4.37178
4.37033
4.37029
4.37308
4.37437
4.37795
4.38371
4.38648
4.38713
4.38862
4.38878
4.39085
4.39441
4.39732
4.39841
4.39953
4.39981
4.40179
4.40631
4.40498
4.40679
4.41308
4.41646
4.41762
4.41887
4.42193
4.42310
4.42563
4.42994
4.43256
4.43351
4.43421
4.43407
4.43548
4.43834
4.43908
4.44388
4.44833
4.44969
4.45102
4.45255
4.45319
4.45624
4.45636
4.45778
