-0.00004
-0.00068
0.00136
-0.01409
0.00601
0.12263
0.13942
0.12910
0.12892
0.12483
0.13022
0.13176
0.12553
0.12422
0.12639
0.12747
0.12905
0.12777
0.12545
0.12744
0.13289
0.12617
0.13081
0.12825
0.12235
0.12677
0.12498
0.11891
0.12927
0.13188
0.12040
0.12285
0.12734
0.12188
0.11865
0.12545
0.12604
0.12920
0.12789
0.13188
0.12955
0.12210
0.12345
0.12671
0.12587
0.12361
0.12049
0.11532
0.12632
0.13241
0.12274
0.11308
0.12196
0.12649
0.12317
0.12815
0.12725
0.12489
0.12178
0.12411
0.13116
0.12753
0.12276
0.12403
0.12069
0.12056
0.12035
0.12245
0.12593
0.12282
0.11970
0.11729
0.11706
0.12307
0.12150
0.11733
0.11519
0.11724
0.12109
0.12413
0.12126
0.11870
0.12712
0.11982
0.11444
0.11990
0.12223
0.12240
0.11938
0.11904
0.12235
0.11691
0.11880
0.12419
0.12421
0.11728
0.11705
0.11957
0.11840
0.11962
