-0.00006
-0.00098
0.00194
-0.02012
0.00802
0.17699
0.20279
0.18261
0.18993
0.18639
0.18572
0.18547
0.18693
0.19405
0.19041
0.18641
0.18664
0.19267
0.19153
0.19284
0.19347
0.19246
0.19380
0.19221
0.18935
0.18782
0.19177
0.20010
0.19447
0.19313
0.19945
0.19721
0.19655
0.19355
0.18717
0.18836
0.19235
0.18937
0.18946
0.20078
0.19298
0.19627
0.19739
0.19756
0.19664
0.19681
0.19305
0.19518
0.19507
0.19461
0.19842
0.19756
0.19912
0.20170
0.19603
0.20260
0.20090
0.20430
0.20111
0.20155
0.19973
0.19454
0.19741
0.19692
0.20474
0.20555
0.19641
0.19532
0.19827
0.20373
0.20050
0.20497
0.20693
0.20044
0.19861
0.20030
0.20272
0.20139
0.20000
0.19801
0.19956
0.19711
0.19801
0.20030
0.19839
0.20751
0.20233
0.20007
0.20555
0.20649
0.20155
0.19832
0.20192
0.20261
0.20383
0.20617
0.20292
0.20722
0.21550
0.20676
