-0.00006
-0.00111
0.00219
-0.02279
0.00900
0.20054
0.23155
0.20752
0.21110
0.20983
0.20867
0.20788
0.20930
0.21036
0.20956
0.20938
0.20943
0.21005
0.20793
0.20593
0.20914
0.20956
0.20927
0.20891
0.20940
0.21099
0.21166
0.21135
0.21220
0.21069
0.20815
0.20823
0.20739
0.20758
0.21015
0.21103
0.20734
0.20542
0.20909
0.21164
0.20964
0.20820
0.20733
0.20917
0.21000
0.20801
0.20937
0.20946
0.21028
0.21302
0.20866
0.20952
0.21279
0.20991
0.20864
0.20769
0.20798
0.20673
0.21027
0.21340
0.20884
0.20913
0.20850
0.20830
0.20858
0.20847
0.20945
0.21035
0.21063
0.20968
0.20968
0.21139
0.20855
0.21043
0.21008
0.21102
0.21458
0.21198
0.20969
0.21050
0.20754
0.20808
0.20841
0.20842
0.21128
0.21216
0.20929
0.20796
0.21075
0.21152
0.20948
0.20799
0.20815
0.20842
0.21134
0.21238
0.20831
0.20902
0.21005
0.21042
