-0.00002
-0.00036
0.00067
-0.00729
0.00205
0.06591
0.08166
0.07136
0.07284
0.07033
0.06988
0.07093
0.06811
0.06756
0.06916
0.06953
0.06842
0.07211
0.06881
0.06518
0.06826
0.07062
0.06758
0.07537
0.07533
0.06801
0.07060
0.07177
0.07082
0.07006
0.07162
0.06888
0.07044
0.07272
0.07040
0.07234
0.07443
0.07113
0.06912
0.07215
0.07396
0.07420
0.07258
0.07089
0.07359
0.07244
0.07121
0.07290
0.07137
0.07203
0.07393
0.07273
0.07539
0.07486
0.07270
0.07431
0.07523
0.07306
0.07411
0.07590
0.07353
0.07504
0.07603
0.07172
0.07159
0.07344
0.07695
0.07681
0.07290
0.07470
0.07647
0.07431
0.07417
0.07334
0.07358
0.07393
0.07292
0.07207
0.07487
0.07718
0.07618
0.07512
0.07682
0.07498
0.07561
0.07476
0.07163
0.07578
0.07612
0.07420
0.07680
0.07425
0.07260
0.07449
0.07153
0.07581
0.07629
0.07468
0.07891
0.07870
