-0.00009
-0.00150
0.00296
-0.03081
0.01209
0.27151
0.31354
0.27893
0.28285
0.28217
0.28443
0.28429
0.28569
0.28808
0.28408
0.28258
0.28559
0.28666
0.28175
0.28253
0.29102
0.28849
0.28781
0.28860
0.28747
0.28635
0.28870
0.28785
0.28484
0.28849
0.29141
0.28683
0.28872
0.28983
0.29078
0.28883
0.29082
0.28979
0.28894
0.28890
0.28773
0.28850
0.28713
0.28923
0.29312
0.28999
0.28756
0.28635
0.28728
0.28621
0.28841
0.29078
0.29128
0.29541
0.29036
0.28896
0.29191
0.29280
0.29365
0.29062
0.28728
0.28698
0.29068
0.29059
0.29169
0.29159
0.28974
0.28918
0.29030
0.29112
0.29555
0.29475
0.28676
0.28834
0.29217
0.29408
0.29390
0.29005
0.29221
0.29534
0.29527
0.29586
0.29462
0.29513
0.29603
0.29132
0.29241
0.29125
0.29494
0.29520
0.29176
0.29677
0.29257
0.28846
0.29807
0.29735
0.29622
0.29704
0.29442
0.29654
