-0.00189
-0.03219
0.06341
-0.66094
0.25833
5.82341
6.73899
6.01981
6.11472
6.07836
6.07546
6.07709
6.07967
6.07483
6.07062
6.07525
6.07466
6.07191
6.06979
6.07059
6.07001
6.07180
6.06870
6.06776
6.06849
6.06165
6.06538
6.06146
6.05227
6.05624
6.06506
6.06304
6.05670
6.05765
6.05548
6.05599
6.05383
6.05501
6.05753
6.05580
6.04815
6.05241
6.04752
6.04186
6.04681
6.05102
6.04918
6.04414
6.04268
6.04313
6.03934
6.04491
6.04243
6.03830
6.04027
6.04096
6.04052
6.03997
6.03418
6.03131
6.03509
6.03436
6.03175
6.03462
6.03394
6.03109
6.03012
6.03233
6.03330
6.03228
6.02446
6.01946
6.02454
6.02304
6.02179
6.02232
6.01763
6.01700
6.01343
6.01145
6.01029
6.01282
6.01478
6.01258
6.00830
6.01160
6.00661
6.01237
6.01680
6.00709
6.00672
6.00783
6.00432
6.00564
6.00089
6.00315
6.00660
6.00458
6.00277
5.99879
