-0.00141
-0.02409
0.04744
-0.49460
0.19272
4.36016
5.04757
4.50000
4.57405
4.55405
4.54928
4.54521
4.54777
4.54975
4.55078
4.55346
4.55140
4.54941
4.54779
4.54848
4.55194
4.55175
4.54980
4.55009
4.54816
4.54935
4.55189
4.54963
4.55366
4.54733
4.54545
4.54736
4.54851
4.54809
4.54629
4.54863
4.54842
4.54711
4.54828
4.54652
4.54684
4.54552
4.54541
4.54791
4.54600
4.54269
4.54432
4.54275
4.54085
4.54350
4.54417
4.54317
4.54299
4.54189
4.53762
4.53889
4.53753
4.53581
4.53710
4.53586
4.53495
4.53541
4.53701
4.53671
4.53528
4.53681
4.53549
4.53505
4.53382
4.53804
4.53684
4.53159
4.53292
4.53676
4.53564
4.53177
4.53249
4.53424
4.53428
4.53692
4.53718
4.53298
4.52908
4.52995
4.53160
4.53340
4.53405
4.52826
4.52792
4.53328
4.52866
4.52785
4.52849
4.52734
4.52753
4.52721
4.52884
4.52689
4.52635
4.52835
