-0.00084
-0.01435
0.02821
-0.29502
0.11643
2.58366
3.02090
2.77583
2.73830
2.69307
2.70836
2.70528
2.70540
2.70768
2.70695
2.70242
2.69680
2.69556
2.69579
2.69463
2.69244
2.69149
2.68996
2.69431
2.69193
2.68725
2.68546
2.69044
2.69024
2.68407
2.68653
2.68831
2.68413
2.67792
2.67693
2.68092
2.67946
2.67502
2.67574
2.67898
2.67957
2.67340
2.66764
2.66555
2.66752
2.66439
2.66332
2.66417
2.66675
2.66174
2.65969
2.66005
2.65270
2.65376
2.65237
2.65054
2.64840
2.64815
2.65008
2.64513
2.64530
2.64628
2.64489
2.64070
2.63439
2.63776
2.63893
2.63659
2.63519
2.63217
2.63489
2.63102
2.62615
2.63088
2.63153
2.62619
2.62115
2.62375
2.62935
2.62624
2.61907
2.61795
2.61494
2.61748
2.62283
2.61315
2.60793
2.61233
2.60799
2.60111
2.61090
2.61125
2.60258
2.60242
2.60612
2.60234
2.59826
2.59661
2.59769
2.59336
