-0.00190
-0.03241
0.06381
-0.66544
0.25935
5.86479
6.79126
6.06277
6.16145
6.13069
6.12962
6.13080
6.12834
6.13095
6.13137
6.13276
6.13492
6.13292
6.13487
6.13517
6.13403
6.13625
6.13595
6.13848
6.14132
6.14241
6.14587
6.14477
6.14611
6.14768
6.14842
6.14882
6.15072
6.15277
6.15231
6.15456
6.15792
6.15828
6.16028
6.16136
6.16315
6.16338
6.16280
6.16709
6.16614
6.16611
6.16957
6.16828
6.16900
6.17102
6.17377
6.17576
6.17410
6.17558
6.17454
6.17522
6.17624
6.17576
6.17929
6.18032
6.18348
6.18424
6.18226
6.18411
6.18387
6.18686
6.18852
6.18658
6.18822
6.18846
6.18923
6.19031
6.18936
6.19181
6.19028
6.19042
6.19331
6.19345
6.19607
6.19495
6.19805
6.20089
6.20025
6.20314
6.20262
6.20476
6.20641
6.20554
6.20739
6.20536
6.20780
6.21072
6.20966
6.21052
6.21019
6.21062
6.21228
6.21309
6.21687
6.21865
