-0.00168
-0.02875
0.05659
-0.59016
0.22992
5.20166
6.02374
5.37662
5.46467
5.43810
5.43672
5.43917
5.44105
5.44228
5.44208
5.44283
5.44476
5.44378
5.44589
5.44328
5.44609
5.44988
5.44634
5.44985
5.45196
5.45280
5.45416
5.45543
5.45710
5.45678
5.45707
5.45678
5.45769
5.46083
5.46015
5.46095
5.46254
5.46297
5.46334
5.46083
5.46340
5.46627
5.46567
5.46672
5.46803
5.47080
5.47411
5.47155
5.47296
5.47342
5.47373
5.47568
5.47437
5.47537
5.47621
5.47770
5.47989
5.47958
5.48038
5.48170
5.48050
5.48098
5.47937
5.48138
5.48563
5.48408
5.48586
5.48865
5.49046
5.49035
5.49038
5.49194
5.49204
5.49402
5.49338
5.49385
5.49554
5.49428
5.49524
5.49661
5.49655
5.49750
5.49811
5.49976
5.49762
5.49793
5.50292
5.50447
5.50453
5.50398
5.50563
5.50689
5.50575
5.50862
5.50722
5.50771
5.50973
5.50909
5.50976
5.51080
