-0.00001
-0.00015
0.00028
-0.00307
0.00078
0.02744
0.03623
0.03300
0.03110
0.03749
0.03969
0.03813
0.03620
0.03090
0.03380
0.03478
0.04517
0.04344
0.03318
0.02367
0.03054
0.03067
0.02741
0.03299
0.03329
0.03199
0.02448
0.02359
0.03718
0.05113
0.04021
0.03745
0.03984
0.02770
0.03493
0.04311
0.04488
0.03753
0.03093
0.03686
0.03271
0.03239
0.03176
0.03716
0.03876
0.02540
0.03613
0.03957
0.03282
0.04476
0.03798
0.02812
0.03389
0.03071
0.03470
0.04094
0.04274
0.03285
0.03233
0.03159
0.03045
0.03345
0.02537
0.03427
0.04334
0.02868
0.02543
0.03882
0.03394
0.02824
0.03029
0.03483
0.02368
0.03449
0.04712
0.04623
0.05128
0.03586
0.03134
0.03521
0.04853
0.04063
0.02677
0.02970
0.03473
0.02777
0.03930
0.03253
0.03001
0.03896
0.03821
0.03203
0.03405
0.04272
0.03879
0.03403
0.03571
0.03326
0.04379
0.02854
