-0.00005
-0.00088
0.00168
-0.01788
0.00607
0.15973
0.19200
0.16649
0.16041
0.15858
0.17000
0.17147
0.15892
0.16256
0.16126
0.16932
0.16730
0.16670
0.16933
0.16156
0.15703
0.16633
0.16603
0.16234
0.16879
0.16716
0.16023
0.15415
0.15740
0.15991
0.15774
0.16061
0.16011
0.15425
0.16115
0.16368
0.17192
0.16753
0.15405
0.15876
0.16503
0.16107
0.15586
0.15213
0.15782
0.16372
0.16218
0.15965
0.16294
0.15795
0.15258
0.15162
0.15260
0.15935
0.16355
0.16350
0.16011
0.15862
0.16562
0.16222
0.15919
0.15905
0.16013
0.16172
0.16152
0.15580
0.15172
0.15691
0.16224
0.15947
0.15885
0.15399
0.15113
0.15693
0.15450
0.15991
0.16895
0.16521
0.15670
0.15782
0.16312
0.16045
0.15867
0.15911
0.15709
0.16356
0.16256
0.16183
0.15862
0.16101
0.16106
0.15323
0.14634
0.14853
0.16208
0.15686
0.16083
0.15952
0.14873
0.14853
