-0.00027
-0.00454
0.00893
-0.09312
0.03640
0.82051
0.94987
0.84763
0.85939
0.85611
0.85536
0.85674
0.85741
0.85579
0.85599
0.85586
0.85884
0.85468
0.85748
0.86041
0.86108
0.86222
0.85655
0.85739
0.85517
0.85783
0.85826
0.85981
0.86045
0.85330
0.85465
0.85805
0.85773
0.85707
0.85829
0.85760
0.85949
0.85734
0.85991
0.85868
0.85535
0.85971
0.86081
0.85902
0.85891
0.86044
0.86003
0.85996
0.86117
0.85927
0.85979
0.86193
0.86173
0.86268
0.86095
0.86367
0.86444
0.86010
0.86379
0.86320
0.86433
0.86206
0.86376
0.86402
0.85980
0.86055
0.85982
0.86326
0.86301
0.86446
0.86410
0.86521
0.86572
0.86086
0.86416
0.86230
0.86003
0.86165
0.86129
0.86335
0.86316
0.86422
0.86179
0.86342
0.86046
0.86122
0.86411
0.86227
0.86481
0.86554
0.86932
0.86419
0.86412
0.86332
0.86435
0.86649
0.86725
0.86843
0.86418
0.86628
