-0.00247
-0.04224
0.08318
-0.86722
0.33828
7.64283
8.84836
7.89811
8.02359
7.98354
7.98081
7.98092
7.98111
7.98099
7.98110
7.98127
7.98131
7.98165
7.98157
7.98131
7.98153
7.98184
7.98163
7.98198
7.98229
7.98235
7.98226
7.98183
7.98211
7.98208
7.98239
7.98252
7.98207
7.98140
7.98098
7.98047
7.97974
7.97956
7.97941
7.97917
7.97971
7.98049
7.98049
7.98090
7.98148
7.98209
7.98259
7.98270
7.98231
7.98181
7.98121
7.98101
7.98100
7.98086
7.98094
7.98102
7.98076
7.98091
7.98096
7.98077
7.98058
7.98074
7.98085
7.98057
7.98088
7.98098
7.98074
7.98099
7.98117
7.98086
7.98072
7.98089
7.98114
7.98103
7.98104
7.98118
7.98129
7.98162
7.98169
7.98146
7.98159
7.98182
7.98170
7.98176
7.98198
7.98222
7.98209
7.98220
7.98216
7.98188
7.98210
7.98217
7.98217
7.98204
7.98145
7.98062
7.98011
7.97959
7.97945
7.97966
