-0.00018
-0.00304
0.00599
-0.06243
0.02433
0.55017
0.63793
0.56883
0.57513
0.57727
0.57958
0.57557
0.57307
0.57621
0.57908
0.57347
0.57519
0.57623
0.57622
0.58085
0.57906
0.57720
0.57885
0.57801
0.57847
0.57750
0.57550
0.57935
0.58040
0.57788
0.57602
0.57798
0.57807
0.57966
0.57979
0.57699
0.57745
0.57905
0.57944
0.58028
0.58051
0.57935
0.57713
0.57992
0.58321
0.58103
0.58295
0.58156
0.57870
0.57776
0.58093
0.58004
0.57961
0.58333
0.57978
0.57682
0.57771
0.57993
0.58015
0.58196
0.58300
0.57947
0.58227
0.58658
0.58130
0.57521
0.57982
0.58227
0.58443
0.58406
0.58077
0.58167
0.58366
0.58230
0.58295
0.58522
0.57966
0.58097
0.58062
0.58321
0.58309
0.58232
0.58261
0.58488
0.58766
0.58299
0.58196
0.58408
0.58428
0.58374
0.58469
0.58668
0.58304
0.58282
0.58937
0.58600
0.58639
0.58588
0.58238
0.58407
