-0.00161
-0.02746
0.05407
-0.56377
0.21989
4.96829
5.75247
5.13614
5.21805
5.19290
5.19288
5.19310
5.19490
5.19441
5.19399
5.19595
5.19738
5.19851
5.19890
5.20017
5.20019
5.20113
5.20276
5.20300
5.20324
5.20488
5.20626
5.20645
5.20647
5.20804
5.21010
5.21034
5.21079
5.21211
5.21303
5.21340
5.21400
5.21521
5.21585
5.21709
5.21724
5.21804
5.22038
5.22019
5.22105
5.22241
5.22343
5.22381
5.22466
5.22713
5.22683
5.22785
5.22998
5.23019
5.23035
5.23066
5.23078
5.23207
5.23232
5.23288
5.23384
5.23558
5.23737
5.23746
5.23827
5.23918
5.24039
5.24178
5.24163
5.24164
5.24309
5.24429
5.24497
5.24541
5.24639
5.24692
5.24782
5.24892
5.24945
5.24993
5.25132
5.25235
5.25315
5.25367
5.25513
5.25577
5.25573
5.25697
5.25766
5.25885
5.25967
5.25981
5.26140
5.26230
5.26231
5.26335
5.26346
5.26349
5.26506
5.26614
