-0.00001
-0.00017
0.00034
-0.00359
0.00138
0.03159
0.03653
0.03319
0.03464
0.03347
0.03333
0.03336
0.03375
0.03351
0.03336
0.03201
0.03449
0.04067
0.03285
0.03203
0.03419
0.03354
0.03233
0.03240
0.03083
0.03085
0.03238
0.03115
0.03179
0.03254
0.03057
0.03003
0.03138
0.03326
0.03253
0.03250
0.03163
0.03042
0.03093
0.03016
0.02930
0.03100
0.03613
0.03072
0.02938
0.03039
0.03053
0.03040
0.02964
0.02978
0.02967
0.02966
0.03060
0.03056
0.02939
0.02952
0.02965
0.02763
0.02876
0.03136
0.02717
0.02933
0.03682
0.03410
0.02921
0.02928
0.03049
0.03210
0.02821
0.02585
0.02916
0.03442
0.02892
0.02616
0.02677
0.02684
0.02991
0.02775
0.02683
0.02851
0.02677
0.02557
0.02773
0.02790
0.02634
0.02600
0.02602
0.02576
0.02661
0.02783
0.02885
0.02803
0.02799
0.03162
0.02687
0.02479
0.02495
0.02518
0.02751
0.02473
