-0.00036
-0.00622
0.01218
-0.12740
0.04846
1.12608
1.31116
1.16004
1.18343
1.18960
1.17455
1.17704
1.16940
1.16038
1.18841
1.18877
1.14483
1.12954
1.14758
1.14607
1.13948
1.13876
1.14086
1.15417
1.14356
1.13870
1.14924
1.14091
1.12859
1.12043
1.14358
1.18969
1.20720
1.20251
1.18484
1.15851
1.18331
1.19195
1.16395
1.18217
1.18950
1.17177
1.18108
1.17300
1.14494
1.14008
1.14190
1.14038
1.15924
1.17047
1.16995
1.17121
1.16043
1.15395
1.14299
1.15179
1.17143
1.15238
1.16959
1.18321
1.13659
1.11525
1.11517
1.12928
1.14376
1.12094
1.11140
1.11578
1.13125
1.13334
1.10901
1.10696
1.12277
1.12877
1.11517
1.12018
1.12592
1.13494
1.14584
1.15721
1.17071
1.16032
1.16196
1.15615
1.14920
1.15153
1.13054
1.11369
1.11106
1.10799
1.12147
1.12743
1.13164
1.13174
1.13628
1.14240
1.14407
1.12322
1.10939
1.10684
