-0.00003
-0.00059
0.00117
-0.01220
0.00494
0.10667
0.12281
0.11248
0.11546
0.11980
0.12285
0.11429
0.11692
0.12426
0.11830
0.12233
0.11423
0.11484
0.12449
0.11958
0.10530
0.11873
0.12645
0.11309
0.10287
0.12156
0.12672
0.11990
0.11548
0.12704
0.11822
0.11380
0.11518
0.11146
0.11416
0.10900
0.11358
0.11667
0.11391
0.11623
0.11340
0.10774
0.10757
0.12164
0.11653
0.11544
0.11201
0.10286
0.11713
0.11229
0.10541
0.11915
0.12033
0.11864
0.11378
0.11368
0.11695
0.11210
0.10386
0.10621
0.11046
0.11623
0.11271
0.11213
0.10826
0.10619
0.11848
0.10844
0.10811
0.10785
0.11325
0.10362
0.10216
0.10940
0.10438
0.11331
0.11352
0.09968
0.10035
0.10640
0.10605
0.11080
0.10100
0.10699
0.10532
0.10259
0.11045
0.10750
0.11172
0.11506
0.10249
0.09708
0.10748
0.11857
0.11328
0.11591
0.10775
0.09927
0.10524
0.10580
