-0.00111
-0.01901
0.03744
-0.39031
0.15256
3.43887
3.98086
3.55468
3.60673
3.58832
3.58121
3.58236
3.57981
3.57517
3.57593
3.57081
3.56738
3.56956
3.57128
3.56562
3.55992
3.55792
3.55243
3.54560
3.55076
3.55174
3.54122
3.53991
3.53656
3.54131
3.53355
3.53672
3.53546
3.52257
3.52368
3.51982
3.52086
3.52767
3.52088
3.51453
3.51188
3.50284
3.49882
3.50677
3.50368
3.49565
3.49909
3.49615
3.49250
3.49014
3.48553
3.48711
3.48133
3.47606
3.47602
3.47266
3.47448
3.47135
3.46667
3.46761
3.46435
3.46034
3.45853
3.45583
3.45649
3.44878
3.45037
3.44822
3.44190
3.44277
3.44024
3.43627
3.43253
3.42757
3.42076
3.42143
3.42842
3.42040
3.42091
3.42285
3.41398
3.41363
3.40745
3.40835
3.41519
3.40248
3.39400
3.39688
3.39621
3.39401
3.39198
3.38832
3.37922
3.37846
3.37969
3.37853
3.37458
3.36849
3.37321
3.37243
