-0.00147
-0.02506
0.04933
-0.51449
0.20032
4.53512
5.25245
4.68685
4.76311
4.74099
4.74169
4.74393
4.74492
4.74524
4.74582
4.74620
4.74663
4.74664
4.75016
4.75190
4.75180
4.75524
4.75740
4.75703
4.75901
4.75912
4.75796
4.75670
4.75541
4.76086
4.76278
4.76622
4.76938
4.76999
4.76963
4.76917
4.77177
4.77384
4.77479
4.77678
4.77533
4.77531
4.77835
4.77984
4.77980
4.78063
4.78102
4.78175
4.78353
4.78350
4.78063
4.78261
4.78549
4.78670
4.78884
4.79066
4.79435
4.79495
4.79311
4.79359
4.79453
4.79569
4.79571
4.79740
4.79991
4.80062
4.80016
4.80020
4.80065
4.80222
4.80440
4.80902
4.81163
4.80985
4.81057
4.81112
4.81271
4.81307
4.81576
4.81811
4.81623
4.81461
4.81569
4.81772
4.82167
4.82553
4.82628
4.82759
4.82922
4.83277
4.83455
4.83277
4.83652
4.83939
4.84041
4.84289
4.84380
4.84430
4.84474
4.84542
