-0.00187
-0.03185
0.06271
-0.65388
0.25477
5.76381
6.67362
5.95242
6.04795
6.01963
6.02047
6.02313
6.02313
6.02246
6.02292
6.02312
6.02273
6.02322
6.02609
6.02810
6.02731
6.02935
6.03055
6.02996
6.03194
6.03204
6.02963
6.02745
6.02660
6.03132
6.03286
6.03643
6.03972
6.03995
6.03838
6.03752
6.04007
6.04087
6.04158
6.04333
6.04116
6.04093
6.04341
6.04397
6.04501
6.04531
6.04553
6.04642
6.04611
6.04504
6.04105
6.04161
6.04536
6.04632
6.04808
6.04933
6.05185
6.05242
6.04757
6.04740
6.04868
6.04917
6.04929
6.05125
6.05195
6.05096
6.05030
6.04956
6.05003
6.05171
6.05402
6.06030
6.06201
6.06021
6.06121
6.06092
6.06085
6.06007
6.06172
6.06244
6.05958
6.05688
6.05706
6.05796
6.06136
6.06549
6.06714
6.06789
6.06982
6.07290
6.07204
6.06919
6.07249
6.07453
6.07504
6.07638
6.07691
6.07712
6.07523
6.07583
