-0.00040
-0.00680
0.01339
-0.13966
0.05436
1.23111
1.42592
1.27185
1.29239
1.28648
1.28521
1.28640
1.28795
1.28770
1.28685
1.28767
1.28796
1.28815
1.28927
1.28894
1.28962
1.28843
1.28628
1.28690
1.28765
1.28711
1.28573
1.28658
1.28686
1.28566
1.28595
1.28696
1.28660
1.28696
1.28731
1.28708
1.28827
1.28813
1.28657
1.28587
1.28665
1.28659
1.28692
1.28657
1.28669
1.28611
1.28641
1.28718
1.28724
1.28714
1.28736
1.28875
1.28763
1.28653
1.28752
1.28739
1.28659
1.28702
1.28822
1.28953
1.29047
1.28990
1.29156
1.29213
1.29042
1.28854
1.28590
1.28349
1.28685
1.28952
1.28978
1.29054
1.28994
1.28908
1.28837
1.28985
1.29103
1.29102
1.29017
1.28724
1.28561
1.28736
1.28827
1.28897
1.28978
1.28905
1.28866
1.28996
1.28864
1.28723
1.28798
1.28801
1.28629
1.28919
1.28933
1.28760
1.28800
1.28872
1.28718
1.28833
