-0.00074
-0.01258
0.02503
-0.25888
0.10533
2.27891
2.60013
2.29078
2.29508
2.27288
2.30873
2.28587
2.25545
2.25615
2.27071
2.27283
2.26654
2.22444
2.20910
2.19429
2.16191
2.26586
2.36158
2.30897
2.31922
2.37661
2.31893
2.31950
2.35145
2.33395
2.29707
2.30628
2.33409
2.35188
2.35730
2.33263
2.29910
2.31559
2.33396
2.31412
2.35270
2.38369
2.35970
2.35078
2.34391
2.35935
2.34604
2.34814
2.32055
2.29872
2.26457
2.21597
2.30287
2.36276
2.31043
2.27025
2.28948
2.31299
2.26422
2.18451
2.14744
2.14638
2.10298
2.10118
2.17502
2.27991
2.36332
2.39827
2.30153
2.17432
2.12203
2.13809
2.20210
2.22653
2.18944
2.18557
2.13511
2.12029
2.15637
2.21254
2.33683
2.32874
2.25646
2.24429
2.26869
2.28696
2.25528
2.22562
2.22942
2.26879
2.29263
2.26603
2.26005
2.22484
2.25162
2.24488
2.22569
2.25127
2.31549
2.25784
