-0.00005
-0.00090
0.00175
-0.01840
0.00687
0.16220
0.19168
0.17387
0.17240
0.16821
0.16893
0.17058
0.16971
0.17193
0.17862
0.17482
0.17260
0.17398
0.17039
0.17358
0.17485
0.17266
0.16751
0.16363
0.16938
0.17883
0.17167
0.17205
0.17227
0.16628
0.17449
0.17623
0.17172
0.17205
0.17040
0.16796
0.17329
0.17189
0.17071
0.17161
0.16677
0.17143
0.16970
0.16848
0.17309
0.17719
0.17028
0.16857
0.17373
0.17515
0.17543
0.17190
0.17205
0.17348
0.17164
0.16987
0.17365
0.17258
0.17156
0.17346
0.17087
0.16925
0.17535
0.17387
0.17558
0.17462
0.17133
0.17208
0.17728
0.17517
0.17073
0.17183
0.17295
0.17522
0.17355
0.17311
0.17557
0.17792
0.17727
0.17292
0.16829
0.17358
0.17402
0.17295
0.17223
0.17055
0.16902
0.17315
0.17801
0.17329
0.17174
0.17266
0.16880
0.17255
0.17710
0.17662
0.17406
0.17889
0.17915
0.17687
