-0.00061
-0.01049
0.02067
-0.21568
0.08481
1.89449
2.19157
1.99846
2.05416
2.02237
2.03962
2.04790
2.04222
2.03117
2.03683
2.05517
2.04349
2.01790
2.00966
2.05295
2.07897
2.04424
2.02930
2.05059
2.06611
2.06587
2.04587
2.00102
2.02565
2.11496
2.10837
2.07887
2.10325
2.15861
2.13559
2.12563
2.09493
2.06330
2.06630
2.04358
2.08477
2.09216
2.06228
2.04822
2.04830
2.05489
2.07157
2.06952
2.03470
2.04377
2.04968
2.05885
2.04510
2.04644
2.02991
2.01435
2.00631
1.98772
2.02001
2.09565
2.08031
2.04354
2.07821
2.06627
2.00027
1.99207
2.05011
2.09207
2.08922
2.09864
2.07337
2.07313
2.07828
2.09833
2.13423
2.14038
2.14313
2.02672
1.99357
2.00974
1.95057
1.93716
1.98837
1.97801
1.95706
1.98423
1.96500
1.99723
2.01543
1.96104
1.95137
2.02797
2.00513
1.93328
1.98673
2.03038
1.97240
1.98452
2.01967
1.98325
