-0.00065
-0.01105
0.02174
-0.22686
0.08809
1.99981
2.31898
2.07036
2.10341
2.09827
2.09883
2.10131
2.10514
2.10918
2.11319
2.11396
2.11859
2.12454
2.12554
2.12606
2.12792
2.13369
2.13890
2.13851
2.14013
2.14437
2.14862
2.15698
2.15742
2.15133
2.15653
2.16195
2.16292
2.16175
2.16500
2.16971
2.17529
2.18171
2.18436
2.18718
2.18928
2.19286
2.19703
2.20101
2.20174
2.20520
2.20825
2.21129
2.21619
2.21914
2.22321
2.22488
2.22986
2.23265
2.23744
2.24134
2.24511
2.24933
2.24786
2.24510
2.24985
2.25533
2.25674
2.25918
2.26837
2.27377
2.26958
2.26887
2.27231
2.27530
2.28308
2.28601
2.28874
2.28981
2.28917
2.29203
2.29341
2.30760
2.31557
2.31460
2.32214
2.32572
2.32563
2.32974
2.33411
2.33434
2.33795
2.33769
2.33939
2.34902
2.35272
2.34703
2.35166
2.36215
2.36089
2.36009
2.36730
2.36987
2.36929
2.37576
