-0.00155
-0.02655
0.05227
-0.54503
0.21259
4.80279
5.56173
4.96937
5.04550
5.01508
5.01815
5.01924
5.02200
5.02465
5.02662
5.02357
5.02901
5.03242
5.02804
5.02463
5.02500
5.03055
5.02372
5.02679
5.02612
5.02522
5.02799
5.02976
5.03306
5.02861
5.02704
5.03056
5.03269
5.02812
5.02982
5.03613
5.03168
5.02132
5.02674
5.03435
5.02824
5.02255
5.02407
5.02827
5.04563
5.04125
5.02928
5.03383
5.03835
5.03494
5.03529
5.03973
5.03808
5.03787
5.04492
5.04184
5.04352
5.04286
5.04314
5.04668
5.04671
5.04934
5.04337
5.04335
5.05098
5.04985
5.05161
5.05656
5.04956
5.04509
5.04616
5.04788
5.04666
5.04367
5.04629
5.05147
5.05760
5.05786
5.05033
5.05286
5.04810
5.04380
5.05273
5.05652
5.05688
5.05395
5.05555
5.06439
5.06057
5.05869
5.06061
5.06566
5.06495
5.06006
5.06180
5.06442
5.05921
5.05372
5.05264
5.05397
