-0.00113
-0.01935
0.03810
-0.39721
0.15502
3.50015
4.05277
3.61976
3.67202
3.64806
3.65246
3.65562
3.65521
3.65727
3.65982
3.66586
3.66575
3.66581
3.65962
3.65725
3.66446
3.66590
3.66080
3.66224
3.66365
3.66106
3.66531
3.67047
3.66442
3.66027
3.66654
3.66667
3.66191
3.65905
3.66211
3.65991
3.65958
3.65631
3.66250
3.66328
3.66046
3.65949
3.65552
3.65731
3.67179
3.67500
3.66026
3.66583
3.67569
3.67298
3.66728
3.66795
3.67193
3.67133
3.67348
3.67309
3.67102
3.67189
3.67270
3.66924
3.66953
3.67528
3.67874
3.67639
3.67981
3.68016
3.68093
3.67867
3.67550
3.67388
3.67603
3.67431
3.67704
3.67279
3.67227
3.67774
3.68526
3.68627
3.67701
3.67501
3.67742
3.67615
3.67971
3.67807
3.68325
3.68433
3.68085
3.68368
3.68476
3.68080
3.68454
3.68519
3.68640
3.68943
3.68630
3.68155
3.68163
3.67983
3.67679
3.67733
