-0.00098
-0.01680
0.03306
-0.34491
0.13414
3.03983
3.52351
3.14800
3.19735
3.18097
3.17969
3.18507
3.18593
3.18780
3.19324
3.19344
3.19535
3.19909
3.19760
3.19785
3.20049
3.20185
3.19786
3.20399
3.20445
3.20318
3.20931
3.21274
3.21167
3.20990
3.21106
3.21323
3.21202
3.21341
3.21870
3.21681
3.21357
3.21565
3.22042
3.22122
3.22255
3.21939
3.22351
3.22428
3.23146
3.23269
3.22860
3.23101
3.23640
3.23988
3.23623
3.23864
3.24217
3.23921
3.24423
3.24682
3.25068
3.24907
3.24829
3.25236
3.25246
3.25307
3.25741
3.25752
3.26011
3.26281
3.26246
3.26239
3.26445
3.26631
3.26573
3.26374
3.26528
3.26760
3.26971
3.27131
3.27345
3.27651
3.27424
3.27382
3.27394
3.27679
3.27848
3.28055
3.28271
3.28379
3.29023
3.29624
3.29040
3.29069
3.29389
3.29375
3.29508
3.29847
3.29943
3.29579
3.29254
3.29566
3.29531
3.29665
