-0.00041
-0.00695
0.01368
-0.14267
0.05554
1.25740
1.45653
1.30108
1.32290
1.31615
1.31747
1.32022
1.32064
1.32197
1.32336
1.32403
1.32572
1.32657
1.32885
1.33178
1.33144
1.33151
1.33308
1.33454
1.33611
1.33667
1.33800
1.33895
1.33893
1.34039
1.34051
1.34142
1.34209
1.34288
1.34494
1.34385
1.34422
1.34775
1.34845
1.34889
1.34915
1.35052
1.35206
1.35365
1.35423
1.35489
1.35473
1.35618
1.35599
1.35696
1.35820
1.35953
1.35914
1.35921
1.35987
1.36057
1.36059
1.36119
1.36053
1.36148
1.36359
1.36413
1.36436
1.36472
1.36523
1.36681
1.36839
1.36989
1.36927
1.36818
1.36884
1.37082
1.37142
1.37176
1.37217
1.37201
1.37372
1.37226
1.37331
1.37500
1.37485
1.37571
1.37693
1.37685
1.37640
1.37625
1.37598
1.37643
1.37770
1.37864
1.37841
1.37685
1.37798
1.37991
1.38138
1.38162
1.38288
1.38172
1.38216
1.38244
