-0.00176
-0.03006
0.05923
-0.61728
0.24152
5.43820
6.29175
5.62035
5.70776
5.67887
5.67822
5.67186
5.67460
5.67071
5.67013
5.67156
5.66248
5.66451
5.66068
5.65676
5.65517
5.64822
5.65073
5.64466
5.63952
5.63756
5.63412
5.63541
5.62822
5.62612
5.62525
5.62141
5.62424
5.61798
5.61504
5.61207
5.60414
5.60241
5.59617
5.59342
5.58786
5.58033
5.57958
5.57082
5.56909
5.56599
5.55912
5.55878
5.55051
5.54638
5.54500
5.54114
5.53960
5.52974
5.53069
5.52938
5.52074
5.52119
5.51269
5.50986
5.50729
5.50201
5.50195
5.49548
5.49506
5.48999
5.48414
5.48566
5.47788
5.47534
5.47247
5.46631
5.46614
5.45813
5.45613
5.45311
5.45057
5.45077
5.44101
5.43962
5.43594
5.43039
5.42725
5.41927
5.42220
5.41617
5.40814
5.40622
5.39724
5.39703
5.39142
5.38884
5.39104
5.37981
5.37972
5.37867
5.37300
5.37288
5.36454
5.36177
