-0.00107
-0.01821
0.03583
-0.37374
0.14547
3.29441
3.81595
3.40695
3.46191
3.43819
3.43660
3.44314
3.44706
3.44569
3.44900
3.45350
3.45431
3.45248
3.45115
3.45188
3.45663
3.45971
3.45899
3.45970
3.46530
3.46368
3.46111
3.46149
3.46327
3.46506
3.46634
3.46868
3.47588
3.47745
3.47744
3.47619
3.47552
3.47936
3.48436
3.48333
3.48196
3.48188
3.48016
3.47864
3.47891
3.48347
3.48694
3.48050
3.48307
3.49950
3.50081
3.50069
3.50167
3.49989
3.50352
3.50502
3.50700
3.50986
3.50705
3.50688
3.51263
3.51382
3.51653
3.51716
3.51949
3.52361
3.52320
3.52308
3.52353
3.52770
3.52726
3.53529
3.53582
3.52939
3.53203
3.53624
3.53404
3.53565
3.53942
3.54147
3.54548
3.54843
3.54743
3.54999
3.54876
3.55220
3.55564
3.55274
3.54992
3.55467
3.55842
3.55751
3.56452
3.56133
3.55994
3.55989
3.56324
3.57091
3.57296
3.57902
