-0.00092
-0.01562
0.03077
-0.32082
0.12522
2.82656
3.27299
2.92616
2.97217
2.95519
2.95456
2.95324
2.95496
2.95126
2.95504
2.96294
2.96604
2.96901
2.97445
2.97745
2.97704
2.98064
2.98339
2.98443
2.98514
2.99005
2.99155
2.99185
2.99180
2.99670
3.00055
3.00460
3.00206
3.00160
3.00591
3.00764
3.00829
3.01140
3.01676
3.01843
3.02200
3.02375
3.02743
3.02925
3.03142
3.03605
3.03798
3.03908
3.04095
3.04614
3.04709
3.04788
3.05274
3.05296
3.05299
3.05643
3.05766
3.06130
3.06470
3.06434
3.06555
3.06258
3.06689
3.07122
3.07777
3.08465
3.08590
3.08862
3.08371
3.08617
3.09119
3.09234
3.09387
3.09637
3.09627
3.09655
3.10430
3.11107
3.11264
3.11384
3.11332
3.11020
3.11245
3.11648
3.11806
3.12278
3.12636
3.12404
3.12802
3.13332
3.13109
3.13403
3.13868
3.14235
3.14706
3.14710
3.14480
3.14953
3.15249
3.15235
