-0.00002
-0.00026
0.00049
-0.00528
0.00174
0.04714
0.05700
0.05056
0.04997
0.04784
0.04901
0.04960
0.04989
0.05022
0.04867
0.05099
0.04855
0.04907
0.04729
0.04857
0.04947
0.05072
0.04574
0.04396
0.05014
0.04808
0.04794
0.04784
0.04585
0.04830
0.04936
0.04870
0.05201
0.04780
0.04361
0.04626
0.04700
0.04620
0.04797
0.04593
0.04732
0.04928
0.04725
0.04765
0.04810
0.04641
0.04831
0.04970
0.04907
0.04963
0.04592
0.04564
0.04724
0.04514
0.04628
0.04721
0.04772
0.04406
0.04464
0.04827
0.04485
0.04339
0.04830
0.04892
0.04848
0.04718
0.04352
0.04715
0.04864
0.04593
0.04801
0.04674
0.04549
0.04810
0.04811
0.04440
0.04457
0.04653
0.04943
0.04761
0.04508
0.04542
0.04632
0.04442
0.04585
0.04592
0.04439
0.04894
0.04784
0.04470
0.04578
0.04684
0.04777
0.04609
0.04224
0.04290
0.04491
0.04861
0.04919
0.04452
