-0.00037
-0.00633
0.01253
-0.13018
0.05184
1.14591
1.31729
1.17298
1.19152
1.19550
1.21143
1.19372
1.19441
1.20292
1.17637
1.16925
1.17758
1.18550
1.19375
1.19009
1.18518
1.20272
1.21695
1.23139
1.25323
1.23394
1.23460
1.23865
1.21498
1.22305
1.23643
1.21426
1.21690
1.23114
1.21229
1.22320
1.21526
1.19501
1.20200
1.20932
1.22012
1.21967
1.22117
1.24958
1.26139
1.23349
1.22600
1.23737
1.25535
1.27216
1.26445
1.25310
1.25176
1.23196
1.24428
1.22390
1.20687
1.20041
1.20105
1.22168
1.26312
1.25808
1.22342
1.22364
1.25888
1.25365
1.22862
1.21729
1.20368
1.21555
1.23278
1.23292
1.23775
1.24580
1.25059
1.26272
1.26405
1.25586
1.24769
1.24298
1.27000
1.28461
1.25742
1.27126
1.29395
1.28622
1.25651
1.23863
1.27108
1.29371
1.27426
1.26157
1.25822
1.27975
1.28173
1.28992
1.29021
1.28119
1.31516
1.32694
