-0.00077
-0.01321
0.02602
-0.27126
0.10582
2.39152
2.76697
2.46333
2.50250
2.49315
2.49166
2.48859
2.48803
2.48594
2.48491
2.48270
2.48190
2.48441
2.48350
2.48352
2.48249
2.48291
2.48134
2.47777
2.47564
2.47898
2.47559
2.47522
2.47437
2.47130
2.46892
2.46475
2.46496
2.46471
2.46633
2.46315
2.45944
2.45550
2.45551
2.45691
2.45710
2.45576
2.45970
2.45385
2.45049
2.45390
2.45128
2.45038
2.44781
2.44523
2.44635
2.44435
2.44445
2.43900
2.43767
2.43748
2.44048
2.43940
2.43650
2.43470
2.43235
2.43352
2.43741
2.43064
2.42896
2.43115
2.43089
2.42815
2.42301
2.42389
2.42461
2.42276
2.42161
2.42298
2.42535
2.41902
2.41462
2.41478
2.40876
2.41004
2.40920
2.40812
2.40918
2.40701
2.40379
2.40247
2.40252
2.40102
2.40035
2.39775
2.39911
2.39927
2.40034
2.39812
2.39791
2.39411
2.39310
2.39395
2.38920
2.38784
