-0.00133
-0.02269
0.04470
-0.46592
0.18191
4.10627
4.75234
4.23902
4.30414
4.28234
4.27934
4.27753
4.27686
4.27430
4.27258
4.27328
4.27360
4.27054
4.26799
4.26909
4.26729
4.26526
4.26311
4.26095
4.26156
4.25964
4.25900
4.25832
4.25617
4.25624
4.25562
4.25218
4.25103
4.25084
4.24740
4.24506
4.24497
4.24571
4.24480
4.24502
4.24121
4.23826
4.23844
4.23730
4.23657
4.23416
4.23172
4.23070
4.22984
4.22910
4.22738
4.22646
4.22459
4.22177
4.21893
4.21963
4.21995
4.21765
4.21419
4.21369
4.21187
4.21039
4.21059
4.20907
4.20634
4.20482
4.20436
4.19981
4.19728
4.19826
4.19680
4.19261
4.19136
4.19044
4.18831
4.18741
4.18843
4.18980
4.18780
4.18350
4.18041
4.17936
4.17835
4.17632
4.17555
4.17449
4.17311
4.17062
4.16881
4.16747
4.16727
4.16646
4.16398
4.16159
4.16138
4.16003
4.15874
4.15671
4.15522
4.15391
