-0.00034
-0.00578
0.01140
-0.11877
0.04641
1.04667
1.21069
1.07964
1.10057
1.09957
1.09291
1.08884
1.09097
1.09547
1.09409
1.08479
1.08591
1.09868
1.09172
1.08179
1.08484
1.08505
1.08842
1.08370
1.08171
1.08302
1.07461
1.07142
1.07258
1.06732
1.06638
1.06586
1.06698
1.07208
1.07224
1.06835
1.07592
1.06953
1.05659
1.05328
1.07141
1.07466
1.06881
1.06900
1.06025
1.06539
1.07672
1.07226
1.06276
1.06263
1.06472
1.05649
1.05610
1.07474
1.08168
1.05738
1.04980
1.05954
1.06205
1.05546
1.04934
1.04773
1.04184
1.04559
1.05741
1.05046
1.04964
1.06220
1.04794
1.04136
1.04241
1.05275
1.05919
1.06033
1.06443
1.06327
1.04657
1.03058
1.03106
1.04771
1.06345
1.06434
1.05845
1.05356
1.04597
1.04352
1.04002
1.03931
1.04296
1.04525
1.04147
1.03987
1.04688
1.04628
1.04061
1.04223
1.03994
1.04147
1.04127
1.05514
