-0.00060
-0.01033
0.02034
-0.21206
0.08271
1.86918
2.16420
1.92920
1.95758
1.94936
1.94597
1.94266
1.93934
1.93887
1.93894
1.93511
1.93154
1.93011
1.92747
1.92823
1.92702
1.92441
1.92514
1.92317
1.91919
1.91647
1.91635
1.91555
1.91055
1.90818
1.90772
1.90563
1.90616
1.90008
1.89901
1.89743
1.89470
1.89232
1.89327
1.88970
1.88671
1.88342
1.88488
1.88614
1.88161
1.87737
1.87688
1.87748
1.87384
1.87170
1.87049
1.86996
1.86779
1.86682
1.86549
1.86430
1.85980
1.85917
1.85826
1.85436
1.85378
1.84976
1.84788
1.84759
1.84564
1.84512
1.84045
1.84174
1.84441
1.83789
1.83416
1.83655
1.83484
1.83015
1.83023
1.82511
1.82408
1.82218
1.81877
1.81670
1.81752
1.81347
1.81363
1.81311
1.81058
1.81070
1.80902
1.80521
1.80786
1.80307
1.79812
1.80010
1.79770
1.79473
1.79350
1.78920
1.78759
1.78629
1.78493
1.78397
