-0.00003
-0.00060
0.00119
-0.01231
0.00521
0.10721
0.12357
0.11252
0.10465
0.10747
0.11526
0.10786
0.11430
0.11373
0.11215
0.10860
0.10741
0.10834
0.10810
0.10909
0.10602
0.10430
0.10816
0.11824
0.11401
0.10893
0.11070
0.10847
0.10788
0.11655
0.11186
0.10973
0.11395
0.10861
0.10577
0.11402
0.10360
0.11035
0.11854
0.11693
0.10836
0.10750
0.11119
0.10750
0.11537
0.11211
0.11598
0.12082
0.11474
0.11269
0.11578
0.11464
0.11023
0.11279
0.11553
0.11870
0.11229
0.11071
0.10686
0.10731
0.12011
0.11981
0.11212
0.11496
0.11895
0.11748
0.11265
0.11618
0.11262
0.11816
0.11906
0.10443
0.10988
0.10851
0.11508
0.11867
0.10604
0.10985
0.11328
0.11641
0.11881
0.11609
0.10621
0.11660
0.11686
0.10696
0.10730
0.10226
0.10514
0.11444
0.11101
0.11595
0.11631
0.11714
0.10780
0.11472
0.12447
0.12240
0.10506
0.10998
