-0.00000
-0.00007
0.00008
-0.00125
-0.00082
0.01435
0.02514
0.01552
0.00765
0.02160
0.04699
0.02222
0.02639
0.01929
0.02364
0.01642
0.01545
0.01451
0.01254
0.01744
0.03454
0.01920
0.02349
0.01163
0.01854
0.04886
0.02225
0.01210
0.01263
0.02043
0.03006
0.03188
0.04194
0.03143
0.01342
0.01608
0.01881
0.01671
0.01333
0.01423
0.02046
0.02974
0.01986
0.02625
0.02045
0.01497
0.03015
0.02624
0.02352
0.03082
0.03879
0.01864
0.03376
0.03057
0.00998
0.01496
0.03349
0.01769
0.01609
0.02828
0.02055
0.01188
0.01405
0.02368
0.02066
0.01432
0.01928
0.02559
0.01999
0.01897
0.01563
0.02070
0.01454
0.01212
0.01720
0.02317
0.01585
0.02593
0.02417
0.01916
0.03019
0.01787
0.01530
0.03310
0.02336
0.01510
0.02213
0.01712
0.01217
0.01498
0.02023
0.01725
0.02019
0.03378
0.02685
0.01300
0.01736
0.02649
0.01764
0.01372
