-0.00002
-0.00028
0.00054
-0.00567
0.00197
0.05053
0.06043
0.05300
0.05166
0.05175
0.05478
0.05870
0.06125
0.05459
0.05402
0.05567
0.06887
0.05756
0.05071
0.05471
0.05544
0.05512
0.05880
0.05306
0.05517
0.06635
0.05781
0.05435
0.05569
0.05387
0.05580
0.06640
0.05844
0.05568
0.07189
0.06541
0.05464
0.05404
0.05627
0.05764
0.05720
0.05697
0.05851
0.05812
0.06574
0.05809
0.05817
0.05588
0.05854
0.07280
0.06525
0.06508
0.05936
0.06121
0.05965
0.05854
0.05654
0.05738
0.05890
0.05762
0.06055
0.07398
0.07408
0.06074
0.05954
0.06068
0.06045
0.05899
0.05724
0.05762
0.06105
0.07154
0.06584
0.06528
0.06264
0.07012
0.06397
0.06673
0.07702
0.06814
0.06765
0.07658
0.06387
0.06615
0.06780
0.06299
0.05896
0.06411
0.07679
0.06446
0.05984
0.06356
0.06691
0.06450
0.07924
0.07706
0.06947
0.06029
0.05937
0.06717
