-0.00004
-0.00072
0.00141
-0.01478
0.00546
0.13076
0.15420
0.13740
0.13699
0.13491
0.13868
0.14583
0.14188
0.14660
0.15054
0.14307
0.14823
0.14959
0.14603
0.14755
0.14617
0.15203
0.15294
0.15086
0.15020
0.16170
0.15507
0.15128
0.15333
0.15175
0.15294
0.15237
0.15486
0.15268
0.15235
0.15871
0.16167
0.16153
0.16929
0.17360
0.15868
0.15370
0.15648
0.15629
0.15942
0.15719
0.15604
0.15698
0.16217
0.16123
0.15573
0.15643
0.16146
0.16582
0.15816
0.15423
0.15703
0.15858
0.15720
0.16017
0.15848
0.15516
0.15700
0.16361
0.16552
0.16471
0.15746
0.15539
0.15575
0.15123
0.15910
0.17634
0.16070
0.15468
0.15742
0.15512
0.15490
0.15471
0.15597
0.15156
0.15598
0.16558
0.15303
0.15166
0.14974
0.14972
0.15182
0.15100
0.15497
0.15465
0.15079
0.14662
0.15994
0.16472
0.14972
0.16119
0.15177
0.14100
0.14657
0.15206
