-0.00005
-0.00084
0.00166
-0.01730
0.00689
0.15209
0.17537
0.15727
0.15957
0.15878
0.15845
0.16102
0.16039
0.15987
0.16091
0.16171
0.16413
0.16052
0.15957
0.16120
0.16223
0.16220
0.15953
0.16074
0.16334
0.16704
0.16492
0.16430
0.16762
0.16627
0.16587
0.16999
0.16721
0.16486
0.16244
0.16310
0.16580
0.16688
0.16413
0.16497
0.16785
0.16729
0.17152
0.16586
0.16410
0.16741
0.16654
0.16577
0.16730
0.16587
0.16539
0.16731
0.16889
0.16916
0.16845
0.16814
0.16884
0.16765
0.16831
0.16972
0.16759
0.16666
0.16785
0.16816
0.16854
0.17032
0.16954
0.16775
0.16640
0.16743
0.16862
0.16653
0.16870
0.17025
0.16923
0.16919
0.17191
0.17068
0.16980
0.16988
0.17001
0.17195
0.17316
0.17260
0.17593
0.17258
0.17164
0.17087
0.17220
0.17356
0.17126
0.17243
0.17373
0.17209
0.17146
0.17340
0.17158
0.17178
0.17131
0.17138
