-0.00165
-0.02815
0.05544
-0.57797
0.22534
5.09456
5.89467
5.25943
5.36005
5.33819
5.33376
5.32746
5.32133
5.31760
5.31160
5.31602
5.31555
5.31701
5.32024
5.31614
5.31520
5.31162
5.31076
5.31595
5.31017
5.31365
5.30900
5.30163
5.30754
5.30620
5.30821
5.30960
5.31093
5.31818
5.32166
5.32981
5.32921
5.33139
5.33706
5.33059
5.33258
5.33387
5.33680
5.33772
5.33829
5.34413
5.34147
5.34383
5.34662
5.34615
5.35335
5.35360
5.35365
5.35647
5.35231
5.35680
5.35931
5.35936
5.36158
5.36123
5.36556
5.36204
5.36320
5.37399
5.37708
5.38270
5.38525
5.38594
5.38974
5.38614
5.38998
5.39325
5.38731
5.37478
5.37366
5.37999
5.38057
5.38297
5.38765
5.38756
5.38947
5.38986
5.39302
5.39490
5.39567
5.40129
5.40251
5.40347
5.40508
5.40664
5.41439
5.41528
5.42066
5.42944
5.42880
5.43358
5.43620
5.43723
5.44282
5.44514
