-0.00106
-0.01809
0.03562
-0.37144
0.14475
3.27371
3.79172
3.38386
3.43608
3.42148
3.42010
3.42295
3.42690
3.42982
3.43358
3.43490
3.43256
3.43417
3.43365
3.43584
3.44110
3.44328
3.44657
3.45059
3.44961
3.45180
3.45529
3.45740
3.46128
3.46095
3.46375
3.47009
3.46802
3.47201
3.47346
3.47510
3.47853
3.48221
3.48368
3.48557
3.48656
3.49042
3.49303
3.48923
3.49237
3.49705
3.50200
3.50213
3.50486
3.50470
3.51008
3.51161
3.51341
3.51676
3.51829
3.52273
3.52417
3.52487
3.52749
3.52902
3.52939
3.53385
3.54499
3.54853
3.54674
3.55010
3.55541
3.55754
3.55458
3.55687
3.55534
3.55954
3.56179
3.56203
3.56659
3.56455
3.56560
3.56663
3.56814
3.57188
3.57547
3.57634
3.57759
3.57997
3.58386
3.58628
3.58651
3.59024
3.59828
3.60660
3.61009
3.61020
3.61239
3.61583
3.61698
3.61983
3.61776
3.61759
3.61888
3.61358
