-0.00061
-0.01037
0.02041
-0.21281
0.08300
1.87522
2.17225
1.93979
1.96900
1.96195
1.96149
1.96490
1.96533
1.97054
1.97704
1.98053
1.97629
1.97413
1.97958
1.98433
1.98625
1.98633
1.99067
1.99578
1.99709
1.99760
2.00042
2.00618
2.01075
2.01091
2.01103
2.01556
2.01738
2.02109
2.02394
2.02555
2.02750
2.03247
2.03541
2.03728
2.03815
2.03950
2.04338
2.04168
2.04452
2.04995
2.05276
2.05443
2.05918
2.05976
2.06281
2.06463
2.06669
2.06933
2.07361
2.07860
2.08193
2.08354
2.08799
2.08707
2.08696
2.09387
2.09978
2.10484
2.10464
2.10955
2.11529
2.11173
2.11561
2.11999
2.11807
2.12356
2.12387
2.12520
2.12958
2.12688
2.13086
2.13233
2.13334
2.13767
2.14095
2.14208
2.14535
2.14797
2.15068
2.15355
2.15561
2.15782
2.16514
2.17327
2.17823
2.17840
2.18143
2.18648
2.18854
2.18874
2.18922
2.18804
2.18968
2.18611
