-0.00043
-0.00739
0.01441
-0.15149
0.05666
1.33422
1.56178
1.43761
1.51099
1.50072
1.51794
1.51563
1.51450
1.49614
1.47754
1.46247
1.54245
1.60156
1.58350
1.56952
1.54910
1.56004
1.55079
1.52566
1.56642
1.56539
1.55720
1.54983
1.54161
1.55748
1.55344
1.52951
1.56124
1.53894
1.54296
1.55656
1.56329
1.53015
1.51375
1.52423
1.53852
1.54607
1.53993
1.59740
1.60558
1.56674
1.54707
1.55681
1.53465
1.57469
1.53702
1.55923
1.57127
1.55394
1.54611
1.50637
1.51199
1.53408
1.52552
1.54116
1.56384
1.53097
1.45714
1.43766
1.48270
1.45874
1.43008
1.45830
1.47835
1.47323
1.52212
1.50019
1.50631
1.52730
1.50964
1.55950
1.57129
1.57886
1.59401
1.57570
1.55857
1.57530
1.58570
1.57983
1.56969
1.55581
1.58226
1.57928
1.49765
1.41958
1.39514
1.43794
1.42199
1.38960
1.42196
1.43447
1.47358
1.51016
1.52685
1.62752
