-0.00084
-0.01430
0.02820
-0.29372
0.11547
2.58724
2.99091
2.66681
2.69187
2.66927
2.67184
2.68271
2.68778
2.68425
2.71079
2.72585
2.71253
2.70444
2.68207
2.68246
2.66278
2.63880
2.64772
2.65160
2.63466
2.62827
2.62838
2.62856
2.64502
2.64115
2.65769
2.67081
2.65679
2.64308
2.64213
2.66035
2.65765
2.65787
2.64513
2.64980
2.66163
2.63765
2.61002
2.60887
2.63291
2.63541
2.60981
2.62172
2.62208
2.63037
2.61966
2.58456
2.53753
2.53107
2.54085
2.53168
2.51049
2.50777
2.51365
2.51305
2.52549
2.55758
2.57024
2.55338
2.53035
2.51812
2.50046
2.47788
2.46960
2.46276
2.48167
2.49478
2.45475
2.44764
2.47399
2.50895
2.51306
2.49168
2.47178
2.46853
2.49050
2.52020
2.52528
2.50292
2.49328
2.48735
2.47096
2.45993
2.47443
2.48951
2.49327
2.51103
2.52161
2.49709
2.49328
2.49207
2.46787
2.46886
2.44683
2.46765
