-0.00141
-0.02404
0.04733
-0.49350
0.19248
4.34971
5.03540
4.49163
4.56177
4.53962
4.53686
4.53207
4.53095
4.53243
4.52834
4.52622
4.52636
4.52254
4.52179
4.52074
4.51853
4.51684
4.51526
4.51510
4.51380
4.51334
4.51151
4.50917
4.50832
4.50634
4.50597
4.50559
4.50290
4.50120
4.50069
4.49791
4.49666
4.49592
4.49371
4.49321
4.49066
4.48907
4.48778
4.48687
4.48586
4.48528
4.48370
4.47989
4.47833
4.47669
4.47432
4.47199
4.46930
4.46864
4.46816
4.46667
4.46557
4.46432
4.46201
4.45906
4.45614
4.45656
4.45531
4.45458
4.45313
4.45104
4.45026
4.44791
4.44628
4.44624
4.44588
4.44504
4.44276
4.44089
4.44002
4.43736
4.43460
4.43222
4.43243
4.42917
4.42726
4.42659
4.42560
4.42367
4.42311
4.42169
4.41927
4.41853
4.41993
4.41927
4.41618
4.41457
4.41381
4.41305
4.41045
4.40690
4.40406
4.40276
4.40284
4.40116
