-0.00120
-0.02046
0.04032
-0.42017
0.16436
3.70260
4.28265
3.81951
3.87843
3.86231
3.86349
3.85865
3.85629
3.85693
3.85407
3.85216
3.84944
3.84938
3.85250
3.84707
3.84743
3.84777
3.84736
3.84695
3.84369
3.84280
3.84389
3.84201
3.84189
3.84065
3.84066
3.84395
3.84295
3.84256
3.84126
3.83890
3.83735
3.83695
3.83700
3.83297
3.83655
3.83500
3.83302
3.83439
3.82961
3.83017
3.83060
3.82784
3.82828
3.82865
3.82989
3.82613
3.82448
3.82789
3.82517
3.82070
3.82307
3.82282
3.81868
3.81837
3.81782
3.81689
3.81956
3.81507
3.81394
3.81366
3.81213
3.81336
3.81238
3.81287
3.80837
3.80635
3.80512
3.80183
3.80164
3.80427
3.80340
3.79616
3.79706
3.80160
3.80097
3.79862
3.79958
3.79896
3.79737
3.79698
3.79774
3.79647
3.79447
3.79436
3.79341
3.79036
3.79392
3.79265
3.78935
3.78982
3.79024
3.78449
3.78515
3.78568
