-0.00052
-0.00886
0.01742
-0.18182
0.07059
1.60233
1.85842
1.66290
1.69150
1.68480
1.68686
1.69169
1.69383
1.69518
1.69881
1.70115
1.70225
1.70300
1.70850
1.71157
1.71349
1.71585
1.71805
1.72152
1.72412
1.72573
1.73002
1.73458
1.73526
1.73679
1.74081
1.73973
1.72387
1.71587
1.71738
1.71826
1.71179
1.70517
1.70207
1.69961
1.70018
1.70397
1.70477
1.70369
1.70493
1.70853
1.71124
1.71225
1.71689
1.71665
1.71908
1.72256
1.72194
1.72656
1.73042
1.73021
1.73259
1.73376
1.73804
1.74057
1.74441
1.74776
1.74804
1.75132
1.75555
1.75812
1.76067
1.76110
1.76492
1.76991
1.77164
1.77208
1.77473
1.77640
1.77830
1.78220
1.78684
1.79032
1.79246
1.79464
1.79707
1.79538
1.79824
1.80309
1.80424
1.80590
1.80948
1.81239
1.81605
1.81656
1.81999
1.82195
1.81896
1.82140
1.82401
1.82848
1.83101
1.82954
1.83312
1.83368
