-0.00228
-0.03897
0.07674
-0.80016
0.31212
7.05186
8.16408
7.28694
7.40269
7.36563
7.36317
7.36333
7.36395
7.36390
7.36345
7.36351
7.36381
7.36452
7.36467
7.36444
7.36444
7.36416
7.36384
7.36386
7.36421
7.36386
7.36366
7.36415
7.36413
7.36382
7.36378
7.36407
7.36413
7.36356
7.36380
7.36407
7.36438
7.36387
7.36362
7.36396
7.36384
7.36344
7.36391
7.36387
7.36373
7.36404
7.36416
7.36392
7.36411
7.36437
7.36402
7.36408
7.36459
7.36401
7.36371
7.36362
7.36391
7.36434
7.36407
7.36404
7.36426
7.36434
7.36414
7.36404
7.36365
7.36344
7.36396
7.36416
7.36368
7.36372
7.36348
7.36333
7.36358
7.36305
7.36350
7.36380
7.36375
7.36412
7.36414
7.36414
7.36444
7.36474
7.36446
7.36377
7.36353
7.36414
7.36416
7.36341
7.36333
7.36392
7.36392
7.36399
7.36424
7.36391
7.36388
7.36382
7.36407
7.36384
7.36388
7.36388
