-0.00125
-0.02141
0.04220
-0.43975
0.17218
3.87408
4.48022
4.00294
4.06842
4.04291
4.04404
4.04784
4.05198
4.05029
4.04955
4.04368
4.04029
4.04196
4.04860
4.05315
4.04603
4.05096
4.05306
4.05167
4.05148
4.05470
4.05300
4.05976
4.05939
4.05802
4.06977
4.07525
4.07349
4.07049
4.07498
4.06828
4.06421
4.07616
4.07469
4.07758
4.08150
4.07608
4.08088
4.08199
4.08045
4.08643
4.08102
4.08092
4.08275
4.08632
4.09203
4.09367
4.09175
4.09226
4.08540
4.07753
4.07666
4.07893
4.08285
4.07867
4.07736
4.07540
4.07601
4.07949
4.08196
4.07943
4.08417
4.09967
4.08562
4.08401
4.08762
4.08890
4.08627
4.08271
4.07997
4.07682
4.08146
4.07758
4.08049
4.08315
4.08239
4.07601
4.07554
4.07759
4.07690
4.09679
4.09119
4.08862
4.09246
4.08491
4.08387
4.08271
4.07512
4.08224
4.08930
4.09195
4.09733
4.09745
4.09222
4.09866
