-0.00137
-0.02343
0.04613
-0.48108
0.18732
4.23994
4.91137
4.38761
4.46015
4.43422
4.43154
4.43229
4.43313
4.43581
4.43452
4.43030
4.43164
4.43347
4.43453
4.43311
4.43245
4.43077
4.43944
4.44302
4.44396
4.44975
4.44804
4.44189
4.44410
4.44613
4.44529
4.44902
4.44983
4.44577
4.44732
4.44928
4.44766
4.44920
4.44948
4.44889
4.44989
4.45220
4.45152
4.45016
4.44850
4.44985
4.45189
4.45364
4.45629
4.45544
4.45239
4.45343
4.45698
4.45690
4.45451
4.45334
4.45567
4.45828
4.45808
4.45610
4.45628
4.45836
4.45985
4.45825
4.45778
4.46319
4.45848
4.45708
4.45981
4.46377
4.46357
4.46217
4.46219
4.46311
4.46478
4.46591
4.46572
4.46358
4.46000
4.46066
4.46169
4.46695
4.46883
4.46405
4.46490
4.46773
4.46702
4.46615
4.46822
4.47094
4.47266
4.47386
4.47077
4.46941
4.47211
4.47292
4.47086
4.47016
4.46844
4.47217
