-0.00160
-0.02734
0.05382
-0.56123
0.21886
4.94552
5.72676
5.11596
5.20070
5.17787
5.17727
5.18017
5.18440
5.18504
5.18717
5.18985
5.19293
5.19557
5.19909
5.19958
5.20072
5.20705
5.20829
5.21204
5.21676
5.21757
5.22366
5.22504
5.22526
5.22781
5.23181
5.23857
5.23974
5.23945
5.24437
5.25318
5.25485
5.25014
5.25747
5.26326
5.26537
5.26862
5.27159
5.27545
5.27665
5.27553
5.28309
5.28551
5.28917
5.29097
5.29301
5.29917
5.30110
5.30412
5.30609
5.30640
5.31049
5.30991
5.31256
5.32023
5.32052
5.32151
5.32355
5.32989
5.33324
5.33284
5.33786
5.33842
5.34360
5.34635
5.34520
5.35029
5.35206
5.35370
5.35800
5.35903
5.36273
5.36363
5.36721
5.37105
5.37445
5.37811
5.37889
5.38348
5.38519
5.38582
5.38995
5.39311
5.40149
5.40380
5.40365
5.40720
5.40640
5.41307
5.41560
5.41594
5.42106
5.42098
5.42543
5.42813
