-0.00035
-0.00597
0.01179
-0.12266
0.04849
1.08019
1.24607
1.10812
1.12231
1.12819
1.13415
1.12767
1.12372
1.12960
1.13693
1.14322
1.14479
1.14860
1.15469
1.13912
1.12196
1.12809
1.13576
1.12729
1.11755
1.13106
1.14010
1.12969
1.13470
1.13557
1.13139
1.12953
1.12835
1.12467
1.11529
1.11784
1.12377
1.12246
1.12761
1.13234
1.12857
1.12321
1.11945
1.12236
1.13422
1.12564
1.11597
1.11640
1.11858
1.12228
1.12266
1.12130
1.12988
1.14366
1.13782
1.13644
1.13215
1.12494
1.11902
1.10717
1.10332
1.10615
1.11731
1.11990
1.11057
1.10589
1.11013
1.12938
1.13976
1.13102
1.12787
1.14318
1.13252
1.13142
1.12041
1.11918
1.11661
1.10981
1.11563
1.11522
1.10592
1.10200
1.10163
1.11110
1.12619
1.11912
1.10233
1.09376
1.10079
1.10488
1.10765
1.09474
1.11485
1.16212
1.15950
1.12002
1.10709
1.11000
1.11705
1.11534
