-0.00247
-0.04224
0.08318
-0.86726
0.33846
7.64263
8.84725
7.89836
8.02357
7.98312
7.98201
7.98291
7.98037
7.97984
7.97996
7.98168
7.98188
7.98016
7.98112
7.98137
7.98144
7.98227
7.98068
7.98094
7.98213
7.98202
7.98270
7.98170
7.98044
7.98038
7.98141
7.98070
7.97910
7.97956
7.98176
7.98209
7.98162
7.98219
7.98306
7.98205
7.98179
7.98326
7.98105
7.97924
7.98077
7.98051
7.98078
7.98151
7.98129
7.98115
7.98120
7.98088
7.98132
7.98104
7.98179
7.98248
7.98301
7.98116
7.98015
7.98302
7.98218
7.98085
7.98058
7.98171
7.98157
7.98109
7.98166
7.98067
7.98074
7.98065
7.98227
7.98177
7.97996
7.98201
7.98291
7.98168
7.98113
7.98163
7.98195
7.98176
7.98104
7.98045
7.98077
7.98074
7.98045
7.97983
7.98006
7.98135
7.98193
7.98105
7.98141
7.98197
7.98212
7.98120
7.98118
7.98184
7.98125
7.98088
7.98131
7.98124
