-0.00120
-0.02051
0.04038
-0.42110
0.16412
3.71093
4.29805
3.83932
3.90145
3.88439
3.88519
3.88646
3.88954
3.89118
3.89256
3.89565
3.89716
3.89967
3.90232
3.90439
3.90491
3.90628
3.90958
3.91204
3.91378
3.91507
3.91738
3.91933
3.92104
3.92325
3.92521
3.92729
3.93029
3.93291
3.93328
3.93404
3.93802
3.93924
3.94017
3.94422
3.94573
3.94718
3.94968
3.95135
3.95421
3.95615
3.95636
3.95900
3.96175
3.96426
3.96456
3.96610
3.96808
3.97032
3.97272
3.97524
3.97743
3.98103
3.98164
3.98333
3.98668
3.98866
3.99043
3.99275
3.99458
3.99555
3.99673
3.99946
4.00054
4.00220
4.00426
4.00602
4.00813
4.01067
4.01300
4.01397
4.01663
4.01887
4.02033
4.02363
4.02434
4.02583
4.02888
4.03021
4.03292
4.03487
4.03634
4.03805
4.04032
4.04341
4.04476
4.04713
4.04976
4.05012
4.05225
4.05520
4.05677
4.05869
4.05949
4.06106
