-0.00003
-0.00049
0.00097
-0.01013
0.00380
0.08968
0.10477
0.09227
0.09342
0.09345
0.09321
0.09293
0.09274
0.09468
0.09342
0.09144
0.09493
0.09314
0.09291
0.09478
0.09427
0.09132
0.09083
0.09406
0.09853
0.09308
0.09196
0.09268
0.09121
0.09002
0.09127
0.09273
0.09218
0.09134
0.08962
0.09030
0.09034
0.09065
0.09075
0.09166
0.09037
0.09219
0.09021
0.09032
0.09463
0.09226
0.09220
0.09522
0.09058
0.08785
0.08954
0.09368
0.09019
0.08910
0.08950
0.09001
0.09058
0.09085
0.08785
0.08864
0.09022
0.08892
0.08799
0.09018
0.08989
0.09241
0.09099
0.09158
0.09467
0.09042
0.08931
0.08833
0.08935
0.09625
0.08908
0.08804
0.08995
0.09063
0.08940
0.08800
0.08937
0.08716
0.08712
0.08770
0.08832
0.09060
0.09050
0.08753
0.08659
0.08687
0.08797
0.08569
0.08451
0.08727
0.08769
0.09225
0.08765
0.08498
0.08609
0.08657
