-0.00163
-0.02779
0.05469
-0.57047
0.22215
5.02758
5.82501
5.20384
5.28335
5.25255
5.25225
5.25182
5.25125
5.25391
5.25538
5.25818
5.25901
5.25659
5.25748
5.25779
5.25909
5.25881
5.26012
5.26273
5.26156
5.26138
5.26424
5.26526
5.26451
5.26506
5.26857
5.26868
5.26975
5.27228
5.27325
5.27537
5.27795
5.27934
5.27900
5.28093
5.28076
5.28322
5.28400
5.28184
5.28337
5.28507
5.28377
5.28529
5.28586
5.28564
5.28708
5.28772
5.28674
5.28739
5.28754
5.28611
5.28636
5.28787
5.28818
5.29021
5.29161
5.29039
5.29093
5.29250
5.29142
5.29265
5.29329
5.29509
5.29712
5.29932
5.29877
5.29863
5.29970
5.29845
5.29888
5.30087
5.30140
5.30186
5.30291
5.30373
5.30632
5.30690
5.30343
5.30268
5.30485
5.30576
5.30752
5.30956
5.30932
5.30889
5.30947
5.31049
5.31107
5.31135
5.31175
5.31221
5.31296
5.31088
5.31072
5.31180
