-0.00055
-0.00930
0.01859
-0.19171
0.07916
1.68533
1.90540
1.67775
1.74910
1.78376
1.76981
1.77359
1.77639
1.76412
1.76454
1.75050
1.75639
1.77868
1.78624
1.78233
1.77770
1.78774
1.79210
1.77649
1.78213
1.77828
1.75902
1.76076
1.77010
1.77064
1.75584
1.75395
1.74858
1.73682
1.73435
1.71211
1.68919
1.67909
1.67758
1.68042
1.69531
1.67700
1.67242
1.68725
1.68982
1.68669
1.68786
1.67955
1.68481
1.68642
1.68242
1.68556
1.68710
1.69024
1.69407
1.70561
1.69623
1.69986
1.71042
1.69659
1.68724
1.70219
1.70709
1.70293
1.71946
1.71347
1.70606
1.69565
1.68971
1.67805
1.68730
1.68593
1.68172
1.70654
1.71357
1.70347
1.69983
1.70362
1.70530
1.69139
1.68279
1.68655
1.70611
1.71323
1.69880
1.69820
1.68309
1.67688
1.68932
1.69187
1.68820
1.68755
1.68868
1.68649
1.69137
1.68891
1.69527
1.71422
1.71966
1.70770
