-0.00174
-0.02977
0.05863
-0.61130
0.23848
5.38697
6.23714
5.56985
5.65698
5.62585
5.62531
5.62433
5.62332
5.62470
5.62556
5.62563
5.62309
5.61991
5.62080
5.62297
5.62192
5.62056
5.62168
5.62200
5.62271
5.62533
5.62499
5.62348
5.62292
5.62427
5.62478
5.62585
5.62562
5.62630
5.62507
5.62568
5.62579
5.62912
5.63037
5.62958
5.62778
5.62739
5.63063
5.63071
5.62856
5.62879
5.62951
5.63038
5.62862
5.62794
5.62887
5.62801
5.62839
5.62915
5.62846
5.62608
5.62650
5.62670
5.62614
5.62667
5.62640
5.62518
5.62638
5.62434
5.62184
5.62537
5.62656
5.62401
5.62243
5.62232
5.62282
5.62492
5.62428
5.62169
5.62096
5.62072
5.62052
5.61883
5.61616
5.61799
5.62017
5.61886
5.61830
5.61785
5.61839
5.61818
5.61773
5.61856
5.61762
5.61611
5.61501
5.61465
5.61543
5.61574
5.61555
5.61597
5.61437
5.61176
5.61093
5.61300
