-0.00193
-0.03300
0.06496
-0.67739
0.26404
5.97023
6.91313
6.17072
6.26992
6.23948
6.23725
6.23535
6.23665
6.23819
6.24063
6.24073
6.24080
6.24270
6.24314
6.24136
6.24086
6.24097
6.24092
6.24207
6.24239
6.23832
6.24061
6.24334
6.24500
6.24594
6.24654
6.24726
6.24659
6.24838
6.24907
6.24619
6.24470
6.24382
6.24574
6.24836
6.24498
6.24457
6.24333
6.24366
6.24822
6.25265
6.24957
6.24745
6.24714
6.24723
6.24962
6.25221
6.25182
6.25132
6.25142
6.25105
6.25199
6.25326
6.25257
6.25082
6.25157
6.25295
6.25296
6.25226
6.25116
6.25248
6.25483
6.25578
6.25760
6.25504
6.25463
6.25731
6.25814
6.25747
6.25794
6.25781
6.25919
6.25944
6.25891
6.25916
6.26073
6.26018
6.25997
6.25954
6.25805
6.25971
6.25996
6.25808
6.25985
6.26092
6.26111
6.26114
6.26195
6.26070
6.25977
6.26264
6.26545
6.26650
6.26509
6.26433
