-0.00030
-0.00510
0.01004
-0.10472
0.04078
0.92312
1.06918
0.95361
0.96827
0.96285
0.96188
0.96231
0.96136
0.96117
0.96054
0.96018
0.96067
0.95982
0.95966
0.96046
0.96069
0.96012
0.95956
0.95930
0.95898
0.95821
0.95889
0.95855
0.95639
0.95620
0.95682
0.95703
0.95630
0.95589
0.95622
0.95553
0.95520
0.95485
0.95466
0.95422
0.95373
0.95338
0.95256
0.95250
0.95281
0.95212
0.95218
0.95138
0.95112
0.95128
0.95046
0.95037
0.94961
0.94916
0.94955
0.94834
0.94777
0.94723
0.94770
0.94723
0.94635
0.94587
0.94568
0.94602
0.94561
0.94474
0.94436
0.94458
0.94454
0.94327
0.94346
0.94429
0.94316
0.94236
0.94135
0.94037
0.93976
0.93889
0.93966
0.93925
0.93822
0.93917
0.93806
0.93811
0.93967
0.93875
0.93833
0.93704
0.93723
0.93658
0.93555
0.93503
0.93541
0.93533
0.93467
0.93477
0.93412
0.93348
0.93332
0.93299
