-0.00080
-0.01367
0.02691
-0.28073
0.10929
2.47398
2.86661
2.56169
2.60264
2.59062
2.59260
2.59542
2.59928
2.60207
2.60324
2.60550
2.60956
2.61140
2.61128
2.61185
2.61425
2.61769
2.61947
2.62371
2.62636
2.62717
2.62750
2.63007
2.63476
2.63423
2.63518
2.64092
2.64234
2.64661
2.64833
2.64837
2.64695
2.64715
2.65292
2.65478
2.65596
2.65868
2.66360
2.66615
2.66206
2.66530
2.67051
2.66968
2.67343
2.67635
2.67518
2.68043
2.68377
2.67956
2.68546
2.68871
2.68768
2.69205
2.69563
2.69350
2.69665
2.69920
2.70027
2.70144
2.70292
2.70791
2.71016
2.70767
2.70989
2.71377
2.71751
2.71935
2.72073
2.72456
2.72642
2.72650
2.72777
2.72912
2.73104
2.73293
2.73621
2.73767
2.74073
2.74388
2.74731
2.74791
2.74999
2.75121
2.74969
2.75259
2.76045
2.75750
2.75675
2.76218
2.76381
2.76745
2.76955
2.77146
2.77088
2.77108
