-0.00001
-0.00012
0.00023
-0.00249
0.00062
0.02327
0.02696
0.02021
0.02777
0.03172
0.03499
0.03608
0.03680
0.04471
0.04228
0.04001
0.03823
0.03546
0.04632
0.04329
0.04747
0.03322
0.02982
0.04539
0.04843
0.04658
0.04796
0.03952
0.02991
0.03942
0.04540
0.04549
0.04501
0.04987
0.04930
0.04315
0.03321
0.03925
0.05709
0.04126
0.02844
0.04692
0.03823
0.04082
0.03605
0.04139
0.05109
0.04223
0.04695
0.03747
0.05027
0.04511
0.03992
0.05464
0.03727
0.03361
0.05224
0.04167
0.03658
0.03630
0.03152
0.04236
0.05179
0.04348
0.03703
0.03261
0.03119
0.04391
0.04779
0.03671
0.03700
0.04752
0.02780
0.03239
0.03764
0.03571
0.04046
0.03144
0.04267
0.04667
0.03125
0.03595
0.04664
0.04349
0.03478
0.03746
0.04040
0.03627
0.03499
0.02668
0.02389
0.03181
0.02592
0.03733
0.04535
0.04018
0.04660
0.02838
0.02300
0.02773
