-0.00228
-0.03889
0.07657
-0.79843
0.31137
7.03654
8.14713
7.27289
7.38912
7.35277
7.35013
7.35117
7.35113
7.35132
7.35249
7.35283
7.35356
7.35397
7.35395
7.35421
7.35412
7.35431
7.35401
7.35396
7.35451
7.35460
7.35560
7.35655
7.35729
7.35777
7.35775
7.35797
7.35788
7.35769
7.35798
7.35834
7.35897
7.35891
7.35881
7.35927
7.35929
7.35968
7.36011
7.36019
7.36069
7.36081
7.36106
7.36146
7.36169
7.36213
7.36204
7.36240
7.36277
7.36282
7.36312
7.36305
7.36355
7.36384
7.36386
7.36437
7.36443
7.36484
7.36502
7.36543
7.36598
7.36585
7.36614
7.36617
7.36613
7.36606
7.36573
7.36607
7.36625
7.36626
7.36751
7.36827
7.36879
7.36858
7.36849
7.36877
7.36890
7.36918
7.36896
7.36919
7.36944
7.36934
7.36977
7.37015
7.37038
7.37065
7.37070
7.37099
7.37097
7.37116
7.37170
7.37173
7.37198
7.37221
7.37220
7.37216
