-0.00000
-0.00007
0.00014
-0.00144
0.00053
0.01268
0.01519
0.01355
0.01358
0.01714
0.01854
0.01556
0.01466
0.01606
0.01278
0.01840
0.03416
0.01921
0.01506
0.01676
0.01963
0.01730
0.01501
0.01652
0.02055
0.01661
0.01909
0.01964
0.01541
0.01535
0.01768
0.01976
0.01833
0.01733
0.02211
0.01918
0.01760
0.02162
0.01671
0.01814
0.02696
0.02220
0.01481
0.01740
0.02319
0.01854
0.02069
0.01988
0.01716
0.01863
0.01795
0.01890
0.02457
0.02245
0.02235
0.01983
0.01809
0.02500
0.02748
0.01895
0.01701
0.01807
0.02072
0.01904
0.01901
0.02226
0.02256
0.01835
0.01900
0.02271
0.01902
0.01828
0.01928
0.01947
0.02130
0.02112
0.01883
0.01927
0.02244
0.01930
0.02013
0.02349
0.02053
0.02060
0.02093
0.02034
0.02165
0.01991
0.02066
0.01827
0.01790
0.02133
0.01871
0.01996
0.02397
0.01980
0.01916
0.02115
0.02890
0.02252
