-0.00125
-0.02132
0.04199
-0.43763
0.17091
3.85727
4.46418
3.97824
4.03562
4.01774
4.01261
4.01277
4.01325
4.01009
4.00494
4.00331
4.00565
4.00403
4.00005
3.99976
3.99765
3.99180
3.98951
3.98975
3.98576
3.98557
3.98720
3.98418
3.98098
3.97737
3.97487
3.97223
3.97277
3.97007
3.96598
3.96487
3.96114
3.95724
3.95765
3.95759
3.95389
3.95069
3.94988
3.94544
3.94129
3.94056
3.94151
3.93840
3.93751
3.93379
3.93015
3.93094
3.92731
3.92204
3.91886
3.91674
3.91864
3.91931
3.91828
3.91296
3.91097
3.90996
3.90994
3.90734
3.90029
3.89800
3.89701
3.89480
3.89255
3.88832
3.88773
3.88671
3.88356
3.88146
3.87921
3.87792
3.87526
3.87305
3.87140
3.86911
3.86584
3.86476
3.86208
3.85823
3.85565
3.85431
3.85333
3.85104
3.84826
3.84622
3.84592
3.84340
3.83961
3.83604
3.83734
3.83613
3.83290
3.83043
3.82870
3.82512
