-0.00026
-0.00450
0.00885
-0.09228
0.03585
0.81372
0.94290
0.83997
0.85245
0.84862
0.84730
0.84541
0.84661
0.84636
0.84579
0.84540
0.84508
0.84562
0.84360
0.84396
0.84496
0.84470
0.84574
0.84337
0.84239
0.84247
0.84041
0.83998
0.83994
0.84093
0.83956
0.83961
0.84057
0.83788
0.83767
0.83835
0.83938
0.83913
0.83751
0.83675
0.83738
0.83809
0.84023
0.83594
0.83378
0.83556
0.83611
0.83424
0.83320
0.83259
0.83267
0.83310
0.83500
0.83220
0.83138
0.83144
0.83044
0.83149
0.82952
0.82852
0.82962
0.82950
0.82902
0.82666
0.82642
0.82899
0.82884
0.82881
0.82748
0.82530
0.82669
0.82796
0.82606
0.82454
0.82673
0.82608
0.82514
0.82313
0.82318
0.82628
0.82547
0.82411
0.82361
0.82184
0.82054
0.81947
0.81965
0.82011
0.81972
0.81862
0.81765
0.82044
0.81869
0.81603
0.81820
0.81923
0.81578
0.81653
0.81669
0.81756
