-0.00148
-0.02526
0.04973
-0.51852
0.20220
4.57036
5.29075
4.71960
4.79470
4.76873
4.76516
4.76463
4.76139
4.75982
4.75964
4.75677
4.75575
4.75403
4.75329
4.75277
4.75057
4.75057
4.75010
4.74681
4.74459
4.74293
4.74246
4.74122
4.73975
4.73923
4.73765
4.73671
4.73459
4.73252
4.73123
4.72961
4.72796
4.72794
4.72688
4.72619
4.72461
4.72239
4.72105
4.72026
4.71783
4.71469
4.71486
4.71388
4.71099
4.70988
4.70951
4.70896
4.70487
4.70383
4.70345
4.70176
4.70041
4.69761
4.69552
4.69457
4.69416
4.69243
4.69012
4.69042
4.69004
4.68806
4.68720
4.68522
4.68222
4.68208
4.68001
4.67813
4.67788
4.67694
4.67643
4.67425
4.67283
4.67106
4.66774
4.66670
4.66599
4.66580
4.66446
4.66187
4.65836
4.65594
4.65554
4.65512
4.65360
4.65128
4.64990
4.64884
4.64847
4.64639
4.64484
4.64394
4.64259
4.64008
4.63821
4.63737
