-0.00028
-0.00472
0.00940
-0.09724
0.04002
0.85308
0.97087
0.87086
0.88636
0.87899
0.90478
0.90154
0.87307
0.88242
0.90124
0.89303
0.89115
0.89234
0.88975
0.88478
0.87555
0.87143
0.89519
0.89160
0.87767
0.88115
0.86141
0.84612
0.87616
0.88777
0.88795
0.89107
0.88404
0.85996
0.83279
0.82319
0.81063
0.81540
0.82264
0.85420
0.85440
0.82156
0.82712
0.81827
0.84313
0.83690
0.82055
0.82470
0.84077
0.84199
0.86338
0.86079
0.85921
0.85674
0.85576
0.85486
0.85051
0.83625
0.81158
0.83161
0.81792
0.85327
0.86485
0.85194
0.86180
0.85816
0.81715
0.81689
0.85252
0.86422
0.82107
0.79329
0.80036
0.81599
0.84821
0.84699
0.81086
0.79619
0.83846
0.83874
0.79828
0.79103
0.80131
0.80995
0.81130
0.81000
0.83022
0.82435
0.81621
0.82321
0.80429
0.80959
0.83426
0.82973
0.81448
0.79507
0.79646
0.79219
0.78702
0.81017
