-0.00005
-0.00084
0.00162
-0.01717
0.00605
0.15254
0.17997
0.16244
0.17069
0.16569
0.16616
0.16417
0.16831
0.16617
0.16047
0.16824
0.17015
0.16869
0.15750
0.15987
0.16122
0.16539
0.16305
0.16304
0.16609
0.16336
0.16703
0.17026
0.16918
0.16639
0.16987
0.17180
0.17347
0.17439
0.16668
0.16638
0.16881
0.15724
0.16489
0.17783
0.16614
0.16311
0.15811
0.16058
0.16639
0.16145
0.16375
0.17386
0.16496
0.16088
0.15702
0.16570
0.17958
0.16623
0.16665
0.17537
0.17475
0.16959
0.16682
0.16865
0.16824
0.17270
0.17852
0.17071
0.16256
0.16496
0.17373
0.16851
0.16509
0.16614
0.16467
0.16527
0.16522
0.16821
0.16885
0.16275
0.16768
0.16805
0.16672
0.17249
0.17733
0.16703
0.16448
0.17360
0.16796
0.16186
0.16879
0.16757
0.16863
0.16415
0.16314
0.16319
0.16970
0.16681
0.16403
0.17138
0.17294
0.17605
0.16726
0.16432
