-0.00092
-0.01564
0.03082
-0.32120
0.12542
2.83129
3.27486
2.91974
2.96833
2.94885
2.94445
2.93977
2.94081
2.94196
2.93994
2.93772
2.93122
2.93073
2.93151
2.92971
2.92761
2.92789
2.92590
2.92189
2.91608
2.91725
2.91574
2.91248
2.91402
2.90823
2.90471
2.90365
2.90498
2.90483
2.90312
2.89984
2.89372
2.89547
2.89318
2.89061
2.88572
2.88163
2.88319
2.87955
2.87737
2.87616
2.87389
2.87543
2.87251
2.86827
2.86610
2.86833
2.86568
2.86125
2.86081
2.86254
2.85835
2.85685
2.85613
2.85287
2.84837
2.84622
2.84507
2.84571
2.84144
2.84070
2.84013
2.83762
2.83587
2.83789
2.83499
2.83042
2.83157
2.82786
2.82551
2.82479
2.82207
2.82364
2.81894
2.81734
2.81571
2.81431
2.81351
2.80899
2.80688
2.80571
2.80492
2.80371
2.79932
2.79669
2.79860
2.79416
2.79147
2.79188
2.78758
2.78615
2.78505
2.78308
2.78119
2.77897
