-0.00003
-0.00052
0.00101
-0.01058
0.00403
0.09332
0.10945
0.09684
0.09789
0.10261
0.10082
0.10216
0.10237
0.10163
0.09669
0.10097
0.09997
0.09841
0.10251
0.10106
0.10629
0.10412
0.09577
0.10040
0.10300
0.09719
0.09782
0.10596
0.10248
0.09718
0.09489
0.10101
0.10945
0.10455
0.10696
0.10674
0.10437
0.10418
0.10081
0.10259
0.10497
0.10195
0.10249
0.10112
0.09681
0.09724
0.09624
0.09527
0.09981
0.09774
0.09670
0.10023
0.10037
0.09961
0.10022
0.09830
0.10124
0.10629
0.10153
0.09566
0.09675
0.09769
0.09639
0.09699
0.09458
0.09651
0.09975
0.09910
0.09923
0.10071
0.10199
0.09634
0.09485
0.09802
0.10274
0.10049
0.10408
0.10000
0.09753
0.09984
0.10154
0.10278
0.09911
0.09965
0.09765
0.09878
0.10035
0.10069
0.10742
0.10129
0.10368
0.09804
0.09739
0.09781
0.09492
0.09873
0.10050
0.10216
0.10153
0.10094
