-0.00137
-0.02339
0.04607
-0.48034
0.18752
4.23275
4.89923
4.37500
4.44665
4.42551
4.42670
4.42673
4.42816
4.43071
4.43043
4.43222
4.43299
4.43602
4.43693
4.43761
4.43777
4.43990
4.44203
4.44291
4.44416
4.44586
4.44548
4.44821
4.44845
4.44749
4.45206
4.45422
4.45478
4.45460
4.45640
4.45881
4.45967
4.46094
4.46143
4.46288
4.46414
4.46358
4.46660
4.46772
4.46782
4.46985
4.47038
4.47188
4.47432
4.47505
4.47609
4.47623
4.47863
4.47873
4.48030
4.48372
4.48223
4.48412
4.48498
4.48677
4.48997
4.48988
4.48971
4.48912
4.49293
4.49462
4.49469
4.49651
4.49640
4.49696
4.49969
4.50040
4.50325
4.50309
4.50528
4.50685
4.50661
4.50733
4.50754
4.50939
4.51149
4.51272
4.51512
4.51539
4.51729
4.51944
4.51851
4.51958
4.52021
4.52276
4.52449
4.52269
4.52471
4.52658
4.52757
4.52892
4.52930
4.53004
4.53032
4.53304
