-0.00005
-0.00084
0.00166
-0.01729
0.00675
0.15215
0.17643
0.15904
0.16149
0.15854
0.15810
0.15940
0.15859
0.15848
0.15993
0.15759
0.15831
0.15925
0.16089
0.16248
0.16101
0.15855
0.15974
0.16057
0.16109
0.16156
0.15969
0.16027
0.16007
0.15956
0.15839
0.15879
0.16098
0.16304
0.16260
0.16125
0.16023
0.16220
0.16255
0.16192
0.16252
0.16145
0.16168
0.16311
0.15900
0.16072
0.16232
0.16190
0.16080
0.16086
0.16031
0.16047
0.16263
0.16204
0.15975
0.16001
0.16051
0.16187
0.16258
0.16012
0.16021
0.16219
0.16426
0.16287
0.16192
0.16306
0.16322
0.16408
0.16275
0.16268
0.16273
0.16123
0.16304
0.16193
0.16042
0.16118
0.16405
0.16251
0.16025
0.16141
0.16168
0.16299
0.16369
0.16102
0.16052
0.16206
0.16183
0.16063
0.16352
0.16337
0.16032
0.16223
0.16432
0.16219
0.16256
0.16565
0.16569
0.16547
0.16558
0.16305
