-0.00148
-0.02524
0.04971
-0.51819
0.20242
4.56615
5.28349
4.71744
4.79618
4.77629
4.77882
4.77323
4.77566
4.77600
4.78694
4.79018
4.78382
4.78687
4.78973
4.79233
4.79165
4.79351
4.79888
4.79688
4.79815
4.79805
4.79975
4.80165
4.80320
4.80492
4.80875
4.81165
4.81328
4.81004
4.81037
4.81522
4.81810
4.82032
4.82147
4.82382
4.82369
4.82230
4.82546
4.82591
4.82941
4.83056
4.83359
4.83471
4.83412
4.83104
4.83940
4.84142
4.84127
4.84054
4.84289
4.84550
4.84676
4.84791
4.85063
4.85802
4.85570
4.85633
4.85783
4.85554
4.86247
4.86508
4.86314
4.85963
4.86579
4.86717
4.86698
4.86929
4.87524
4.87626
4.87360
4.87664
4.87987
4.88405
4.88109
4.88308
4.88679
4.88717
4.89140
4.89269
4.89172
4.89102
4.89231
4.89487
4.89716
4.89766
4.90280
4.90210
4.90264
4.90726
4.90558
4.90689
4.90959
4.91103
4.91146
4.90538
