-0.00068
-0.01167
0.02296
-0.23954
0.09311
2.11117
2.44755
2.18737
2.22250
2.21406
2.21650
2.21869
2.21898
2.22001
2.22408
2.22529
2.22736
2.23131
2.23060
2.23315
2.23653
2.23658
2.23948
2.24306
2.24315
2.24452
2.25166
2.25250
2.25200
2.25426
2.25652
2.25667
2.26045
2.26420
2.26671
2.26720
2.26983
2.27234
2.27387
2.27505
2.27892
2.28266
2.28265
2.28379
2.28685
2.28998
2.29024
2.29233
2.29470
2.29830
2.29955
2.30041
2.30371
2.30354
2.30647
2.31165
2.31509
2.31641
2.31906
2.31930
2.32277
2.32589
2.32685
2.32876
2.32846
2.32889
2.33409
2.33985
2.33850
2.33814
2.34216
2.34135
2.34583
2.34964
2.35053
2.35827
2.35787
2.35787
2.35649
2.35895
2.36469
2.36730
2.36831
2.37236
2.37280
2.37496
2.37757
2.37784
2.37912
2.38342
2.38588
2.38822
2.39018
2.38955
2.39455
2.39688
2.39825
2.39999
2.40005
2.40485
