-0.00001
-0.00020
0.00038
-0.00397
0.00139
0.03590
0.04269
0.03090
0.02828
0.04508
0.05027
0.04843
0.04516
0.03235
0.04896
0.05065
0.04758
0.05416
0.05740
0.04214
0.03458
0.05090
0.05298
0.05071
0.04291
0.04229
0.04658
0.04472
0.04132
0.05923
0.05095
0.04410
0.03736
0.03786
0.07215
0.07931
0.04719
0.04589
0.04700
0.04583
0.05654
0.05366
0.04019
0.03969
0.05796
0.05049
0.05038
0.05112
0.05350
0.04697
0.04868
0.07741
0.06539
0.04452
0.07019
0.05016
0.04184
0.04650
0.05067
0.06061
0.07254
0.07545
0.06177
0.06871
0.05434
0.03994
0.06174
0.06060
0.05512
0.06300
0.04742
0.05430
0.04847
0.04386
0.05032
0.05021
0.05758
0.05634
0.04473
0.04441
0.05260
0.05937
0.06296
0.05919
0.05087
0.03863
0.04848
0.04863
0.04829
0.05972
0.04830
0.03830
0.04733
0.05510
0.05162
0.04219
0.03987
0.04379
0.04609
0.03860
