-0.00001
-0.00016
0.00029
-0.00321
0.00073
0.02937
0.03847
0.03204
0.03007
0.03091
0.02809
0.03823
0.04077
0.03247
0.02866
0.02948
0.02905
0.03665
0.04057
0.03195
0.03074
0.03887
0.03404
0.03181
0.03864
0.05270
0.06244
0.06457
0.06923
0.06164
0.04777
0.03573
0.04529
0.03262
0.02737
0.03445
0.03508
0.03302
0.03214
0.03636
0.03572
0.03591
0.04390
0.03856
0.02897
0.03288
0.02472
0.01898
0.03895
0.05012
0.04409
0.03523
0.03095
0.03645
0.02700
0.05666
0.06884
0.03752
0.03686
0.05126
0.05011
0.03959
0.03767
0.04246
0.04423
0.05640
0.04495
0.04319
0.05402
0.04771
0.03795
0.04822
0.04657
0.05440
0.05374
0.05028
0.04354
0.03399
0.05146
0.06558
0.04095
0.03510
0.05286
0.06264
0.06524
0.06796
0.03823
0.04845
0.05555
0.05642
0.06519
0.04780
0.03937
0.04992
0.05829
0.05164
0.04200
0.03692
0.05210
0.05201
