-0.00137
-0.02347
0.04619
-0.48176
0.18732
4.24711
4.92162
4.39023
4.45751
4.43819
4.43759
4.43709
4.43948
4.44098
4.43874
4.44120
4.44496
4.44080
4.44184
4.44859
4.44544
4.43795
4.44378
4.45041
4.44604
4.44491
4.44375
4.43990
4.44603
4.44782
4.44792
4.44799
4.44919
4.45029
4.44693
4.44856
4.45062
4.45110
4.45142
4.44741
4.45093
4.44868
4.44889
4.45105
4.45518
4.45725
4.45812
4.45548
4.45778
4.45654
4.45469
4.45606
4.45633
4.45398
4.45532
4.46103
4.45976
4.45802
4.45918
4.46141
4.46093
4.46252
4.46657
4.47003
4.46842
4.46896
4.46893
4.46875
4.46971
4.46960
4.46951
4.47261
4.47192
4.47170
4.47107
4.47261
4.47662
4.47630
4.47641
4.47823
4.48229
4.48145
4.47740
4.47772
4.48052
4.48612
4.47939
4.48085
4.48227
4.48187
4.48713
4.48644
4.48396
4.48481
4.48454
4.48806
4.48863
4.48585
4.48858
4.48934
