-0.00075
-0.01281
0.02521
-0.26298
0.10248
2.31698
2.68447
2.40031
2.44004
2.43471
2.43896
2.44092
2.44500
2.44576
2.44859
2.45064
2.45306
2.45619
2.45864
2.46343
2.46583
2.46760
2.47101
2.47230
2.47752
2.47731
2.47829
2.48356
2.48650
2.48919
2.49165
2.49233
2.49554
2.49801
2.50322
2.50640
2.50837
2.51195
2.51060
2.51520
2.51990
2.52080
2.52388
2.52430
2.53028
2.53305
2.53528
2.53811
2.54045
2.54660
2.54745
2.54656
2.54981
2.55204
2.55526
2.55891
2.56289
2.56684
2.56777
2.57175
2.57379
2.57610
2.58134
2.58284
2.58513
2.58676
2.58933
2.59194
2.59481
2.59976
2.60105
2.60453
2.60853
2.60804
2.61264
2.61517
2.61703
2.62340
2.62308
2.62628
2.62995
2.63201
2.63718
2.63759
2.64007
2.64194
2.64413
2.64840
2.64887
2.65391
2.65756
2.65924
2.66320
2.66316
2.66734
2.67052
2.67334
2.67756
2.67885
2.68201
