-0.00030
-0.00510
0.01006
-0.10478
0.04118
0.92257
1.06613
0.95406
0.96911
0.96279
0.96557
0.96416
0.96253
0.96627
0.96587
0.96401
0.96493
0.96879
0.96822
0.96423
0.96504
0.96663
0.96697
0.97154
0.96978
0.96815
0.96726
0.96950
0.96924
0.96547
0.96729
0.96786
0.96812
0.96758
0.96583
0.96961
0.96895
0.96868
0.97090
0.97181
0.97377
0.97021
0.97094
0.97217
0.97719
0.97433
0.97425
0.97214
0.97171
0.97872
0.97260
0.97214
0.97750
0.97586
0.97044
0.97333
0.97343
0.97060
0.97293
0.97939
0.98063
0.97948
0.97882
0.97383
0.97836
0.97812
0.97635
0.97911
0.98055
0.98001
0.98131
0.97782
0.98207
0.98247
0.98036
0.98031
0.98555
0.98465
0.98464
0.98294
0.98192
0.98638
0.98280
0.98167
0.98444
0.97747
0.97864
0.97974
0.97454
0.97937
0.98314
0.98031
0.98444
0.98203
0.98274
0.98586
0.98540
0.98176
0.97961
0.98416
