-0.00001
-0.00019
0.00036
-0.00388
0.00106
0.03563
0.04431
0.03411
0.03090
0.03471
0.03475
0.03052
0.03000
0.03171
0.03537
0.03560
0.03344
0.03392
0.03070
0.03538
0.03511
0.03320
0.03693
0.03255
0.02902
0.02854
0.03091
0.03634
0.03543
0.03425
0.03515
0.03241
0.03231
0.03717
0.03313
0.03309
0.03316
0.03446
0.03386
0.03371
0.03016
0.03586
0.03813
0.03391
0.02806
0.03229
0.03404
0.03597
0.03501
0.03260
0.03420
0.03535
0.03726
0.03527
0.03756
0.03608
0.03819
0.03859
0.03270
0.03187
0.03426
0.03185
0.03178
0.03492
0.03728
0.03817
0.03421
0.03622
0.03629
0.03303
0.03274
0.03539
0.04007
0.04388
0.03669
0.03705
0.03509
0.03335
0.03300
0.03698
0.03887
0.03353
0.03247
0.03302
0.03267
0.03563
0.03556
0.03316
0.03561
0.03764
0.03619
0.03536
0.03999
0.03660
0.03144
0.03455
0.03667
0.03851
0.03279
0.03642
