-0.00181
-0.03086
0.06076
-0.63363
0.24708
5.58357
6.46586
5.77653
5.87194
5.84078
5.83138
5.83326
5.83753
5.84005
5.84274
5.84667
5.84732
5.84191
5.84223
5.84202
5.84511
5.84716
5.84383
5.84784
5.85258
5.85223
5.84944
5.85197
5.86182
5.85147
5.85356
5.86150
5.86382
5.85632
5.85635
5.86300
5.86179
5.86286
5.86676
5.86803
5.87009
5.87046
5.87077
5.86680
5.86661
5.86981
5.87163
5.87447
5.86967
5.87414
5.87804
5.87400
5.87863
5.87596
5.87649
5.87635
5.87846
5.88337
5.88935
5.89124
5.89021
5.89288
5.88359
5.88655
5.88680
5.88279
5.88874
5.88937
5.88656
5.89063
5.89030
5.89034
5.89396
5.89579
5.89564
5.89830
5.89590
5.89912
5.90759
5.90381
5.90091
5.90907
5.90701
5.90290
5.90504
5.91374
5.90944
5.91347
5.92057
5.91330
5.91484
5.91695
5.91570
5.91198
5.91169
5.91074
5.91351
5.91736
5.91780
5.92080
