-0.00129
-0.02209
0.04345
-0.45341
0.17602
3.99658
4.63488
4.14229
4.20807
4.18445
4.17267
4.16031
4.17679
4.20538
4.21565
4.21784
4.20927
4.20257
4.21104
4.20828
4.20545
4.20972
4.20861
4.21155
4.21469
4.21279
4.20498
4.19831
4.19988
4.19741
4.20603
4.21761
4.23235
4.24289
4.24154
4.24243
4.23583
4.23673
4.23528
4.24411
4.24611
4.24106
4.24583
4.25437
4.26002
4.26309
4.26435
4.27175
4.27320
4.26796
4.26489
4.26238
4.26273
4.26547
4.26987
4.27533
4.27861
4.28254
4.28668
4.29089
4.29295
4.29295
4.29542
4.29737
4.30206
4.30268
4.30680
4.30798
4.31789
4.33577
4.33245
4.33103
4.33816
4.34123
4.33978
4.33917
4.34573
4.34918
4.34837
4.35208
4.34996
4.34939
4.35656
4.36009
4.35907
4.36193
4.37387
4.38267
4.38256
4.38005
4.38074
4.38552
4.39147
4.39686
4.39896
4.40134
4.40624
4.40788
4.41096
4.41510
