-0.00018
-0.00307
0.00604
-0.06301
0.02450
0.55523
0.64363
0.57610
0.58504
0.58009
0.58139
0.58283
0.58342
0.58510
0.58433
0.58302
0.58458
0.58364
0.58331
0.58657
0.58538
0.58489
0.58466
0.58372
0.58421
0.58671
0.58439
0.58525
0.58376
0.58652
0.59032
0.58735
0.58635
0.58942
0.58933
0.58890
0.58829
0.58748
0.58685
0.58968
0.59083
0.59086
0.58990
0.58878
0.58972
0.59108
0.59003
0.58913
0.59244
0.59413
0.59263
0.59153
0.59303
0.59262
0.58949
0.59162
0.59305
0.59276
0.59343
0.59359
0.59081
0.59338
0.59719
0.59398
0.59400
0.59583
0.59596
0.59677
0.59665
0.59616
0.59711
0.59722
0.59676
0.59794
0.59477
0.59586
0.59724
0.59549
0.59620
0.59882
0.59788
0.59807
0.59952
0.59905
0.59832
0.60071
0.59996
0.59976
0.60158
0.59966
0.59648
0.60152
0.60244
0.60059
0.60296
0.60167
0.60175
0.60354
0.60226
0.60252
