-0.00048
-0.00818
0.01641
-0.16876
0.07083
1.48238
1.66773
1.46282
1.50754
1.54379
1.57025
1.56391
1.56419
1.53198
1.50433
1.53744
1.53998
1.55948
1.53928
1.55279
1.58571
1.58539
1.60776
1.58928
1.57005
1.60427
1.62032
1.58572
1.57710
1.60647
1.59871
1.58543
1.57361
1.52429
1.53164
1.55656
1.65101
1.63959
1.68779
1.64329
1.57890
1.60819
1.62253
1.60923
1.62661
1.64441
1.64650
1.62030
1.61645
1.62084
1.63116
1.62460
1.58941
1.60121
1.61124
1.63938
1.69236
1.65116
1.63975
1.64371
1.64848
1.69765
1.69045
1.68312
1.66796
1.69640
1.69689
1.68329
1.66279
1.62805
1.65586
1.68092
1.62956
1.61137
1.67597
1.67709
1.61186
1.59152
1.62978
1.61028
1.64626
1.68498
1.64752
1.64869
1.66090
1.66122
1.66015
1.65504
1.67209
1.69029
1.70165
1.67202
1.62568
1.56914
1.57180
1.62301
1.63202
1.63405
1.62810
1.61742
