-0.00004
-0.00072
0.00143
-0.01490
0.00590
0.13045
0.14922
0.13855
0.15540
0.16935
0.16781
0.14529
0.14260
0.14124
0.14568
0.13519
0.13819
0.15762
0.13076
0.12421
0.14009
0.13116
0.13589
0.13340
0.13180
0.13739
0.15483
0.15111
0.14500
0.14160
0.14129
0.13976
0.13385
0.13454
0.14197
0.13333
0.14266
0.12728
0.12180
0.12612
0.12817
0.13298
0.13642
0.15036
0.15306
0.15660
0.14769
0.13751
0.13481
0.13033
0.12782
0.12688
0.12159
0.12729
0.13199
0.12690
0.14134
0.12992
0.12950
0.13814
0.13845
0.13844
0.13934
0.14574
0.13724
0.12807
0.12826
0.14353
0.14662
0.12370
0.11585
0.11515
0.12853
0.16174
0.14270
0.13134
0.13628
0.13764
0.13900
0.13521
0.12952
0.12253
0.13553
0.15279
0.12272
0.11562
0.13461
0.14586
0.13303
0.13706
0.13501
0.13655
0.13212
0.13663
0.15511
0.13369
0.12213
0.12069
0.11838
0.11880
