-0.00005
-0.00093
0.00188
-0.01925
0.00812
0.17002
0.18700
0.15961
0.17708
0.17764
0.16949
0.16888
0.15981
0.15769
0.16182
0.15969
0.16170
0.16359
0.16291
0.16042
0.16646
0.16939
0.17097
0.17228
0.16900
0.16745
0.16737
0.16837
0.17043
0.17232
0.16980
0.17014
0.16955
0.17074
0.17169
0.17318
0.16657
0.16167
0.16776
0.17265
0.17290
0.17294
0.17080
0.16441
0.16438
0.16085
0.15739
0.15961
0.15866
0.16087
0.16702
0.16862
0.17416
0.17418
0.17417
0.17355
0.16889
0.17081
0.17501
0.17510
0.17487
0.17791
0.18145
0.18302
0.18293
0.18416
0.18413
0.18765
0.18680
0.18337
0.18402
0.18198
0.18394
0.18890
0.18730
0.18519
0.18755
0.19159
0.19206
0.18810
0.18630
0.18581
0.18913
0.19308
0.19293
0.19186
0.19544
0.19314
0.19101
0.19189
0.19357
0.19458
0.19205
0.19580
0.19326
0.19443
0.19687
0.19476
0.19836
0.20357
