-0.00115
-0.01961
0.03865
-0.40273
0.15753
3.54894
4.10500
3.66121
3.71764
3.69838
3.69527
3.69266
3.68978
3.68798
3.68613
3.68583
3.68349
3.68251
3.68011
3.67441
3.67208
3.67417
3.67021
3.66738
3.66366
3.66284
3.66211
3.65955
3.65603
3.65563
3.65482
3.65107
3.64878
3.64645
3.64328
3.64338
3.64000
3.63827
3.63407
3.63076
3.63133
3.62992
3.62962
3.62509
3.62371
3.62279
3.62178
3.61869
3.61598
3.61460
3.61098
3.60994
3.61077
3.60808
3.60468
3.60346
3.59865
3.59786
3.59387
3.58940
3.58884
3.58535
3.58453
3.58393
3.58232
3.57728
3.57021
3.57282
3.57263
3.57166
3.57064
3.56732
3.56609
3.56183
3.55881
3.56031
3.55689
3.55226
3.55020
3.54932
3.55011
3.54493
3.54195
3.54246
3.53951
3.53614
3.53152
3.53093
3.52675
3.52474
3.52589
3.52209
3.52035
3.51859
3.51613
3.51514
3.51021
3.50604
3.50608
3.50260
