-0.00100
-0.01708
0.03367
-0.35080
0.13731
3.09125
3.57480
3.18821
3.23690
3.21838
3.21516
3.21361
3.21163
3.20924
3.20694
3.20729
3.20564
3.20436
3.20267
3.19832
3.19547
3.19602
3.19202
3.18838
3.18727
3.18635
3.18475
3.18189
3.17900
3.17874
3.17858
3.17549
3.17322
3.17059
3.16626
3.16570
3.16321
3.16127
3.15840
3.15593
3.15576
3.15434
3.15379
3.15174
3.14932
3.14690
3.14556
3.14387
3.14059
3.13799
3.13624
3.13515
3.13338
3.13248
3.12958
3.12936
3.12625
3.12386
3.12063
3.11765
3.11716
3.11403
3.11144
3.10803
3.10799
3.10487
3.09784
3.09950
3.09992
3.09859
3.09665
3.09338
3.09220
3.08843
3.08743
3.08910
3.08425
3.08070
3.07832
3.07652
3.07599
3.07267
3.06984
3.06975
3.06738
3.06455
3.06091
3.06025
3.05848
3.05544
3.05472
3.05099
3.04855
3.04805
3.04667
3.04444
3.04008
3.03677
3.03583
3.03309
