-0.00178
-0.03042
0.05990
-0.62458
0.24348
5.50461
6.37392
5.68971
5.78169
5.75488
5.75279
5.75245
5.75369
5.75511
5.75585
5.75742
5.75787
5.75926
5.76043
5.76075
5.76125
5.76288
5.76385
5.76359
5.76629
5.76726
5.76765
5.76975
5.77019
5.76985
5.77071
5.77138
5.77278
5.77485
5.77486
5.77717
5.77811
5.77786
5.78011
5.78043
5.78162
5.78303
5.78311
5.78609
5.78723
5.78857
5.78856
5.79056
5.79102
5.79026
5.79272
5.79362
5.79432
5.79526
5.79617
5.79761
5.79851
5.79837
5.79968
5.80048
5.80158
5.80246
5.80325
5.80509
5.80482
5.80571
5.80639
5.80775
5.80758
5.80867
5.81072
5.81055
5.81113
5.81258
5.81435
5.81557
5.81616
5.81752
5.81890
5.81963
5.82140
5.82133
5.82306
5.82474
5.82525
5.82659
5.82562
5.82700
5.82844
5.82754
5.82834
5.82977
5.83124
5.83110
5.83167
5.83457
5.83512
5.83481
5.83548
5.83446
