-0.00005
-0.00080
0.00157
-0.01642
0.00629
0.14494
0.16891
0.14912
0.15290
0.15885
0.15278
0.15045
0.15240
0.15453
0.15538
0.15304
0.15465
0.15208
0.15048
0.15218
0.15594
0.15080
0.14907
0.15260
0.15475
0.15244
0.15138
0.15232
0.15441
0.15724
0.15407
0.15498
0.15382
0.15278
0.15215
0.15134
0.14983
0.14756
0.15013
0.15213
0.15600
0.15836
0.15430
0.15609
0.15378
0.15090
0.15211
0.15345
0.15136
0.15383
0.15337
0.15323
0.15498
0.15176
0.15097
0.15170
0.15293
0.15346
0.15090
0.15258
0.15451
0.15351
0.15380
0.15558
0.15385
0.15171
0.15240
0.15293
0.15467
0.15620
0.16033
0.16238
0.15523
0.15245
0.15141
0.15335
0.15481
0.15720
0.15328
0.15254
0.15414
0.15336
0.15484
0.15421
0.15471
0.15469
0.15777
0.15532
0.15661
0.15578
0.15516
0.15330
0.15545
0.15367
0.15577
0.15567
0.15627
0.15384
0.15366
0.15479
