-0.00000
-0.00006
0.00004
-0.00090
-0.00119
0.01162
0.02426
0.00921
0.01323
0.03550
0.01853
0.02500
0.02803
0.04093
0.05400
0.01302
0.03015
0.05479
0.01279
0.01412
0.03219
0.01911
0.02948
0.02052
0.01100
0.01559
0.01570
0.01371
0.01052
0.01926
0.02694
0.01635
0.02216
0.01190
0.02813
0.04086
0.01832
0.02842
0.01655
0.02577
0.02584
0.02388
0.03145
0.03185
0.03297
0.01487
0.02308
0.02988
0.03619
0.04572
0.02036
0.00830
0.02971
0.06582
0.04593
0.04834
0.04480
0.02611
0.01868
0.03253
0.03946
0.03246
0.04273
0.02527
0.02267
0.03113
0.02562
0.02417
0.01677
0.02224
0.02740
0.02173
0.02454
0.02572
0.01671
0.02699
0.03600
0.02456
0.03989
0.04683
0.04043
0.03316
0.02266
0.02836
0.05775
0.02582
0.01424
0.02400
0.02429
0.01548
0.02056
0.04943
0.05825
0.01465
0.01724
0.06421
0.04872
0.03558
0.05199
0.02366
