-0.00001
-0.00015
0.00018
-0.00261
-0.00124
0.02864
0.04841
0.02675
0.02911
0.05107
0.03169
0.02485
0.02673
0.03530
0.04216
0.02625
0.02971
0.04523
0.03406
0.04548
0.03082
0.02418
0.02838
0.02798
0.03489
0.04588
0.03519
0.05165
0.03215
0.02485
0.03323
0.03031
0.03216
0.02957
0.03447
0.03564
0.02899
0.02685
0.02914
0.03456
0.02731
0.02726
0.03926
0.03852
0.03296
0.03263
0.04032
0.02750
0.03338
0.05549
0.03440
0.03246
0.02995
0.03254
0.05601
0.04434
0.03174
0.03609
0.03504
0.03069
0.04174
0.03904
0.03031
0.03462
0.04324
0.03463
0.04296
0.03852
0.03258
0.03511
0.03118
0.02865
0.03218
0.03811
0.03202
0.04004
0.03833
0.03115
0.03428
0.03867
0.03089
0.03058
0.03676
0.03052
0.03073
0.03445
0.03052
0.03225
0.03395
0.03159
0.03145
0.03460
0.04685
0.04477
0.04454
0.03985
0.03454
0.04101
0.04202
0.03036
