-0.00004
-0.00066
0.00126
-0.01330
0.00430
0.12031
0.14319
0.11663
0.11988
0.12805
0.12232
0.11338
0.12403
0.12949
0.12923
0.12281
0.11178
0.12601
0.12057
0.11300
0.12452
0.12544
0.13443
0.11985
0.10627
0.10976
0.11630
0.11790
0.12425
0.13962
0.12043
0.11275
0.12057
0.11729
0.12632
0.14083
0.12080
0.11908
0.12787
0.12157
0.11897
0.12932
0.11852
0.11874
0.11783
0.11979
0.12196
0.12731
0.12617
0.11705
0.13323
0.13815
0.12703
0.11444
0.12156
0.12635
0.11499
0.11555
0.11643
0.12657
0.12132
0.11616
0.11832
0.12421
0.11543
0.11528
0.11272
0.11313
0.11854
0.11794
0.11203
0.10550
0.10894
0.14546
0.12699
0.12148
0.11295
0.11691
0.13330
0.11463
0.12373
0.13773
0.10815
0.11901
0.13869
0.11386
0.11527
0.11325
0.11559
0.12212
0.11649
0.10979
0.11319
0.12282
0.11121
0.12034
0.13924
0.12762
0.11654
0.12170
