-0.00135
-0.02310
0.04545
-0.47413
0.18423
4.17968
4.84541
4.32376
4.39001
4.37259
4.36831
4.36795
4.36434
4.36569
4.36710
4.36493
4.36435
4.36279
4.35903
4.35981
4.36285
4.36208
4.36397
4.36230
4.36123
4.35933
4.35801
4.35536
4.36024
4.35772
4.35479
4.35921
4.35470
4.35191
4.35558
4.35724
4.35563
4.35167
4.35304
4.35862
4.35151
4.34733
4.35436
4.35545
4.34459
4.34527
4.35079
4.34850
4.34902
4.34511
4.34043
4.34292
4.34790
4.34726
4.34922
4.34419
4.33998
4.33989
4.33708
4.33840
4.33389
4.33335
4.33823
4.34036
4.33345
4.33192
4.33772
4.33562
4.33956
4.33724
4.33039
4.33284
4.33186
4.32648
4.32701
4.32556
4.33255
4.33626
4.33293
4.32447
4.32000
4.32858
4.33209
4.33076
4.32870
4.32867
4.32800
4.32845
4.32942
4.32680
4.32643
4.32733
4.32347
4.32132
4.31901
4.32062
4.32157
4.31916
4.31505
4.31658
