-0.00004
-0.00066
0.00135
-0.01371
0.00664
0.11732
0.12748
0.12252
0.12999
0.12756
0.12668
0.12958
0.11919
0.11820
0.11920
0.12759
0.13497
0.12903
0.11525
0.11391
0.12852
0.12446
0.13711
0.12919
0.12132
0.13404
0.13155
0.12108
0.12341
0.13221
0.13366
0.14249
0.12383
0.12954
0.12174
0.12330
0.13101
0.12981
0.13330
0.13133
0.12158
0.11887
0.13608
0.13042
0.11844
0.13545
0.12588
0.12693
0.13152
0.12678
0.12197
0.12784
0.12343
0.12315
0.12434
0.12291
0.12398
0.11880
0.13212
0.13044
0.12268
0.12151
0.13299
0.13593
0.12249
0.12659
0.12161
0.12290
0.12948
0.12801
0.12167
0.12353
0.12786
0.12381
0.12544
0.12229
0.11445
0.11740
0.12650
0.12701
0.11968
0.12074
0.12547
0.11986
0.12494
0.12811
0.12019
0.12384
0.12390
0.13382
0.13416
0.13193
0.12845
0.12166
0.11447
0.12698
0.12074
0.11850
0.11769
0.12060
