-0.00123
-0.02102
0.04134
-0.43143
0.16736
3.80375
4.41060
3.93763
4.00198
3.98342
3.98411
3.98364
3.98116
3.98126
3.98495
3.98767
3.98534
3.98542
3.99197
3.99536
3.99371
3.99618
3.99429
3.99755
4.00417
4.00534
4.00614
4.00633
4.00445
4.00266
4.00599
4.01049
4.01158
4.01038
4.01076
4.01079
4.01302
4.01495
4.01149
4.01135
4.00918
4.00631
4.01174
4.01757
4.01948
4.02465
4.02781
4.02528
4.02550
4.02976
4.03251
4.03652
4.04012
4.03942
4.03547
4.03453
4.03545
4.03753
4.03702
4.03520
4.03542
4.03913
4.04064
4.04016
4.03992
4.04112
4.04332
4.04258
4.04464
4.04510
4.04578
4.04988
4.05062
4.04739
4.05061
4.05196
4.05224
4.05442
4.05469
4.05754
4.05875
4.05669
4.06142
4.06344
4.06148
4.06088
4.06274
4.06435
4.06659
4.07037
4.06995
4.06896
4.06996
4.06941
4.07214
4.07519
4.07541
4.07593
4.07463
4.07840
