-0.00065
-0.01108
0.02208
-0.22830
0.09353
2.00647
2.28309
2.02416
2.06837
2.06580
2.06927
2.08465
2.08355
2.10493
2.11197
2.10106
2.09995
2.09141
2.06455
2.03287
2.03407
2.03702
2.04867
2.02779
1.99262
2.00151
2.00528
1.98947
1.99684
2.02608
2.04177
2.02784
1.99210
1.99990
2.02882
2.04656
2.03380
2.02286
2.08017
2.10150
2.13104
2.17764
2.11895
2.04725
2.04292
2.00875
2.00288
2.01665
2.03515
1.99135
1.97113
1.97137
1.94444
1.96417
2.00527
2.01797
2.00902
2.00730
2.01564
2.04144
2.04270
2.01675
2.01089
2.02569
2.03544
2.04601
2.01951
2.05097
2.05682
2.06084
2.05804
2.04036
2.04689
2.05165
2.05524
2.05665
2.01305
2.03146
2.03492
2.00016
2.00446
2.04150
2.02155
2.03124
2.05315
2.06100
2.04197
2.00961
2.00877
1.98931
2.01420
2.01737
2.00599
2.03539
2.02479
1.99281
2.00680
2.00158
2.01450
2.02201
