-0.00040
-0.00675
0.01333
-0.13869
0.05459
1.22200
1.40684
1.25654
1.29215
1.27538
1.26021
1.26526
1.28388
1.27904
1.27169
1.26857
1.30328
1.29417
1.28555
1.29951
1.30088
1.30474
1.32540
1.31243
1.28936
1.29457
1.29624
1.27624
1.26048
1.26593
1.26278
1.27780
1.28676
1.30047
1.27912
1.25614
1.27320
1.28653
1.28515
1.28218
1.27634
1.28681
1.27884
1.28038
1.28584
1.28365
1.29608
1.31176
1.31202
1.27767
1.28614
1.30653
1.28703
1.28174
1.27763
1.28832
1.30039
1.28587
1.28164
1.27231
1.28854
1.30985
1.28743
1.24822
1.24518
1.23807
1.23543
1.23839
1.24937
1.25973
1.24112
1.24606
1.24589
1.25035
1.24748
1.23205
1.25764
1.26162
1.23459
1.24687
1.26977
1.29868
1.27286
1.24312
1.25275
1.27268
1.27425
1.27723
1.29247
1.27546
1.25493
1.27747
1.27107
1.24196
1.24114
1.23756
1.24740
1.25924
1.25980
1.26205
