-0.00010
-0.00178
0.00352
-0.03664
0.01451
0.32265
0.37077
0.33125
0.34189
0.34126
0.33994
0.33815
0.33960
0.33916
0.33770
0.33754
0.33647
0.33531
0.33665
0.33674
0.33318
0.33333
0.33662
0.33569
0.33666
0.33718
0.33723
0.33701
0.33864
0.33923
0.33588
0.33581
0.33826
0.33694
0.33813
0.33674
0.33536
0.33604
0.33669
0.33696
0.33747
0.33605
0.33636
0.33785
0.33808
0.33655
0.33789
0.33770
0.33843
0.34015
0.33869
0.33818
0.33715
0.33810
0.33931
0.34141
0.34169
0.33919
0.33959
0.34128
0.34103
0.33770
0.33942
0.33993
0.33862
0.34080
0.34082
0.34048
0.33997
0.33919
0.33824
0.34080
0.34047
0.33943
0.33889
0.33811
0.33907
0.33960
0.33985
0.34045
0.34021
0.34179
0.34111
0.33874
0.33918
0.33929
0.33971
0.34067
0.34130
0.34147
0.34156
0.34070
0.34054
0.34104
0.34309
0.34191
0.33824
0.33817
0.34028
0.34020
