-0.00001
-0.00020
0.00038
-0.00409
0.00103
0.03751
0.04678
0.03592
0.04262
0.05219
0.03954
0.04694
0.04008
0.03758
0.04204
0.03842
0.03878
0.03735
0.03753
0.05555
0.04140
0.03739
0.04447
0.04790
0.04354
0.04443
0.03853
0.04285
0.03680
0.04092
0.05793
0.03940
0.03626
0.04107
0.04688
0.04763
0.04511
0.04997
0.04015
0.04030
0.05750
0.04570
0.03604
0.04217
0.03715
0.03745
0.04277
0.04326
0.04453
0.03886
0.03675
0.05195
0.04044
0.03591
0.04229
0.03687
0.04082
0.04305
0.04094
0.05202
0.04124
0.03571
0.04036
0.03959
0.04122
0.03917
0.03715
0.04360
0.03823
0.03684
0.03873
0.03351
0.03942
0.05326
0.05344
0.04485
0.04442
0.04226
0.05530
0.03884
0.03551
0.04363
0.04734
0.04079
0.03486
0.03623
0.03912
0.03601
0.04271
0.03750
0.03998
0.05334
0.04255
0.04354
0.04250
0.03918
0.04139
0.04145
0.04240
0.04622
