-0.00002
-0.00029
0.00057
-0.00598
0.00229
0.05277
0.06198
0.05488
0.05292
0.05291
0.05560
0.05741
0.05435
0.05443
0.05518
0.05220
0.05356
0.05438
0.05327
0.05344
0.05391
0.05274
0.05508
0.05569
0.05670
0.05544
0.05463
0.05598
0.05656
0.05483
0.05537
0.05580
0.05502
0.05571
0.05413
0.05717
0.05769
0.05512
0.05471
0.05405
0.05368
0.05538
0.05806
0.05604
0.05341
0.05567
0.05717
0.05647
0.05866
0.05640
0.05646
0.05957
0.05765
0.05733
0.05702
0.05458
0.05582
0.05634
0.05694
0.05894
0.05941
0.05663
0.05580
0.05854
0.05728
0.05717
0.05921
0.05697
0.05615
0.05671
0.05444
0.05584
0.05667
0.05249
0.05359
0.05665
0.05403
0.05561
0.05770
0.05716
0.05779
0.05855
0.05650
0.05613
0.05772
0.05708
0.05848
0.05895
0.05756
0.05674
0.05843
0.05915
0.05898
0.05760
0.05891
0.05804
0.05807
0.05974
0.05844
0.05792
