-0.00041
-0.00702
0.01384
-0.14413
0.05650
1.26997
1.46839
1.30832
1.32531
1.31936
1.31617
1.30839
1.31366
1.31871
1.30956
1.31777
1.32630
1.31965
1.31715
1.31430
1.31710
1.31528
1.31145
1.30459
1.30302
1.30574
1.32111
1.33030
1.33974
1.33586
1.32431
1.32660
1.32945
1.33496
1.33580
1.32336
1.32190
1.33652
1.32482
1.29265
1.29940
1.31339
1.31090
1.30092
1.30190
1.30237
1.30004
1.30175
1.30358
1.31001
1.30794
1.31986
1.30944
1.29156
1.29573
1.30149
1.31023
1.32935
1.33505
1.32164
1.31820
1.31840
1.31516
1.30993
1.30379
1.30159
1.32183
1.33306
1.31352
1.31076
1.31574
1.31042
1.31618
1.31831
1.31357
1.31817
1.32584
1.33247
1.32784
1.32167
1.32415
1.32584
1.32741
1.33752
1.35189
1.35284
1.33853
1.34283
1.33831
1.33893
1.37071
1.35435
1.34115
1.34296
1.33409
1.34492
1.33650
1.32476
1.31875
1.31624
