-0.00004
-0.00072
0.00144
-0.01488
0.00611
0.13053
0.14905
0.13370
0.13615
0.13523
0.13393
0.13453
0.13281
0.13433
0.13736
0.13758
0.13664
0.13536
0.13492
0.13771
0.13700
0.13632
0.13814
0.13924
0.13604
0.13257
0.13495
0.13494
0.13459
0.13536
0.13519
0.13618
0.13651
0.13707
0.13760
0.13738
0.13660
0.13707
0.13488
0.13600
0.13727
0.13667
0.13664
0.13698
0.13801
0.13864
0.13780
0.13740
0.13788
0.13864
0.13801
0.13895
0.13906
0.13878
0.13802
0.13769
0.13956
0.13827
0.13600
0.13671
0.13534
0.13567
0.13637
0.13690
0.13777
0.13716
0.13707
0.13879
0.13878
0.13761
0.13812
0.13793
0.13764
0.13788
0.13798
0.13660
0.13644
0.13713
0.13594
0.13577
0.13641
0.13671
0.13724
0.13833
0.13897
0.13933
0.13744
0.13592
0.13891
0.13917
0.13754
0.13818
0.13882
0.13702
0.13780
0.13849
0.13735
0.13567
0.13770
0.14011
