-0.00151
-0.02580
0.05079
-0.52973
0.20628
4.66927
5.40872
4.82599
4.90039
4.87780
4.87452
4.87407
4.87865
4.87862
4.87743
4.88082
4.87681
4.87696
4.88001
4.87892
4.88220
4.88284
4.88218
4.88575
4.88553
4.88346
4.88554
4.88457
4.88449
4.88697
4.88847
4.88947
4.89018
4.88892
4.88977
4.88991
4.89173
4.89493
4.89327
4.89125
4.89546
4.89888
4.89723
4.89723
4.89582
4.89739
4.89659
4.89961
4.89992
4.89886
4.89885
4.89982
4.90212
4.90297
4.89918
4.90053
4.90313
4.90472
4.90184
4.90163
4.90555
4.90531
4.90310
4.90794
4.90711
4.90669
4.90813
4.90987
4.90983
4.90822
4.90945
4.91071
4.91119
4.90955
4.90908
4.91472
4.91449
4.91009
4.91506
4.91668
4.91487
4.91624
4.91513
4.91693
4.91893
4.92211
4.92116
4.91888
4.92032
4.92069
4.92141
4.92072
4.92181
4.92359
4.92480
4.92457
4.92514
4.92338
4.92521
4.92745
