-0.00174
-0.02975
0.05861
-0.61095
0.23890
5.38270
6.22810
5.56381
5.65373
5.62405
5.62362
5.62635
5.62716
5.62078
5.61819
5.62094
5.62465
5.62493
5.62272
5.61751
5.62128
5.62485
5.62097
5.62155
5.62336
5.62125
5.61878
5.61664
5.61509
5.61154
5.61311
5.61414
5.61069
5.61017
5.61558
5.61088
5.60847
5.60970
5.60851
5.60542
5.60577
5.60249
5.60012
5.60417
5.60395
5.60633
5.60359
5.59598
5.60232
5.60176
5.59914
5.60120
5.59714
5.59917
5.59607
5.59381
5.59124
5.59371
5.59585
5.59308
5.59444
5.59371
5.58832
5.58653
5.58544
5.58817
5.58926
5.58672
5.58280
5.57763
5.57928
5.57876
5.57771
5.57953
5.57619
5.57827
5.57390
5.57604
5.57540
5.57250
5.57340
5.57527
5.57775
5.57638
5.57227
5.57124
5.57048
5.56798
5.56874
5.56450
5.56143
5.55806
5.56232
5.56463
5.56317
5.56142
5.55973
5.55577
5.55728
5.55787
