-0.00144
-0.02459
0.04844
-0.50490
0.19730
4.44905
5.14802
4.59558
4.66854
4.64314
4.64076
4.64086
4.64267
4.64055
4.63848
4.63812
4.64032
4.64261
4.64160
4.64145
4.64154
4.64630
4.64329
4.63923
4.64232
4.64366
4.63787
4.63834
4.64088
4.63853
4.63702
4.63678
4.63643
4.63651
4.63858
4.63509
4.63515
4.63887
4.63660
4.63391
4.63370
4.63431
4.63529
4.63516
4.63454
4.63652
4.63569
4.63169
4.63449
4.63626
4.63545
4.63307
4.63293
4.63394
4.63376
4.63085
4.63004
4.63087
4.63056
4.63074
4.63214
4.63161
4.63048
4.62930
4.62901
4.62928
4.62729
4.62812
4.63029
4.62972
4.62849
4.62667
4.62548
4.62724
4.62649
4.62730
4.62482
4.62433
4.62675
4.62538
4.62457
4.62354
4.62493
4.62340
4.62087
4.62125
4.62078
4.62283
4.62348
4.62098
4.62141
4.62074
4.62158
4.62297
4.62078
4.62077
4.62215
4.61984
4.61906
4.61740
