-0.00004
-0.00072
0.00141
-0.01478
0.00563
0.12987
0.15362
0.13994
0.13740
0.13554
0.12948
0.13344
0.14265
0.13268
0.12922
0.13510
0.13914
0.13787
0.13501
0.13272
0.13370
0.14196
0.14429
0.13936
0.14348
0.14317
0.12799
0.13223
0.13584
0.13375
0.14350
0.14247
0.14434
0.14024
0.13668
0.13341
0.13774
0.14079
0.13908
0.13676
0.13989
0.13805
0.13834
0.13965
0.14728
0.14131
0.13895
0.13662
0.13622
0.13483
0.13819
0.14394
0.14415
0.14045
0.14154
0.12910
0.13462
0.14005
0.13477
0.14130
0.13964
0.14242
0.13806
0.13965
0.14264
0.13414
0.14226
0.14544
0.13945
0.14279
0.14450
0.12965
0.14018
0.14300
0.14477
0.13660
0.12852
0.13605
0.13729
0.13761
0.13508
0.14099
0.13808
0.13519
0.14146
0.14631
0.13716
0.13406
0.13984
0.13210
0.12711
0.12377
0.13216
0.14115
0.14057
0.13852
0.14236
0.14473
0.14302
0.14415
