-0.00017
-0.00298
0.00588
-0.06121
0.02411
0.53901
0.62184
0.55568
0.56746
0.56532
0.56573
0.56368
0.55868
0.56287
0.56314
0.56635
0.56884
0.57167
0.57269
0.56988
0.57317
0.57603
0.57414
0.57830
0.57441
0.57351
0.57446
0.57514
0.57575
0.57309
0.57850
0.57953
0.57525
0.57755
0.58009
0.58305
0.58144
0.58115
0.58106
0.58019
0.58418
0.58536
0.58797
0.59167
0.58356
0.58024
0.58375
0.58316
0.58172
0.58506
0.58975
0.58544
0.58465
0.58597
0.58773
0.59038
0.58961
0.59026
0.59325
0.59207
0.58893
0.59460
0.59502
0.59264
0.59761
0.59890
0.59621
0.59539
0.59274
0.59423
0.59604
0.59739
0.59999
0.60012
0.59504
0.59909
0.60181
0.60347
0.60122
0.59802
0.60057
0.60298
0.60430
0.60343
0.60198
0.60224
0.60261
0.60502
0.60363
0.60434
0.60536
0.60231
0.60371
0.60607
0.60591
0.60668
0.60667
0.60764
0.60836
0.60538
