-0.00014
-0.00242
0.00479
-0.04980
0.01965
0.43855
0.50578
0.45102
0.45889
0.45729
0.45865
0.45964
0.45571
0.45644
0.46004
0.45888
0.45946
0.46409
0.46205
0.45991
0.46094
0.46124
0.46143
0.46258
0.46143
0.46388
0.46223
0.46373
0.46752
0.46170
0.46371
0.46650
0.46336
0.46401
0.46819
0.46581
0.46463
0.46407
0.46421
0.46483
0.46542
0.46825
0.46786
0.46728
0.46908
0.46888
0.46283
0.46387
0.46585
0.46541
0.46399
0.46362
0.46716
0.46688
0.46481
0.46761
0.46625
0.46421
0.46414
0.46489
0.46446
0.46302
0.46595
0.46996
0.46529
0.46267
0.46236
0.46225
0.46216
0.46549
0.46339
0.46554
0.46742
0.46615
0.46071
0.46008
0.46166
0.45990
0.46170
0.46145
0.46043
0.46094
0.45921
0.46084
0.46339
0.46138
0.46177
0.46069
0.46268
0.46260
0.46078
0.45837
0.45789
0.45620
0.45444
0.45390
0.45574
0.45715
0.45579
0.45646
