-0.00004
-0.00069
0.00134
-0.01414
0.00495
0.12560
0.14823
0.13531
0.14415
0.13305
0.12569
0.12940
0.13786
0.13443
0.13304
0.14072
0.12969
0.12045
0.12073
0.12528
0.12169
0.12108
0.11877
0.11769
0.12154
0.11747
0.11834
0.11699
0.11693
0.12258
0.11719
0.11367
0.11923
0.11503
0.11156
0.11740
0.11726
0.11188
0.11114
0.11459
0.11701
0.11577
0.11182
0.10994
0.11128
0.11655
0.11727
0.11347
0.11854
0.11884
0.11114
0.10988
0.11111
0.11328
0.11341
0.11044
0.10977
0.10869
0.10864
0.11070
0.11070
0.10916
0.10926
0.11269
0.11360
0.11772
0.11787
0.12228
0.11198
0.10978
0.11053
0.11003
0.10928
0.11481
0.12554
0.11406
0.11267
0.11140
0.11020
0.11029
0.11527
0.11496
0.11509
0.11178
0.10952
0.11018
0.11068
0.11092
0.11255
0.11191
0.11354
0.11713
0.11568
0.11111
0.11219
0.11939
0.11355
0.11250
0.11507
0.11396
