-0.00064
-0.01096
0.02132
-0.22466
0.08379
1.97680
2.33807
2.14847
2.16757
2.13995
2.13624
2.13285
2.18193
2.21518
2.16911
2.15355
2.15484
2.11012
2.07406
2.11372
2.10810
2.11829
2.04286
1.99832
2.02644
2.02954
2.08739
2.09926
2.10700
2.08740
2.01316
2.05046
2.19666
2.15143
2.11828
2.09563
2.09206
2.08026
2.07460
2.11663
2.15486
2.15633
2.08704
2.02011
2.06961
2.16122
2.18625
2.19024
2.16741
2.12782
2.08630
2.08802
2.12637
2.14653
2.15114
2.11793
2.08060
2.05267
2.05414
2.08642
2.09418
2.06942
2.07512
2.07207
2.04365
2.05150
2.03715
2.05627
2.09310
2.08868
2.09424
2.05080
1.99742
2.02699
2.03356
2.05129
2.03558
2.02696
2.04663
2.04615
2.03946
2.02159
2.02079
2.05873
2.10397
2.09032
2.10485
2.14340
2.14526
2.12068
2.11173
2.14475
2.07797
2.03607
2.09717
2.06936
2.08346
2.13410
2.10935
2.08149
