-0.00008
-0.00130
0.00258
-0.02661
0.01057
0.23654
0.26653
0.22655
0.23750
0.22675
0.21580
0.21223
0.21740
0.22205
0.24523
0.27445
0.30197
0.31763
0.33677
0.33559
0.34169
0.35350
0.35002
0.35704
0.37099
0.36626
0.36209
0.37014
0.37526
0.37649
0.37845
0.38522
0.38855
0.38787
0.38554
0.38931
0.39381
0.39188
0.38788
0.39410
0.40219
0.40291
0.40258
0.40276
0.41147
0.40867
0.41014
0.41589
0.40986
0.41308
0.41791
0.42000
0.42738
0.42588
0.42391
0.42452
0.42858
0.42679
0.42944
0.43324
0.43164
0.43395
0.43377
0.43479
0.43979
0.44181
0.43847
0.44163
0.44573
0.44452
0.44281
0.44093
0.44361
0.44361
0.44457
0.44445
0.44326
0.44740
0.44778
0.44767
0.45015
0.44993
0.45061
0.45790
0.45730
0.45434
0.45967
0.45897
0.45658
0.45325
0.45633
0.46472
0.46065
0.45698
0.45575
0.46626
0.46482
0.45925
0.46205
0.46843
