-0.00149
-0.02538
0.04999
-0.52116
0.20331
4.59310
5.31752
4.74537
4.81901
4.79392
4.79090
4.78913
4.78755
4.78684
4.78660
4.78526
4.78354
4.78158
4.77800
4.77635
4.77532
4.77497
4.77506
4.77416
4.77573
4.77575
4.77542
4.77576
4.77421
4.77292
4.77288
4.77300
4.77158
4.77155
4.77371
4.77339
4.77397
4.77379
4.77148
4.77118
4.77081
4.76973
4.76893
4.76712
4.76681
4.76531
4.76250
4.75997
4.75865
4.75761
4.75572
4.75497
4.75390
4.75216
4.74951
4.74603
4.74473
4.74319
4.74080
4.73970
4.73865
4.73848
4.73703
4.73551
4.73372
4.73239
4.73162
4.72879
4.72697
4.72665
4.72456
4.72387
4.72284
4.72002
4.71859
4.71753
4.71622
4.71407
4.71280
4.71212
4.71097
4.70996
4.70853
4.70746
4.70597
4.70361
4.70260
4.70207
4.70100
4.69944
4.69746
4.69619
4.69506
4.69405
4.69213
4.68991
4.68964
4.68780
4.68629
4.68591
