-0.00039
-0.00666
0.01311
-0.13667
0.05332
1.20458
1.39446
1.24344
1.26215
1.25597
1.25472
1.25527
1.25556
1.25467
1.25416
1.25421
1.25491
1.25392
1.25297
1.25229
1.25246
1.25165
1.25157
1.25069
1.25100
1.25118
1.25087
1.25036
1.25001
1.24985
1.25030
1.25053
1.24938
1.24953
1.25046
1.25065
1.24950
1.24890
1.24890
1.24818
1.24799
1.24744
1.24770
1.24821
1.24889
1.24813
1.24826
1.24749
1.24706
1.24755
1.24700
1.24660
1.24615
1.24592
1.24530
1.24442
1.24432
1.24414
1.24330
1.24367
1.24279
1.24215
1.24238
1.24155
1.24153
1.24167
1.24098
1.24000
1.24071
1.24069
1.23876
1.23819
1.23787
1.23765
1.23736
1.23708
1.23694
1.23606
1.23532
1.23498
1.23459
1.23426
1.23274
1.23204
1.23379
1.23319
1.23153
1.23237
1.23131
1.23038
1.23170
1.23033
1.22955
1.22855
1.22787
1.22681
1.22712
1.22642
1.22591
1.22627
