-0.00189
-0.03223
0.06347
-0.66170
0.25828
5.83087
6.74959
6.02754
6.12624
6.09542
6.09274
6.09633
6.09685
6.09734
6.09940
6.09924
6.10079
6.10018
6.10177
6.10273
6.10069
6.09987
6.10005
6.10193
6.10649
6.10777
6.10959
6.11153
6.11254
6.11362
6.11373
6.11456
6.11355
6.11709
6.12097
6.12304
6.12436
6.12495
6.12628
6.12790
6.12681
6.12833
6.12850
6.12709
6.12853
6.12908
6.13042
6.13068
6.12932
6.13164
6.13182
6.13150
6.13233
6.13158
6.13229
6.13286
6.13224
6.13219
6.13262
6.13337
6.13314
6.13332
6.13494
6.13491
6.13440
6.13278
6.12848
6.12526
6.12461
6.12570
6.12675
6.12719
6.12797
6.12923
6.13129
6.12913
6.13035
6.13175
6.13289
6.13362
6.13297
6.13399
6.13445
6.13344
6.13357
6.13355
6.13414
6.13416
6.13387
6.13515
6.13427
6.13434
6.13523
6.13360
6.13430
6.13411
6.13445
6.13491
6.13329
6.13617
