-0.00207
-0.03532
0.06956
-0.72524
0.28297
6.39127
7.39893
6.60522
6.71205
6.68015
6.67719
6.68026
6.68180
6.68212
6.68115
6.68174
6.68799
6.68861
6.69018
6.69250
6.69004
6.68735
6.68641
6.68929
6.69228
6.69641
6.69747
6.69526
6.69639
6.69789
6.69824
6.70016
6.69978
6.69933
6.70591
6.70635
6.70672
6.70643
6.70242
6.70194
6.70719
6.71071
6.71247
6.71405
6.71537
6.71713
6.71881
6.71679
6.71796
6.71890
6.71931
6.71940
6.72102
6.72458
6.72752
6.72860
6.72740
6.72780
6.72728
6.72663
6.72741
6.72949
6.73022
6.73025
6.73254
6.73307
6.73447
6.73395
6.72861
6.72423
6.72942
6.73523
6.73817
6.73880
6.73848
6.73832
6.74118
6.74190
6.73523
6.73405
6.73815
6.73830
6.74033
6.74339
6.74396
6.74676
6.75061
6.75130
6.75038
6.75114
6.75356
6.75563
6.75607
6.75693
6.75645
6.75802
6.75898
6.75811
6.76224
6.76287
