-0.00003
-0.00055
0.00109
-0.01135
0.00448
0.09987
0.11548
0.10298
0.10334
0.10453
0.10693
0.10426
0.10326
0.10300
0.10447
0.10913
0.10438
0.10322
0.10315
0.10374
0.10701
0.10748
0.10434
0.10368
0.10626
0.10410
0.10336
0.10399
0.10248
0.10369
0.10753
0.10785
0.10407
0.10468
0.10586
0.10763
0.10724
0.10580
0.10547
0.10393
0.10528
0.10750
0.10367
0.10291
0.10456
0.10502
0.10406
0.10177
0.10383
0.10487
0.10383
0.10805
0.10421
0.10277
0.10636
0.10608
0.10500
0.10175
0.10297
0.10647
0.11012
0.10401
0.10160
0.10260
0.10321
0.10566
0.10375
0.10416
0.10207
0.10157
0.10495
0.10796
0.10511
0.10331
0.10206
0.10240
0.10361
0.10227
0.10275
0.10343
0.10183
0.10085
0.10316
0.10227
0.10143
0.10837
0.10835
0.10229
0.10034
0.10174
0.10111
0.10255
0.10310
0.10259
0.10171
0.10205
0.10293
0.10426
0.10281
0.10484
