-0.00003
-0.00047
0.00093
-0.00963
0.00385
0.08478
0.09634
0.08725
0.09300
0.08805
0.08355
0.09014
0.10317
0.09241
0.09663
0.09224
0.08703
0.08856
0.08728
0.08663
0.08814
0.09235
0.08832
0.08919
0.08918
0.09095
0.08763
0.08860
0.08961
0.09152
0.08919
0.08754
0.08837
0.08827
0.08820
0.08720
0.08585
0.08640
0.08844
0.08949
0.08703
0.08671
0.08903
0.08643
0.08817
0.08710
0.08674
0.08984
0.08868
0.08549
0.08542
0.08701
0.08993
0.08834
0.08813
0.08883
0.08901
0.09583
0.09187
0.08628
0.08641
0.08930
0.08580
0.08636
0.08847
0.08940
0.08799
0.08662
0.08942
0.08922
0.08698
0.08755
0.08856
0.08962
0.09170
0.08842
0.08718
0.08851
0.09178
0.08694
0.08604
0.09128
0.09205
0.08616
0.08565
0.08625
0.08657
0.08672
0.08666
0.08834
0.08611
0.08573
0.08654
0.08646
0.08498
0.08732
0.08995
0.08609
0.08650
0.08625
