-0.00002
-0.00038
0.00077
-0.00789
0.00341
0.06885
0.07761
0.06944
0.06914
0.06996
0.06749
0.07359
0.08857
0.07468
0.07761
0.07416
0.06967
0.07471
0.06999
0.07237
0.07912
0.07146
0.06866
0.06951
0.07072
0.07312
0.07623
0.07085
0.07132
0.07049
0.07573
0.07422
0.06975
0.07237
0.07046
0.07002
0.06985
0.06886
0.07196
0.07195
0.07029
0.07407
0.07015
0.06783
0.07040
0.07271
0.06842
0.07005
0.07040
0.06845
0.06962
0.07676
0.06995
0.06804
0.07042
0.07087
0.07015
0.07024
0.07071
0.08071
0.07152
0.06962
0.07420
0.07302
0.06813
0.07245
0.06911
0.06716
0.06790
0.06952
0.06956
0.08192
0.08407
0.06905
0.06606
0.07192
0.07295
0.06755
0.06599
0.06577
0.06403
0.07191
0.08217
0.06883
0.06364
0.06990
0.07978
0.06998
0.07371
0.06828
0.06646
0.06749
0.06667
0.06566
0.06515
0.06952
0.07875
0.06949
0.06512
0.06397
