-0.00127
-0.02176
0.04286
-0.44675
0.17458
3.93724
4.55461
4.06201
4.12798
4.10594
4.10063
4.09985
4.09771
4.09686
4.09382
4.09357
4.09709
4.09390
4.08850
4.08856
4.08529
4.08743
4.08691
4.08674
4.08029
4.07711
4.07219
4.07154
4.07520
4.07496
4.07285
4.06912
4.06902
4.07113
4.06631
4.06568
4.06221
4.05947
4.06019
4.06094
4.05268
4.05379
4.05651
4.05252
4.04516
4.04996
4.05637
4.04707
4.04177
4.04021
4.04351
4.03936
4.04025
4.03830
4.03490
4.03104
4.02869
4.03147
4.03061
4.02987
4.02604
4.02413
4.02231
4.01577
4.01798
4.01856
4.01311
4.01535
4.02013
4.01515
4.01322
4.00629
4.00479
4.00795
4.00628
4.00055
3.99778
4.00013
3.99910
3.99601
3.99642
3.98895
3.99112
3.99088
3.99398
3.99520
3.98874
3.98291
3.98289
3.97914
3.97974
3.97769
3.97714
3.97617
3.97203
3.97325
3.96952
3.96100
3.96371
3.96473
