-0.00228
-0.03897
0.07674
-0.80016
0.31211
7.05184
8.16429
7.28762
7.40342
7.36612
7.36315
7.36359
7.36359
7.36284
7.36392
7.36380
7.36333
7.36394
7.36393
7.36378
7.36396
7.36450
7.36427
7.36403
7.36434
7.36413
7.36388
7.36392
7.36380
7.36403
7.36383
7.36414
7.36372
7.36350
7.36379
7.36386
7.36388
7.36398
7.36410
7.36406
7.36401
7.36399
7.36370
7.36351
7.36337
7.36339
7.36346
7.36341
7.36370
7.36404
7.36457
7.36446
7.36407
7.36411
7.36412
7.36424
7.36389
7.36379
7.36384
7.36376
7.36397
7.36356
7.36396
7.36434
7.36397
7.36384
7.36390
7.36441
7.36396
7.36360
7.36408
7.36384
7.36369
7.36376
7.36377
7.36386
7.36395
7.36425
7.36422
7.36431
7.36431
7.36453
7.36416
7.36339
7.36420
7.36402
7.36400
7.36427
7.36402
7.36418
7.36436
7.36410
7.36396
7.36352
7.36399
7.36367
7.36312
7.36305
7.36326
7.36401
