-0.00061
-0.01044
0.02055
-0.21436
0.08344
1.88948
2.18844
1.95283
1.98601
1.98225
1.98643
1.98571
1.98883
1.99160
1.99266
1.99641
1.99742
1.99853
2.00511
2.01205
2.01394
2.01647
2.01977
2.02431
2.02708
2.02708
2.02884
2.03568
2.03729
2.03285
2.03587
2.04137
2.04473
2.04840
2.05430
2.05911
2.05832
2.05742
2.06095
2.06478
2.06658
2.06641
2.06960
2.07357
2.07391
2.07654
2.07725
2.07973
2.08125
2.08461
2.08833
2.09171
2.09788
2.10029
2.10057
2.10356
2.10692
2.11049
2.11557
2.11496
2.11347
2.12098
2.12498
2.12684
2.12912
2.13099
2.13281
2.13509
2.13639
2.13646
2.14151
2.14104
2.14462
2.14906
2.15244
2.15124
2.15616
2.16109
2.15908
2.16204
2.16559
2.16877
2.17106
2.17179
2.17284
2.17573
2.17919
2.18390
2.18836
2.18768
2.18924
2.19187
2.19655
2.20585
2.20812
2.20966
2.21324
2.21409
2.21535
2.21615
