-0.00049
-0.00843
0.01648
-0.17289
0.06555
1.52270
1.78574
1.62209
1.64740
1.61192
1.58248
1.59633
1.58711
1.60959
1.62871
1.63631
1.66542
1.69028
1.63377
1.56359
1.57648
1.57292
1.55110
1.52964
1.52219
1.54967
1.55518
1.52102
1.54233
1.63337
1.61786
1.59093
1.57694
1.54629
1.52316
1.50634
1.53728
1.57573
1.57045
1.54758
1.55742
1.59917
1.60444
1.58426
1.62697
1.62377
1.61256
1.61603
1.63041
1.61096
1.59123
1.57753
1.54371
1.55371
1.56223
1.56091
1.56008
1.54964
1.51837
1.54854
1.61224
1.56277
1.52451
1.54564
1.56469
1.54756
1.55111
1.55687
1.56862
1.60046
1.57959
1.60753
1.60108
1.59270
1.58179
1.61734
1.58161
1.55848
1.60980
1.62339
1.61288
1.59473
1.59888
1.61095
1.61829
1.62157
1.61390
1.58708
1.56263
1.61399
1.62554
1.61134
1.58140
1.50667
1.50797
1.51214
1.51160
1.53015
1.57067
1.58370
