-0.00097
-0.01652
0.03255
-0.33928
0.13249
2.99014
3.46078
3.08616
3.13143
3.11598
3.11267
3.11002
3.10907
3.10627
3.10296
3.10144
3.10190
3.10012
3.09459
3.08896
3.08881
3.08810
3.08529
3.07910
3.07442
3.07469
3.07309
3.07130
3.06998
3.06659
3.06567
3.06172
3.05900
3.05829
3.05505
3.05292
3.05036
3.04605
3.04556
3.04352
3.04053
3.03922
3.03917
3.03612
3.03372
3.03156
3.03034
3.03029
3.02852
3.02448
3.02052
3.01864
3.01599
3.01323
3.01369
3.01135
3.00634
3.00255
2.99795
2.99350
2.99521
2.99555
2.98995
2.98797
2.98800
2.98548
2.98180
2.97880
2.97749
2.97326
2.96960
2.96931
2.96745
2.96467
2.96130
2.95716
2.95200
2.95114
2.94968
2.94626
2.94337
2.94074
2.93988
2.93596
2.93305
2.93135
2.92909
2.92781
2.92557
2.92321
2.91928
2.91870
2.91884
2.91455
2.91212
2.91155
2.90821
2.90320
2.89972
2.89957
