-0.00142
-0.02431
0.04784
-0.49897
0.19420
4.39761
5.09510
4.55103
4.62612
4.60673
4.60817
4.60808
4.60722
4.60820
4.60310
4.61183
4.61217
4.61359
4.61562
4.61058
4.61004
4.61364
4.61059
4.61212
4.61132
4.61335
4.61495
4.61683
4.61941
4.62396
4.62373
4.62408
4.62604
4.62814
4.62689
4.62559
4.62989
4.62981
4.63114
4.63487
4.63437
4.63114
4.63784
4.63865
4.63052
4.62652
4.63484
4.63526
4.63272
4.62542
4.62305
4.62494
4.63496
4.63644
4.63319
4.63270
4.63740
4.64022
4.63053
4.63335
4.64005
4.63321
4.63614
4.62936
4.64133
4.64519
4.64344
4.64088
4.64670
4.64288
4.64561
4.65230
4.64474
4.64059
4.64418
4.64687
4.64364
4.64570
4.64774
4.64630
4.65056
4.65637
4.65404
4.65365
4.65856
4.65876
4.65735
4.65768
4.65587
4.65509
4.64975
4.64763
4.65191
4.65161
4.64491
4.64940
4.64928
4.64554
4.64307
4.64464
