-0.00183
-0.03123
0.06150
-0.64124
0.25020
5.65089
6.54206
5.84083
5.93385
5.90561
5.90573
5.90644
5.90792
5.90848
5.90904
5.91002
5.91075
5.91211
5.91323
5.91497
5.91601
5.91660
5.91777
5.91912
5.91974
5.92015
5.92080
5.92233
5.92483
5.92564
5.92548
5.92680
5.92808
5.92862
5.92973
5.93077
5.93123
5.93180
5.93329
5.93442
5.93475
5.93569
5.93744
5.93905
5.93908
5.94083
5.94086
5.94142
5.94349
5.94358
5.94435
5.94523
5.94735
5.94786
5.94810
5.94790
5.94863
5.95012
5.95113
5.95150
5.95305
5.95403
5.95524
5.95536
5.95652
5.95843
5.95837
5.95933
5.96053
5.96201
5.96271
5.96315
5.96459
5.96433
5.96450
5.96653
5.96684
5.96892
5.96971
5.97032
5.97166
5.97156
5.97224
5.97362
5.97429
5.97565
5.97587
5.97654
5.97711
5.97781
5.97851
5.97995
5.98180
5.98259
5.98270
5.98345
5.98364
5.98695
5.98803
5.98755
