-0.00032
-0.00551
0.01083
-0.11308
0.04367
0.99793
1.15820
1.02993
1.04352
1.03396
1.02823
1.03553
1.05197
1.06483
1.05147
1.03482
1.03438
1.05996
1.07117
1.06151
1.06848
1.07042
1.05163
1.04041
1.04976
1.06924
1.07151
1.05425
1.05328
1.05286
1.03905
1.04414
1.06816
1.07294
1.06311
1.06984
1.07518
1.08232
1.07639
1.06974
1.07070
1.07699
1.05309
1.05034
1.07075
1.06837
1.03009
1.02606
1.04674
1.03570
1.04682
1.09051
1.10126
1.09646
1.08494
1.09877
1.11017
1.10677
1.10619
1.09871
1.10301
1.11436
1.11876
1.12635
1.11752
1.11172
1.10577
1.10974
1.11293
1.11337
1.11001
1.10539
1.11924
1.12926
1.11657
1.08466
1.07777
1.09164
1.07862
1.09169
1.13033
1.12539
1.11727
1.12963
1.11523
1.10265
1.11464
1.10988
1.08181
1.08055
1.09155
1.09452
1.05793
1.07399
1.09335
1.09952
1.10332
1.11130
1.14189
1.14723
