-0.00018
-0.00307
0.00606
-0.06309
0.02484
0.55550
0.64119
0.57282
0.58385
0.58216
0.58274
0.58438
0.58380
0.58724
0.58906
0.58884
0.58994
0.58929
0.59029
0.59029
0.58992
0.59065
0.59266
0.59398
0.59400
0.59539
0.59607
0.59640
0.59722
0.59962
0.59848
0.60200
0.60253
0.59880
0.60017
0.60373
0.60543
0.60577
0.60697
0.60989
0.60721
0.60654
0.60747
0.61049
0.60904
0.61254
0.61012
0.60760
0.61221
0.61118
0.60788
0.61130
0.61247
0.61186
0.61769
0.62123
0.61479
0.61844
0.62017
0.61771
0.61689
0.62203
0.62460
0.62092
0.62073
0.62248
0.62321
0.62674
0.62511
0.62796
0.62703
0.62563
0.62681
0.62958
0.62943
0.63053
0.62923
0.63048
0.63176
0.63226
0.62836
0.63044
0.63635
0.63044
0.63394
0.63923
0.63476
0.63862
0.63925
0.63609
0.64243
0.64423
0.64348
0.64010
0.63747
0.63982
0.64350
0.64183
0.64698
0.64611
