-0.00104
-0.01770
0.03479
-0.36315
0.14056
3.20266
3.71508
3.31403
3.36813
3.35393
3.35790
3.35603
3.35242
3.35628
3.36184
3.36234
3.35759
3.35875
3.36710
3.36664
3.36317
3.36275
3.37159
3.37671
3.38173
3.37323
3.37274
3.37982
3.37947
3.38672
3.39642
3.39269
3.39167
3.39648
3.39648
3.39643
3.39791
3.39183
3.40238
3.40532
3.40349
3.40811
3.41226
3.41442
3.41899
3.41433
3.41908
3.42460
3.42550
3.42761
3.42915
3.43016
3.42751
3.43149
3.43319
3.43202
3.43241
3.43619
3.43599
3.43512
3.44272
3.44256
3.44428
3.44711
3.44902
3.44692
3.44945
3.45001
3.45519
3.45660
3.45454
3.45686
3.46075
3.46099
3.45996
3.46167
3.46602
3.47055
3.47301
3.47412
3.47819
3.47516
3.47260
3.46688
3.46681
3.48202
3.48206
3.47447
3.48126
3.48512
3.48645
3.48465
3.48718
3.48121
3.48619
3.48882
3.48945
3.48416
3.48676
3.49097
