-0.00001
-0.00021
0.00041
-0.00422
0.00132
0.03990
0.04342
0.02497
0.03496
0.04306
0.03469
0.04077
0.05035
0.03106
0.02997
0.03919
0.02516
0.03461
0.04659
0.03679
0.03464
0.03270
0.03218
0.04213
0.05358
0.03345
0.04003
0.04190
0.03361
0.02834
0.03448
0.03693
0.03546
0.04648
0.04956
0.04574
0.03684
0.02964
0.04504
0.03860
0.03704
0.04167
0.03962
0.03444
0.03772
0.04468
0.03611
0.04909
0.03684
0.02501
0.03423
0.04497
0.03497
0.02900
0.03397
0.04231
0.03734
0.02504
0.03177
0.03732
0.04841
0.03393
0.03259
0.04509
0.03035
0.03715
0.05558
0.04852
0.04439
0.03607
0.03413
0.04826
0.03150
0.04110
0.05106
0.04199
0.03506
0.02131
0.03177
0.05474
0.03765
0.04389
0.04682
0.03405
0.03883
0.03643
0.03157
0.03874
0.04421
0.03347
0.03274
0.04455
0.07338
0.07342
0.05278
0.04206
0.03763
0.04656
0.03374
0.03228
