-0.00002
-0.00043
0.00081
-0.00859
0.00243
0.07912
0.09386
0.07246
0.08281
0.08618
0.08075
0.08731
0.08793
0.08506
0.08086
0.08573
0.07868
0.07699
0.07880
0.08565
0.08606
0.07963
0.07540
0.07683
0.08598
0.08045
0.08262
0.07977
0.08565
0.08868
0.08598
0.07475
0.07595
0.08738
0.08347
0.08286
0.08740
0.07435
0.07941
0.07616
0.07869
0.07618
0.06366
0.07674
0.08750
0.08472
0.08039
0.07657
0.08736
0.07850
0.07974
0.08632
0.08812
0.07331
0.07826
0.08454
0.08097
0.08037
0.08774
0.07979
0.08381
0.07840
0.07864
0.09091
0.08735
0.09129
0.08753
0.08190
0.08318
0.07090
0.09020
0.09098
0.06916
0.06994
0.07269
0.07802
0.09313
0.08195
0.08315
0.07282
0.07785
0.07682
0.08221
0.08988
0.08728
0.07919
0.08135
0.08441
0.07687
0.07479
0.08352
0.07874
0.08036
0.08976
0.08022
0.07096
0.08500
0.09903
0.08587
0.08922
