-0.00097
-0.01660
0.03269
-0.34090
0.13285
3.00391
3.47878
3.10934
3.16509
3.15464
3.15766
3.16103
3.16283
3.16308
3.16268
3.16472
3.16135
3.16032
3.16540
3.16661
3.17005
3.17354
3.17602
3.18325
3.18685
3.18719
3.18601
3.18987
3.19637
3.20123
3.20563
3.20874
3.21180
3.21738
3.22276
3.21784
3.21016
3.20503
3.20520
3.21091
3.21667
3.22415
3.23070
3.24540
3.25165
3.22914
3.28958
3.37899
3.33431
3.29624
3.29307
3.30982
3.29995
3.30791
3.28394
3.26716
3.26765
3.25652
3.25382
3.25741
3.26044
3.26271
3.26189
3.26686
3.27184
3.27432
3.27471
3.27527
3.27761
3.27894
3.27992
3.28250
3.28510
3.29061
3.29519
3.29546
3.29735
3.30305
3.30266
3.29889
3.30004
3.30823
3.31318
3.31291
3.31373
3.30906
3.33323
3.42272
3.49934
3.47028
3.49577
3.41654
3.36778
3.35694
3.31193
3.30425
3.30084
3.29501
3.30020
3.30128
