-0.00021
-0.00361
0.00711
-0.07419
0.02897
0.65342
0.75663
0.67776
0.69075
0.68961
0.69008
0.68898
0.69051
0.69217
0.68776
0.68606
0.68912
0.68975
0.69214
0.69158
0.69114
0.69369
0.69526
0.69504
0.69630
0.69574
0.69684
0.69670
0.69662
0.69523
0.69494
0.69541
0.69035
0.69355
0.69599
0.69574
0.69861
0.69746
0.69625
0.69854
0.69893
0.69977
0.70023
0.70138
0.70106
0.70034
0.70203
0.70272
0.69652
0.69166
0.69278
0.69650
0.69495
0.68603
0.68310
0.68747
0.69428
0.68663
0.67998
0.67875
0.66795
0.66512
0.67078
0.67724
0.68090
0.68026
0.67823
0.68008
0.68319
0.68544
0.69053
0.69333
0.69362
0.69694
0.69702
0.69763
0.69974
0.70002
0.69465
0.69187
0.69194
0.68772
0.67586
0.67308
0.68244
0.68954
0.68727
0.68384
0.68694
0.67543
0.67689
0.68935
0.69613
0.69752
0.68941
0.68059
0.68208
0.69151
0.68350
0.68176
