-0.00001
-0.00019
0.00037
-0.00394
0.00133
0.03510
0.04088
0.03688
0.04618
0.04737
0.03773
0.03518
0.03722
0.04559
0.05115
0.04662
0.04197
0.03703
0.04022
0.04257
0.04383
0.05137
0.04125
0.04097
0.05618
0.03977
0.03444
0.03945
0.04074
0.03691
0.03634
0.04181
0.04416
0.04043
0.03875
0.04204
0.04913
0.04092
0.03744
0.04327
0.04404
0.03810
0.03831
0.03973
0.03705
0.04005
0.05091
0.03862
0.03816
0.05578
0.05201
0.04705
0.03987
0.03918
0.03894
0.03854
0.04303
0.04007
0.04412
0.04249
0.04371
0.04795
0.04177
0.04483
0.04000
0.04050
0.04015
0.04189
0.03878
0.03789
0.04377
0.04358
0.03758
0.04378
0.05297
0.04156
0.04516
0.04703
0.03948
0.03753
0.03808
0.04302
0.05014
0.04482
0.03924
0.03859
0.04116
0.04095
0.03852
0.03907
0.04037
0.04392
0.04968
0.03766
0.03991
0.05574
0.04295
0.04125
0.04335
0.04520
