-0.00176
-0.02998
0.05907
-0.61571
0.24079
5.42433
6.27630
5.60777
5.69804
5.66910
5.67051
5.67405
5.67786
5.67449
5.67457
5.67701
5.68241
5.68664
5.68120
5.68058
5.68508
5.68542
5.68985
5.69072
5.69074
5.69100
5.69236
5.69438
5.69689
5.69956
5.70396
5.70317
5.70367
5.70262
5.70611
5.70722
5.69921
5.70399
5.71053
5.70964
5.71269
5.71402
5.71943
5.71771
5.71673
5.72281
5.72296
5.72182
5.72021
5.72005
5.73126
5.73572
5.73449
5.73768
5.73518
5.74057
5.74360
5.74942
5.74824
5.74562
5.74072
5.73542
5.74434
5.74348
5.74124
5.75090
5.74891
5.74758
5.75030
5.75457
5.75968
5.75114
5.75451
5.76452
5.76053
5.75837
5.75972
5.76780
5.76970
5.76529
5.76814
5.76582
5.76741
5.77450
5.77397
5.77113
5.76972
5.77648
5.78025
5.78030
5.78144
5.78713
5.78823
5.78512
5.78534
5.78751
5.78925
5.79251
5.78757
5.79296
