-0.00066
-0.01134
0.02232
-0.23280
0.09073
2.05102
2.37621
2.12631
2.16307
2.15288
2.15000
2.15338
2.16054
2.16049
2.16288
2.16411
2.16584
2.16954
2.17008
2.17029
2.17440
2.17709
2.17667
2.18214
2.18666
2.18607
2.18618
2.18945
2.19031
2.19258
2.19723
2.19885
2.20004
2.19889
2.19452
2.20103
2.20296
2.20261
2.20888
2.20957
2.21340
2.22076
2.21970
2.21843
2.22003
2.22212
2.22573
2.22639
2.22628
2.22953
2.23811
2.24172
2.24183
2.24457
2.24378
2.24582
2.24935
2.25388
2.25580
2.25895
2.25722
2.25425
2.25978
2.26241
2.26451
2.26923
2.26826
2.26675
2.26652
2.26809
2.27629
2.27630
2.27404
2.28080
2.28368
2.28341
2.28583
2.29321
2.29435
2.29093
2.29706
2.29549
2.29474
2.29998
2.30604
2.30205
2.30423
2.30948
2.30776
2.31155
2.31640
2.31584
2.31996
2.32401
2.32269
2.32382
2.32318
2.32792
2.32922
2.32959
