-0.00057
-0.00970
0.01912
-0.19906
0.07749
1.75816
2.02645
1.79391
1.83057
1.80538
1.83846
1.82981
1.78709
1.79193
1.80818
1.80982
1.75545
1.74716
1.79540
1.80340
1.79199
1.79569
1.79991
1.75395
1.79384
1.81843
1.81080
1.83949
1.82831
1.79045
1.78224
1.80749
1.83211
1.83242
1.83292
1.85370
1.86231
1.85873
1.83709
1.83764
1.85301
1.81087
1.79663
1.84354
1.84767
1.81986
1.82151
1.85580
1.86252
1.85789
1.80439
1.78988
1.78040
1.75639
1.76593
1.79257
1.79780
1.75878
1.74777
1.75917
1.83122
1.92384
1.88471
1.87300
1.87461
1.83406
1.86376
1.86859
1.86820
1.86047
1.82185
1.87919
1.89363
1.81590
1.84441
1.89158
1.84890
1.83391
1.85779
1.87750
1.86533
1.89256
1.91629
1.88711
1.86893
1.91578
1.91420
1.87206
1.87849
1.84161
1.83629
1.83828
1.84500
1.83250
1.84469
1.88834
1.89310
1.88827
1.91443
1.89827
