-0.00125
-0.02138
0.04209
-0.43890
0.17089
3.86902
4.48143
3.99635
4.05677
4.03809
4.03713
4.03560
4.03424
4.03700
4.03926
4.03932
4.04012
4.04051
4.03725
4.03703
4.04055
4.04107
4.03450
4.03748
4.03741
4.03561
4.03357
4.03375
4.03235
4.03211
4.03486
4.03385
4.03374
4.03440
4.03236
4.03249
4.03171
4.03583
4.03372
4.03505
4.03692
4.03140
4.02992
4.03023
4.02951
4.02901
4.02887
4.02750
4.02766
4.02538
4.03088
4.03286
4.02832
4.03051
4.02895
4.03155
4.03224
4.02773
4.03000
4.02986
4.02466
4.02488
4.02546
4.02562
4.02438
4.02246
4.02017
4.02333
4.02159
4.01675
4.01480
4.01812
4.02125
4.01543
4.01451
4.01898
4.02229
4.02231
4.02011
4.01875
4.01997
4.02303
4.02131
4.02455
4.02297
4.01842
4.01731
4.01575
4.01612
4.01450
4.01288
4.01268
4.01576
4.01526
4.01570
4.01549
4.01492
4.01333
4.01508
4.01359
