-0.00146
-0.02496
0.04917
-0.51251
0.20013
4.51658
5.22633
4.66362
4.74105
4.72503
4.73361
4.73650
4.73897
4.74101
4.73952
4.74168
4.74241
4.74205
4.74854
4.75013
4.75705
4.76658
4.76591
4.76264
4.76332
4.76536
4.77008
4.76453
4.76550
4.76783
4.77351
4.77558
4.77335
4.77432
4.77699
4.78121
4.78297
4.78391
4.78555
4.78635
4.78670
4.78875
4.79183
4.79497
4.79555
4.79585
4.79962
4.80247
4.80391
4.80439
4.80779
4.81333
4.81940
4.82155
4.81773
4.82022
4.82454
4.82317
4.82161
4.82306
4.82874
4.82846
4.82816
4.83314
4.83516
4.83647
4.84266
4.84680
4.84845
4.85166
4.85550
4.85883
4.86139
4.86387
4.86356
4.86788
4.86880
4.86344
4.86659
4.87448
4.87595
4.87334
4.87547
4.88455
4.88657
4.89033
4.89116
4.89365
4.89769
4.89611
4.89414
4.89288
4.89617
4.89999
4.90062
4.90212
4.90324
4.91138
4.91749
4.92266
