-0.00135
-0.02313
0.04555
-0.47496
0.18534
4.18499
4.84576
4.32995
4.39998
4.37896
4.37689
4.37322
4.37025
4.37167
4.36992
4.36680
4.36829
4.37338
4.37174
4.36881
4.37116
4.37204
4.36888
4.36628
4.37050
4.36986
4.36998
4.37098
4.36750
4.36750
4.36492
4.36250
4.36624
4.36107
4.36552
4.37111
4.37094
4.37027
4.36742
4.36928
4.36720
4.36720
4.37069
4.36584
4.36405
4.36657
4.36419
4.36518
4.36841
4.36446
4.36196
4.36820
4.37312
4.36930
4.36976
4.36898
4.36698
4.36480
4.36303
4.36542
4.36627
4.36289
4.36587
4.36345
4.36177
4.36266
4.36244
4.36101
4.36313
4.36609
4.36419
4.36342
4.36243
4.36296
4.36257
4.36025
4.35701
4.35912
4.36220
4.36182
4.35966
4.36019
4.36224
4.36199
4.36124
4.36184
4.36267
4.36165
4.36058
4.36319
4.36355
4.36338
4.36383
4.36352
4.36358
4.36117
4.36308
4.36174
4.36077
4.36126
