-0.00048
-0.00818
0.01611
-0.16791
0.06523
1.48294
1.71679
1.51618
1.51897
1.48917
1.50009
1.52692
1.53289
1.54533
1.56830
1.56929
1.56484
1.54834
1.55388
1.55542
1.55973
1.55790
1.54652
1.55243
1.54677
1.53697
1.55440
1.55960
1.56076
1.57008
1.57149
1.57191
1.57342
1.58356
1.57775
1.53895
1.53562
1.55064
1.57310
1.57421
1.55934
1.55077
1.55614
1.56793
1.56072
1.55817
1.56877
1.56078
1.56527
1.58355
1.58739
1.56568
1.53640
1.52008
1.53165
1.54283
1.54473
1.54748
1.55930
1.57344
1.56046
1.56643
1.56153
1.56525
1.56649
1.57972
1.57598
1.57984
1.57369
1.55964
1.57294
1.57406
1.57328
1.56620
1.57702
1.58700
1.58918
1.58420
1.58094
1.58762
1.58293
1.56952
1.56602
1.55182
1.55491
1.55435
1.54671
1.56172
1.54549
1.52523
1.53061
1.53447
1.53324
1.53864
1.53779
1.54542
1.53942
1.53576
1.52533
1.53052
