-0.00100
-0.01714
0.03376
-0.35194
0.13750
3.10070
3.59014
3.20633
3.25313
3.24071
3.23858
3.23516
3.23173
3.23114
3.23226
3.22737
3.22708
3.23112
3.22819
3.22342
3.22666
3.22935
3.22530
3.22396
3.22636
3.22264
3.22540
3.22385
3.21976
3.21843
3.21704
3.21427
3.21563
3.21592
3.21921
3.21592
3.21232
3.21229
3.21203
3.21024
3.20970
3.21365
3.21391
3.20894
3.20619
3.20675
3.20463
3.20660
3.20755
3.20379
3.20355
3.20066
3.20340
3.19629
3.19763
3.20060
3.19717
3.19802
3.19112
3.19066
3.19181
3.19251
3.19148
3.18840
3.18735
3.18731
3.18513
3.18519
3.18624
3.18336
3.18212
3.18138
3.18076
3.18062
3.17932
3.17784
3.17340
3.17142
3.17179
3.17065
3.16965
3.17270
3.17026
3.16866
3.17273
3.17268
3.17075
3.16819
3.16657
3.16457
3.16522
3.16263
3.16426
3.16466
3.16268
3.16026
3.15668
3.15779
3.15428
3.15417
