-0.00110
-0.01870
0.03684
-0.38402
0.15003
3.38410
3.91588
3.49527
3.55012
3.52770
3.52435
3.52601
3.52640
3.52211
3.52175
3.51827
3.51880
3.51719
3.51491
3.51236
3.51597
3.51147
3.50551
3.50672
3.50471
3.50022
3.50136
3.49863
3.49368
3.49751
3.49474
3.49255
3.49266
3.48473
3.48177
3.48508
3.48274
3.48188
3.47898
3.47665
3.47370
3.47183
3.46990
3.46764
3.46706
3.47112
3.46462
3.46028
3.45954
3.46216
3.45351
3.44981
3.44779
3.45034
3.45085
3.44374
3.44094
3.44183
3.43760
3.43806
3.43596
3.43620
3.43069
3.43274
3.42718
3.41667
3.42269
3.42328
3.41300
3.41457
3.42169
3.41902
3.41506
3.41459
3.41653
3.41496
3.41418
3.41337
3.41115
3.41287
3.40683
3.39975
3.40092
3.39963
3.39540
3.39427
3.39260
3.39217
3.39108
3.38871
3.38068
3.38050
3.38335
3.38289
3.37923
3.37951
3.37679
3.37476
3.37281
3.36819
