-0.00001
-0.00018
0.00031
-0.00352
0.00036
0.03368
0.04439
0.03401
0.04029
0.04018
0.03923
0.05448
0.04188
0.03811
0.04192
0.03742
0.04373
0.04361
0.03970
0.03586
0.04239
0.04959
0.03795
0.03247
0.04262
0.05057
0.04752
0.03935
0.04772
0.06336
0.04330
0.05009
0.05293
0.05070
0.06830
0.06037
0.04101
0.04360
0.04420
0.05381
0.05798
0.03896
0.03313
0.04674
0.05034
0.03863
0.03699
0.03736
0.03531
0.03205
0.02908
0.04229
0.05553
0.05023
0.04651
0.03710
0.04681
0.04153
0.04547
0.04188
0.03911
0.03809
0.04670
0.05087
0.04221
0.03808
0.03640
0.03713
0.03991
0.03922
0.02642
0.03317
0.04046
0.03448
0.04553
0.04217
0.03182
0.03117
0.03027
0.03371
0.04011
0.04332
0.03476
0.03927
0.04720
0.04504
0.03823
0.03707
0.04846
0.04963
0.04662
0.03915
0.02868
0.03629
0.03473
0.03420
0.04111
0.03940
0.03269
0.03319
