-0.00014
-0.00238
0.00468
-0.04885
0.01899
0.43074
0.49941
0.44479
0.45069
0.44939
0.44860
0.44926
0.44624
0.44394
0.44397
0.43855
0.43767
0.44091
0.43989
0.43871
0.43762
0.43606
0.44002
0.44132
0.44182
0.44193
0.43928
0.44208
0.44118
0.44058
0.44682
0.44598
0.44375
0.44272
0.44426
0.44160
0.44248
0.44110
0.44173
0.44174
0.43928
0.43398
0.43122
0.42942
0.42523
0.42425
0.42252
0.42292
0.41767
0.41326
0.41696
0.41399
0.41117
0.41429
0.41725
0.40988
0.41371
0.41805
0.41040
0.40670
0.40866
0.40631
0.40050
0.39594
0.39877
0.40505
0.41076
0.40910
0.41056
0.41575
0.41009
0.39990
0.40014
0.39921
0.39681
0.40007
0.39575
0.38946
0.38927
0.38763
0.39241
0.39611
0.39493
0.38827
0.39029
0.39559
0.39716
0.39822
0.40249
0.40268
0.40368
0.40523
0.40788
0.40535
0.40305
0.40486
0.40541
0.40526
0.40542
0.40399
