-0.00108
-0.01848
0.03655
-0.37968
0.15039
3.34819
3.85050
3.39819
3.44086
3.39856
3.36949
3.45201
3.53024
3.52269
3.51189
3.51993
3.52866
3.52586
3.53216
3.53678
3.53219
3.53741
3.52895
3.50527
3.48701
3.46647
3.43054
3.32155
3.17789
3.08098
2.94754
2.89737
2.90064
2.89508
2.89559
2.89505
2.88974
2.90187
2.92589
2.92079
2.91739
2.90040
2.87482
3.12401
3.51663
3.57400
3.53553
3.53386
3.56644
3.46228
3.03703
2.85096
2.93170
2.87330
2.85007
2.86196
2.84561
2.84738
2.92406
3.02726
3.25389
3.49204
3.48212
3.39088
3.43889
3.38346
3.15866
3.24362
3.17984
2.72810
2.78652
3.36914
3.38858
2.92087
2.98431
3.26501
3.42453
3.43508
3.29534
3.25618
3.43451
3.39653
3.23526
3.19920
3.22461
3.22223
3.20737
3.20309
3.24728
3.24830
3.18714
3.17983
3.20184
3.20368
3.19806
3.19286
3.19187
3.18329
3.16579
3.18027
