-0.00047
-0.00806
0.01588
-0.16549
0.06470
1.45829
1.68727
1.50548
1.52768
1.51900
1.51872
1.51796
1.51834
1.51704
1.51473
1.51398
1.51341
1.51112
1.51006
1.51184
1.51023
1.50852
1.50751
1.50518
1.50407
1.50403
1.50369
1.50375
1.50228
1.50000
1.49946
1.49819
1.49729
1.49628
1.49661
1.49648
1.49511
1.49205
1.48950
1.48898
1.48932
1.48779
1.48732
1.48607
1.48683
1.48679
1.48463
1.48323
1.48401
1.48164
1.47974
1.47885
1.47863
1.47592
1.47462
1.47326
1.47309
1.47310
1.47083
1.47072
1.47144
1.47038
1.46866
1.46743
1.46550
1.46384
1.46510
1.46333
1.46211
1.46190
1.46050
1.45870
1.45720
1.45682
1.45690
1.45581
1.45455
1.45225
1.45094
1.45089
1.44970
1.44811
1.44795
1.44796
1.44750
1.44522
1.44360
1.44405
1.44149
1.43902
1.44175
1.43997
1.43754
1.43725
1.43731
1.43443
1.43310
1.43205
1.43107
1.43127
