-0.00183
-0.03133
0.06170
-0.64323
0.25106
5.66840
6.56208
5.85712
5.94694
5.91717
5.91409
5.91361
5.91316
5.91151
5.91049
5.90825
5.90690
5.90636
5.90652
5.90636
5.90659
5.90678
5.90731
5.90249
5.89822
5.89640
5.89620
5.89650
5.89735
5.89536
5.89262
5.89246
5.89210
5.89058
5.88919
5.88732
5.88593
5.88562
5.88432
5.88233
5.88059
5.88081
5.87873
5.87719
5.87825
5.87390
5.87280
5.87370
5.87296
5.87015
5.86890
5.86824
5.86600
5.86545
5.86544
5.86199
5.85901
5.85832
5.85931
5.85795
5.85486
5.85559
5.85651
5.85513
5.85616
5.85088
5.84791
5.84906
5.84785
5.84546
5.84034
5.83985
5.84071
5.83947
5.84031
5.83918
5.83816
5.83499
5.83301
5.83306
5.83229
5.83147
5.82879
5.82844
5.82824
5.82542
5.82465
5.82391
5.82280
5.82088
5.82035
5.81899
5.81635
5.81664
5.81703
5.81329
5.81208
5.80942
5.80742
5.80771
