-0.00001
-0.00019
0.00037
-0.00391
0.00136
0.03470
0.04163
0.03732
0.03803
0.03708
0.03697
0.04173
0.03872
0.03769
0.03642
0.03847
0.03860
0.04012
0.03753
0.03657
0.03782
0.03774
0.04275
0.04115
0.03623
0.03541
0.03889
0.04615
0.03746
0.03691
0.03662
0.03557
0.03636
0.03682
0.03669
0.03682
0.03603
0.03648
0.03926
0.03798
0.03702
0.03802
0.03657
0.03713
0.04047
0.03712
0.03607
0.03542
0.03599
0.03853
0.03988
0.03762
0.03911
0.03832
0.03564
0.03486
0.03710
0.04053
0.03666
0.03636
0.03343
0.03282
0.03619
0.03654
0.03487
0.03453
0.03684
0.04223
0.04078
0.03621
0.03527
0.03276
0.03778
0.05055
0.03963
0.03373
0.03629
0.03509
0.03450
0.03480
0.03413
0.03558
0.03636
0.03486
0.03520
0.03634
0.03470
0.03561
0.03936
0.03562
0.03441
0.03403
0.03328
0.03509
0.03845
0.03578
0.04155
0.03685
0.03456
0.03480
