-0.00007
-0.00115
0.00226
-0.02354
0.00911
0.20822
0.24024
0.21083
0.21422
0.21126
0.21268
0.21507
0.21562
0.21629
0.21537
0.21541
0.21515
0.21623
0.21587
0.21307
0.21519
0.21500
0.21022
0.21094
0.21626
0.21261
0.21306
0.21779
0.21405
0.21356
0.21577
0.21541
0.21760
0.21890
0.21854
0.21995
0.21551
0.21356
0.21551
0.21635
0.21385
0.21639
0.21778
0.21606
0.21634
0.21620
0.21635
0.21909
0.21778
0.21635
0.21806
0.21719
0.21786
0.21772
0.21803
0.21852
0.21738
0.21933
0.21674
0.21619
0.21941
0.21743
0.21579
0.21401
0.21441
0.21445
0.21332
0.21691
0.21799
0.21697
0.21931
0.21786
0.21656
0.21317
0.21514
0.21908
0.21793
0.21524
0.21622
0.21723
0.21766
0.21747
0.21945
0.21780
0.21752
0.21854
0.21827
0.21488
0.21774
0.22049
0.21975
0.21950
0.21607
0.21619
0.21706
0.21733
0.21537
0.21615
0.21640
0.21368
