-0.00011
-0.00194
0.00385
-0.03999
0.01607
0.35103
0.40483
0.36422
0.36498
0.36337
0.36600
0.36801
0.36866
0.36612
0.36584
0.37013
0.36329
0.36147
0.36245
0.36572
0.36785
0.36889
0.36488
0.36407
0.36736
0.36750
0.36466
0.36467
0.36593
0.36541
0.36676
0.36697
0.36721
0.36554
0.36400
0.36474
0.36741
0.36537
0.36500
0.37224
0.37223
0.37001
0.37004
0.36564
0.36668
0.37316
0.36906
0.36606
0.36763
0.36606
0.36676
0.36631
0.36546
0.36817
0.36708
0.37067
0.36964
0.36706
0.37567
0.36919
0.36324
0.36705
0.36723
0.36901
0.36823
0.36954
0.36868
0.36537
0.36634
0.36877
0.37006
0.37345
0.36781
0.37000
0.37279
0.37327
0.37294
0.36627
0.36747
0.37270
0.37181
0.36910
0.36526
0.36671
0.36623
0.37017
0.37015
0.36613
0.37160
0.37198
0.36491
0.37129
0.37344
0.36935
0.36926
0.36934
0.37004
0.36978
0.37110
0.36959
