-0.00001
-0.00024
0.00045
-0.00484
0.00140
0.04407
0.05357
0.04510
0.04492
0.04208
0.04603
0.04433
0.04117
0.04540
0.04937
0.04755
0.04221
0.04267
0.04478
0.04068
0.04510
0.04332
0.03799
0.04061
0.04438
0.04407
0.04577
0.04654
0.04471
0.04244
0.04361
0.04567
0.04605
0.04685
0.04246
0.04429
0.04341
0.04599
0.04383
0.04309
0.04183
0.04367
0.04297
0.04240
0.04571
0.04636
0.04548
0.04564
0.04627
0.04616
0.04498
0.04317
0.04688
0.04633
0.04163
0.04407
0.04589
0.04837
0.05431
0.04768
0.04383
0.04549
0.04520
0.04565
0.04272
0.04634
0.04732
0.04234
0.04465
0.04594
0.04593
0.04529
0.04309
0.04339
0.04361
0.04419
0.05025
0.04858
0.04658
0.05022
0.04983
0.04339
0.04541
0.04584
0.03934
0.04362
0.04658
0.04623
0.04655
0.04528
0.05072
0.05279
0.05273
0.05240
0.04863
0.04730
0.04727
0.04795
0.04573
0.04784
