-0.00247
-0.04225
0.08319
-0.86734
0.33835
7.64386
8.84898
7.89932
8.02630
7.98412
7.98237
7.98219
7.98096
7.98257
7.98224
7.98218
7.98224
7.98181
7.98156
7.98053
7.98184
7.98255
7.98020
7.98033
7.98201
7.98112
7.98151
7.98370
7.98147
7.98120
7.98178
7.98231
7.98182
7.98075
7.98189
7.98288
7.98222
7.98233
7.98219
7.98212
7.98081
7.98104
7.98142
7.98107
7.98199
7.98189
7.98047
7.98118
7.98206
7.98253
7.98238
7.98205
7.98062
7.98165
7.98333
7.98275
7.98173
7.98108
7.98145
7.98061
7.98075
7.98077
7.98080
7.98082
7.98140
7.98163
7.98160
7.98100
7.98149
7.98247
7.98218
7.98147
7.98227
7.98190
7.98143
7.98077
7.98122
7.98204
7.98100
7.97973
7.98216
7.98353
7.98230
7.98176
7.98107
7.98144
7.98203
7.98161
7.98143
7.98131
7.98130
7.98093
7.98209
7.98128
7.98101
7.98345
7.98236
7.98216
7.98187
7.98107
