-0.00001
-0.00011
0.00017
-0.00205
-0.00013
0.02042
0.02636
0.02345
0.03394
0.02980
0.03705
0.02765
0.04066
0.02488
0.01997
0.02080
0.02708
0.02590
0.02087
0.02189
0.02294
0.03316
0.02438
0.02495
0.02361
0.02592
0.01988
0.02570
0.03611
0.02611
0.03339
0.04465
0.03515
0.02190
0.01909
0.02143
0.02162
0.02340
0.04467
0.03663
0.02375
0.02539
0.03081
0.01928
0.01598
0.03172
0.04183
0.02261
0.01530
0.01887
0.02568
0.01564
0.02548
0.05788
0.02573
0.01600
0.02689
0.02746
0.02312
0.01834
0.01863
0.02181
0.02041
0.01525
0.02527
0.04652
0.02549
0.03267
0.03840
0.02758
0.04226
0.02020
0.02089
0.03871
0.02074
0.01748
0.02848
0.02811
0.03879
0.02513
0.01624
0.03709
0.04673
0.02461
0.02468
0.03549
0.02882
0.03574
0.02134
0.02978
0.04145
0.02070
0.02470
0.04528
0.02004
0.01688
0.04133
0.03927
0.03840
0.02425
