-0.00038
-0.00656
0.01293
-0.13477
0.05267
1.18765
1.37374
1.22622
1.24660
1.23991
1.24141
1.24026
1.24158
1.24024
1.24141
1.24011
1.23985
1.24126
1.24017
1.23776
1.23867
1.23914
1.23988
1.23839
1.23819
1.23860
1.23925
1.23908
1.24014
1.24016
1.24038
1.24199
1.23913
1.24235
1.24246
1.24148
1.24367
1.24002
1.23620
1.24066
1.24310
1.24165
1.24063
1.24148
1.24121
1.23934
1.24207
1.24327
1.24041
1.23975
1.24324
1.24154
1.24100
1.24441
1.24153
1.24227
1.24304
1.24241
1.24245
1.24152
1.24179
1.24104
1.24194
1.24214
1.24001
1.24266
1.24250
1.24145
1.24142
1.24279
1.24259
1.24210
1.24164
1.24039
1.24216
1.24234
1.24148
1.24152
1.24377
1.24259
1.24230
1.24333
1.24430
1.24376
1.24244
1.24239
1.24291
1.24348
1.24339
1.24405
1.24392
1.24275
1.24391
1.24473
1.24458
1.24304
1.24207
1.24374
1.24406
1.24267
