-0.00033
-0.00555
0.01094
-0.11406
0.04461
1.00496
1.16349
1.03836
1.04974
1.04427
1.04940
1.05064
1.05002
1.04976
1.05157
1.05269
1.04994
1.05069
1.05563
1.05340
1.04979
1.05020
1.05412
1.05345
1.05314
1.05570
1.05477
1.04925
1.04616
1.05059
1.05233
1.05386
1.05080
1.05067
1.05189
1.05292
1.05333
1.05506
1.04890
1.05244
1.05437
1.05119
1.05643
1.05800
1.05381
1.05196
1.05459
1.05287
1.05213
1.05740
1.05417
1.05098
1.05079
1.05080
1.05791
1.05465
1.05072
1.05233
1.05426
1.05335
1.05114
1.05254
1.05589
1.05512
1.05444
1.05913
1.06155
1.05118
1.05192
1.05471
1.05574
1.05680
1.05318
1.05685
1.05345
1.05371
1.05297
1.05326
1.05853
1.05890
1.05510
1.05343
1.05859
1.06017
1.05496
1.05425
1.05654
1.05708
1.05816
1.05600
1.05610
1.05933
1.05752
1.05330
1.05717
1.06426
1.05761
1.05794
1.05814
1.05786
