-0.00192
-0.03281
0.06459
-0.67359
0.26257
5.93629
6.87480
6.13870
6.23667
6.20780
6.20685
6.20843
6.21072
6.21177
6.21337
6.21513
6.21628
6.21708
6.21799
6.22025
6.22104
6.22270
6.22515
6.22645
6.22845
6.22913
6.23028
6.23149
6.23247
6.23373
6.23468
6.23654
6.23777
6.23932
6.24151
6.24219
6.24420
6.24593
6.24639
6.24882
6.24978
6.25211
6.25381
6.25404
6.25620
6.25688
6.25825
6.26031
6.26249
6.26402
6.26393
6.26549
6.26722
6.26828
6.26994
6.27092
6.27299
6.27408
6.27450
6.27634
6.27797
6.27957
6.28095
6.28167
6.28349
6.28399
6.28498
6.28661
6.28746
6.28906
6.29004
6.29186
6.29319
6.29391
6.29613
6.29701
6.29913
6.30013
6.30094
6.30350
6.30424
6.30580
6.30663
6.30701
6.30901
6.30993
6.31158
6.31262
6.31308
6.31570
6.31637
6.31731
6.31877
6.31961
6.32155
6.32190
6.32433
6.32608
6.32636
6.32860
