-0.00063
-0.01081
0.02146
-0.22224
0.08861
1.96206
2.23179
1.95843
2.06767
2.07422
2.01292
1.98376
2.03971
2.09350
2.06201
2.06964
2.04965
2.00049
2.01185
2.04451
2.01192
1.94648
2.00698
2.14874
2.12720
2.04397
2.08717
2.12139
2.13576
2.11637
2.11381
2.09589
2.09809
2.08325
2.04047
2.07291
2.10209
2.10223
2.07235
2.03683
1.97589
2.00698
2.04945
2.08380
2.05092
2.05047
2.07529
2.08204
2.06321
2.08101
2.07022
2.05604
2.08261
2.06154
2.03607
2.05751
2.05117
2.03596
2.03825
2.03338
2.04614
2.04998
2.02536
2.07529
2.14756
2.08489
2.00855
1.98614
2.05134
2.12298
2.07088
2.05614
2.08753
2.09660
2.05575
2.12284
2.17449
2.14059
2.14505
2.15866
2.14359
2.14900
2.14262
2.08491
2.08680
2.06390
2.06240
2.12059
2.19067
2.18834
2.17667
2.19663
2.16810
2.11035
2.11239
2.14998
2.13876
2.11792
2.10473
2.09422
