-0.00023
-0.00386
0.00760
-0.07931
0.03076
0.69946
0.81106
0.72236
0.73254
0.72862
0.72732
0.72774
0.72757
0.72680
0.72696
0.72726
0.72649
0.72355
0.72494
0.72434
0.72235
0.72260
0.72162
0.72107
0.72180
0.72135
0.72061
0.72076
0.72028
0.71987
0.72050
0.71968
0.71836
0.71700
0.71767
0.71681
0.71585
0.71586
0.71625
0.71669
0.71578
0.71473
0.71357
0.71348
0.71428
0.71294
0.71183
0.71139
0.71195
0.71107
0.71072
0.71035
0.70958
0.70947
0.70873
0.70814
0.70884
0.70779
0.70807
0.70678
0.70565
0.70544
0.70520
0.70594
0.70681
0.70388
0.70405
0.70355
0.70193
0.70131
0.70152
0.70145
0.70136
0.70054
0.70047
0.69984
0.69879
0.69822
0.69693
0.69834
0.69825
0.69654
0.69534
0.69495
0.69522
0.69416
0.69392
0.69301
0.69179
0.69351
0.69353
0.69265
0.69265
0.69323
0.69264
0.69079
0.68949
0.69159
0.69144
0.68780
