-0.00052
-0.00881
0.01716
-0.18021
0.06674
1.59581
1.87500
1.65967
1.67313
1.66768
1.65197
1.64910
1.65016
1.69484
1.73276
1.73567
1.76286
1.76860
1.74064
1.70520
1.70650
1.69803
1.66430
1.66146
1.66008
1.65095
1.65797
1.71666
1.74686
1.71466
1.70517
1.72059
1.72590
1.70362
1.68776
1.65364
1.63453
1.61859
1.62512
1.68348
1.71019
1.70442
1.67101
1.62108
1.62596
1.63692
1.64287
1.63299
1.63433
1.70236
1.70796
1.65678
1.62150
1.61613
1.61600
1.63286
1.62579
1.63862
1.64599
1.62871
1.61158
1.60103
1.62008
1.63607
1.64851
1.65763
1.65123
1.65452
1.65046
1.70368
1.73202
1.66410
1.63683
1.64673
1.65528
1.63677
1.63688
1.64349
1.64051
1.64321
1.64791
1.64567
1.64316
1.64363
1.66701
1.66925
1.65516
1.66212
1.63242
1.62693
1.60976
1.56341
1.58395
1.62442
1.60690
1.61883
1.64315
1.61544
1.62854
1.67716
