-0.00128
-0.02184
0.04298
-0.44834
0.17448
3.95162
4.57781
4.08827
4.15835
4.14076
4.14011
4.14428
4.14417
4.14273
4.14435
4.14797
4.15084
4.15325
4.15438
4.15692
4.15996
4.16238
4.16152
4.16390
4.16422
4.16530
4.16789
4.16932
4.17470
4.17892
4.18209
4.18398
4.18181
4.18188
4.18667
4.18376
4.18558
4.18418
4.18573
4.19060
4.19132
4.19622
4.19979
4.20386
4.20262
4.20193
4.20412
4.20933
4.21188
4.21191
4.21666
4.21557
4.21546
4.21790
4.21480
4.21824
4.22147
4.22529
4.22714
4.22800
4.22951
4.22875
4.22687
4.22901
4.23034
4.23314
4.23793
4.23892
4.24200
4.24648
4.24864
4.24994
4.25064
4.25148
4.25342
4.25799
4.25989
4.26155
4.26541
4.26674
4.26606
4.26828
4.26899
4.26803
4.26998
4.27152
4.27448
4.27331
4.27250
4.27897
4.28584
4.29029
4.28974
4.28886
4.29196
4.29389
4.29458
4.29560
4.29643
4.30090
