-0.00165
-0.02814
0.05539
-0.57765
0.22514
5.09085
5.89534
5.26406
5.35053
5.32651
5.32646
5.32888
5.33075
5.33055
5.33179
5.33608
5.33814
5.33994
5.34118
5.34353
5.34496
5.34743
5.34857
5.35019
5.35197
5.35047
5.35289
5.35719
5.36063
5.36030
5.36290
5.36446
5.36480
5.36742
5.37034
5.37356
5.37365
5.37449
5.37934
5.38194
5.38345
5.38293
5.38456
5.38841
5.38996
5.39089
5.39163
5.39363
5.39669
5.39659
5.39824
5.40425
5.40497
5.40506
5.40587
5.40776
5.40851
5.41147
5.41296
5.41356
5.41767
5.41802
5.41908
5.42176
5.42524
5.42727
5.42830
5.43159
5.43347
5.43410
5.43538
5.43654
5.43817
5.44111
5.44251
5.44294
5.44486
5.44624
5.45106
5.45347
5.45309
5.45551
5.45740
5.45826
5.46145
5.46409
5.46480
5.46659
5.46714
5.46757
5.46909
5.46982
5.47279
5.47672
5.47687
5.47682
5.47915
5.47956
5.48313
5.48512
