-0.00204
-0.03486
0.06864
-0.71571
0.27904
6.30738
7.30329
6.52171
6.62918
6.59784
6.59785
6.60078
6.60141
6.60292
6.60620
6.60867
6.61166
6.61421
6.61716
6.61839
6.61987
6.62157
6.62174
6.62400
6.62720
6.62769
6.62784
6.63283
6.63657
6.63742
6.64057
6.64292
6.64228
6.64410
6.64717
6.65156
6.65315
6.65470
6.65907
6.66066
6.66370
6.66522
6.66684
6.67082
6.67134
6.67331
6.67486
6.67787
6.68147
6.68232
6.68445
6.68891
6.69124
6.69170
6.69145
6.69381
6.69511
6.69673
6.69941
6.70142
6.70456
6.70544
6.70687
6.70933
6.71293
6.71585
6.71780
6.72065
6.72291
6.72381
6.72673
6.72816
6.73067
6.73244
6.73313
6.73472
6.73700
6.73974
6.74408
6.74565
6.74746
6.74856
6.74994
6.75312
6.75532
6.75839
6.75941
6.76110
6.76220
6.76199
6.76491
6.76711
6.76988
6.77322
6.77308
6.77451
6.77669
6.77774
6.78122
6.78427
