-0.00118
-0.02008
0.03951
-0.41227
0.16023
3.63365
4.21249
3.76481
3.82533
3.80559
3.80459
3.80603
3.80808
3.81477
3.81963
3.82129
3.82117
3.81935
3.82238
3.82358
3.82536
3.82689
3.82881
3.83007
3.83416
3.83885
3.83911
3.84193
3.84031
3.83971
3.84355
3.84796
3.84990
3.85150
3.85860
3.85948
3.85497
3.85634
3.85903
3.86208
3.86432
3.86769
3.87027
3.87097
3.87240
3.87790
3.88043
3.87824
3.87928
3.88179
3.88355
3.88446
3.89078
3.89363
3.89417
3.89875
3.89953
3.89894
3.90130
3.90649
3.91121
3.91143
3.91690
3.91969
3.91978
3.92400
3.92799
3.92778
3.93046
3.93080
3.92879
3.93049
3.93171
3.93407
3.93808
3.93962
3.94338
3.94811
3.94760
3.95049
3.95021
3.95183
3.95565
3.95757
3.95943
3.96105
3.96364
3.96788
3.96804
3.96901
3.97421
3.97666
3.97614
3.97755
3.97839
3.98165
3.98366
3.98255
3.98566
3.98596
