-0.00052
-0.00883
0.01759
-0.18176
0.07400
1.60132
1.82049
1.58592
1.62700
1.67895
1.68129
1.67768
1.68347
1.63231
1.59394
1.59780
1.62813
1.66464
1.65336
1.66904
1.67305
1.68244
1.69525
1.71603
1.69465
1.65721
1.67353
1.66676
1.73166
1.74957
1.72418
1.71889
1.70977
1.70782
1.67942
1.69094
1.74847
1.75127
1.74212
1.73768
1.73276
1.73306
1.72127
1.72175
1.72313
1.71601
1.71519
1.75181
1.76035
1.74886
1.76099
1.79592
1.72817
1.70437
1.74827
1.72275
1.72316
1.74060
1.75060
1.71496
1.68007
1.69623
1.64422
1.64001
1.67887
1.64982
1.61034
1.63281
1.63508
1.66888
1.71310
1.72094
1.72069
1.71419
1.71119
1.71162
1.69855
1.65897
1.66862
1.67754
1.69566
1.70218
1.69646
1.68882
1.68287
1.69412
1.67962
1.66694
1.69443
1.69310
1.67350
1.67988
1.68809
1.70310
1.73205
1.70827
1.71093
1.74419
1.73870
1.73503
