-0.00118
-0.02019
0.03974
-0.41453
0.16120
3.65359
4.23406
3.78324
3.84586
3.82285
3.81963
3.82324
3.82464
3.82911
3.83306
3.83504
3.83446
3.83322
3.83422
3.83455
3.83834
3.83798
3.83605
3.83883
3.84327
3.84771
3.84571
3.84830
3.84676
3.84559
3.84978
3.85368
3.85433
3.85408
3.85764
3.85808
3.85599
3.85841
3.86110
3.86055
3.86337
3.86765
3.86729
3.86898
3.87225
3.87407
3.87490
3.87326
3.87469
3.87547
3.87640
3.87856
3.88321
3.88564
3.88606
3.88699
3.88850
3.88888
3.89010
3.89503
3.89560
3.89729
3.90060
3.90097
3.90249
3.90499
3.90874
3.90897
3.91073
3.91222
3.91082
3.91060
3.91098
3.91324
3.91604
3.91688
3.92010
3.92376
3.92186
3.92374
3.92366
3.92458
3.92749
3.93017
3.93096
3.93033
3.93234
3.93617
3.93617
3.93760
3.93993
3.94188
3.94088
3.94342
3.94300
3.94537
3.94798
3.94783
3.94941
3.95035
