-0.00169
-0.02883
0.05677
-0.59188
0.23097
5.21612
6.03803
5.38967
5.47588
5.44838
5.44584
5.44508
5.44514
5.44401
5.44353
5.44322
5.44368
5.44426
5.44330
5.44294
5.44167
5.44051
5.44152
5.44164
5.44143
5.44130
5.44031
5.43915
5.43912
5.43929
5.43814
5.43792
5.43728
5.43734
5.43668
5.43542
5.43495
5.43388
5.43455
5.43337
5.43375
5.43519
5.43376
5.43324
5.43295
5.43334
5.43303
5.43214
5.43231
5.43123
5.42997
5.43048
5.42961
5.42950
5.42903
5.42859
5.42877
5.42702
5.42649
5.42663
5.42523
5.42582
5.42467
5.42329
5.42446
5.42482
5.42424
5.42331
5.42274
5.42282
5.42185
5.42092
5.42194
5.42137
5.42061
5.41968
5.41898
5.41794
5.41766
5.41739
5.41708
5.41698
5.41677
5.41625
5.41563
5.41607
5.41498
5.41363
5.41420
5.41424
5.41396
5.41343
5.41264
5.41326
5.41203
5.41116
5.41094
5.41048
5.41045
5.40850
