-0.00137
-0.02336
0.04600
-0.47957
0.18714
4.22653
4.89232
4.36615
4.43586
4.41252
4.40951
4.40894
4.40866
4.40868
4.40642
4.40292
4.40484
4.40390
4.40351
4.40268
4.40228
4.40258
4.40252
4.40086
4.40079
4.39911
4.39684
4.39786
4.39994
4.39662
4.39726
4.39763
4.39547
4.39445
4.39240
4.39151
4.39132
4.39198
4.39056
4.38984
4.39184
4.38884
4.38904
4.38902
4.38668
4.38560
4.38495
4.38639
4.38337
4.38039
4.38024
4.38042
4.38012
4.37919
4.37736
4.37730
4.37765
4.37396
4.37350
4.37405
4.37336
4.37241
4.37175
4.36996
4.37004
4.37104
4.36947
4.36676
4.36758
4.36564
4.36529
4.36652
4.36496
4.36247
4.35938
4.36062
4.36215
4.36022
4.35912
4.35630
4.35720
4.35804
4.35682
4.35502
4.35456
4.35127
4.35098
4.35084
4.34930
4.35005
4.34866
4.34843
4.35048
4.34989
4.34892
4.35114
4.35306
4.35357
4.35311
4.35414
