-0.00091
-0.01562
0.03076
-0.32071
0.12521
2.82622
3.27065
2.91929
2.96866
2.95508
2.95331
2.95540
2.95808
2.96010
2.95419
2.95635
2.95709
2.95370
2.95497
2.96224
2.95984
2.95272
2.95511
2.95647
2.95518
2.95534
2.95620
2.95474
2.95765
2.95953
2.95737
2.95821
2.95567
2.95836
2.95925
2.95562
2.96204
2.96167
2.95843
2.96336
2.96331
2.95991
2.96483
2.96484
2.96616
2.96636
2.96457
2.96417
2.95784
2.95968
2.96297
2.96340
2.96720
2.96196
2.96254
2.96291
2.96663
2.97148
2.96913
2.96962
2.96232
2.96157
2.96799
2.96377
2.96690
2.96665
2.96348
2.96865
2.96942
2.96902
2.96893
2.97235
2.97112
2.96733
2.97009
2.96965
2.96627
2.97171
2.97440
2.97258
2.97188
2.97663
2.97438
2.97305
2.97478
2.97321
2.96735
2.96790
2.96789
2.97288
2.97512
2.97067
2.96824
2.97051
2.98032
2.97992
2.97394
2.97777
2.98163
2.97816
