-0.00067
-0.01137
0.02225
-0.23275
0.08813
2.05979
2.40234
2.12427
2.11742
2.05573
2.08640
2.12885
2.12076
2.07660
2.05880
2.04894
2.07480
2.12525
2.11262
2.12137
2.14624
2.16220
2.15203
2.13281
2.13317
2.12007
2.10939
2.13203
2.14023
2.12316
2.14295
2.16149
2.18252
2.19902
2.16426
2.14394
2.13024
2.09845
2.08586
2.10726
2.12246
2.09088
2.08069
2.05255
2.06201
2.10960
2.11283
2.11545
2.12597
2.14410
2.13604
2.13740
2.16267
2.16097
2.13343
2.13337
2.11795
2.09425
2.08388
2.07464
2.09556
2.08983
2.11459
2.12704
2.13011
2.16604
2.17234
2.13487
2.12950
2.07804
2.07402
2.09376
2.07668
2.05747
2.10982
2.15927
2.10373
2.04713
2.07398
2.07593
2.06504
2.07648
2.11384
2.07829
2.06123
2.09436
2.09388
2.16769
2.12323
2.07093
2.08849
2.13029
2.08566
2.06926
2.08913
2.10274
2.12495
2.04557
2.03902
2.07656
