-0.00000
-0.00006
0.00011
-0.00120
0.00042
0.01069
0.01178
0.01186
0.01597
0.01425
0.01533
0.01199
0.01077
0.01182
0.01537
0.01040
0.01484
0.01664
0.01368
0.02028
0.01383
0.01218
0.01406
0.01538
0.01321
0.01094
0.01381
0.01108
0.01222
0.01408
0.01411
0.01684
0.01561
0.01072
0.01101
0.01489
0.01505
0.01573
0.01045
0.01047
0.01638
0.01648
0.01653
0.01512
0.01396
0.01190
0.01327
0.01528
0.01183
0.01108
0.01522
0.01436
0.01414
0.01209
0.01122
0.00988
0.01050
0.01448
0.01318
0.01166
0.01397
0.01377
0.01307
0.00999
0.01556
0.02052
0.01558
0.01498
0.01219
0.01445
0.01637
0.01347
0.01607
0.01321
0.01019
0.01673
0.01446
0.01425
0.01719
0.01676
0.01400
0.01260
0.02056
0.02027
0.01450
0.01515
0.01394
0.01063
0.01181
0.01319
0.01389
0.02478
0.01523
0.01484
0.01974
0.01453
0.02250
0.01976
0.01301
0.01167
