-0.00004
-0.00075
0.00145
-0.01531
0.00525
0.13679
0.16296
0.14129
0.14380
0.14357
0.13884
0.14849
0.15728
0.14319
0.13656
0.14274
0.14712
0.14120
0.14197
0.14226
0.14344
0.14503
0.14076
0.14033
0.14047
0.14013
0.14130
0.14386
0.14173
0.14156
0.14117
0.14359
0.14453
0.14760
0.14107
0.14064
0.14288
0.14321
0.14115
0.14238
0.14982
0.14495
0.14351
0.14050
0.13668
0.14550
0.14186
0.13719
0.14328
0.14356
0.14373
0.14311
0.14128
0.14436
0.14120
0.13908
0.13981
0.14118
0.14318
0.13953
0.14031
0.14487
0.14044
0.14384
0.14239
0.14147
0.14042
0.14107
0.14009
0.14009
0.14454
0.14405
0.14247
0.14011
0.13823
0.13853
0.14142
0.13962
0.14310
0.14652
0.13977
0.13961
0.13874
0.13829
0.14009
0.13950
0.14136
0.14332
0.14044
0.14070
0.13991
0.13806
0.14190
0.13952
0.13596
0.15031
0.14852
0.13739
0.13847
0.13709
