-0.00003
-0.00050
0.00098
-0.01025
0.00380
0.09067
0.10678
0.09211
0.09707
0.10755
0.09619
0.10602
0.10526
0.09973
0.12396
0.10041
0.09144
0.09273
0.09507
0.10003
0.09664
0.09641
0.09545
0.09879
0.09416
0.09072
0.09297
0.10166
0.09521
0.09234
0.09284
0.09284
0.09297
0.09378
0.09347
0.09337
0.09997
0.09868
0.09231
0.09800
0.10999
0.09721
0.09080
0.09313
0.09795
0.09406
0.09114
0.09414
0.09624
0.09482
0.09374
0.10479
0.09418
0.09159
0.09337
0.09206
0.09292
0.09193
0.09543
0.09553
0.09461
0.09710
0.09431
0.09435
0.09185
0.09666
0.10660
0.09845
0.09092
0.09078
0.09128
0.09212
0.08981
0.09397
0.10460
0.09485
0.09461
0.09821
0.09278
0.09231
0.09475
0.09478
0.09554
0.09252
0.09545
0.09525
0.09110
0.09396
0.10035
0.09227
0.08930
0.09190
0.10035
0.09453
0.09284
0.09109
0.09128
0.09124
0.09179
0.09433
