-0.00037
-0.00632
0.01242
-0.12959
0.05030
1.14321
1.32507
1.17603
1.19219
1.19090
1.18568
1.19824
1.21083
1.19901
1.18300
1.17502
1.17691
1.19459
1.19044
1.18344
1.19389
1.20832
1.20448
1.18775
1.18334
1.19852
1.20086
1.18686
1.19120
1.20190
1.20050
1.20358
1.21468
1.20583
1.19144
1.19926
1.21151
1.21420
1.19831
1.18688
1.19540
1.20761
1.20767
1.21465
1.21154
1.19794
1.21203
1.23162
1.21141
1.20279
1.20854
1.21250
1.21034
1.20753
1.20106
1.19796
1.20230
1.20687
1.20735
1.20741
1.20809
1.21522
1.22070
1.21611
1.21324
1.21948
1.22134
1.22669
1.21707
1.21716
1.21751
1.22390
1.23584
1.23882
1.23927
1.22886
1.23816
1.23748
1.22958
1.22557
1.23056
1.24718
1.25030
1.22648
1.21816
1.22633
1.23176
1.22619
1.23165
1.24474
1.23047
1.21892
1.20227
1.20946
1.20950
1.20381
1.21300
1.21440
1.20969
1.22709
