-0.00034
-0.00573
0.01129
-0.11765
0.04599
1.03648
1.20002
1.07205
1.08687
1.08254
1.08411
1.08193
1.08049
1.08298
1.08471
1.08285
1.07966
1.07948
1.08026
1.08072
1.08221
1.08130
1.08052
1.07996
1.08120
1.08089
1.08096
1.08430
1.08322
1.08191
1.07921
1.08093
1.08176
1.08096
1.08038
1.08025
1.08078
1.08139
1.08123
1.08219
1.08240
1.08203
1.08204
1.08240
1.08123
1.07950
1.08089
1.08209
1.08166
1.08239
1.08202
1.08137
1.08050
1.08056
1.08087
1.08178
1.08400
1.08368
1.08298
1.08326
1.08481
1.08069
1.08091
1.08082
1.08196
1.08340
1.08391
1.08185
1.07957
1.08040
1.08149
1.08211
1.08135
1.07972
1.08084
1.08343
1.08328
1.08241
1.08031
1.08150
1.08129
1.08227
1.08274
1.07940
1.07973
1.08079
1.08155
1.08257
1.08193
1.07910
1.08237
1.08348
1.08479
1.08356
1.08373
1.08401
1.08441
1.08434
1.08213
1.08223
