-0.00168
-0.02864
0.05637
-0.58785
0.22890
5.18153
6.00164
5.35619
5.44131
5.41628
5.41712
5.41439
5.41368
5.41582
5.41643
5.41888
5.41968
5.41697
5.41682
5.41819
5.41791
5.42053
5.41862
5.41903
5.42079
5.42196
5.42142
5.42084
5.41936
5.42133
5.42412
5.42336
5.42183
5.42176
5.42129
5.42412
5.42604
5.42519
5.42514
5.42434
5.42425
5.42584
5.42706
5.42676
5.42619
5.42775
5.42970
5.42646
5.42736
5.42705
5.42670
5.42669
5.42937
5.43128
5.42910
5.42888
5.42783
5.42664
5.42697
5.42924
5.42728
5.42648
5.42906
5.42886
5.42908
5.42987
5.43159
5.43215
5.43130
5.43204
5.42789
5.42601
5.42696
5.42844
5.43087
5.43097
5.43166
5.42822
5.42693
5.43005
5.43101
5.43104
5.42995
5.43106
5.43054
5.42984
5.43299
5.43056
5.42880
5.43041
5.43140
5.43405
5.43326
5.43423
5.43579
5.43152
5.42975
5.43171
5.43485
5.43581
