-0.00019
-0.00317
0.00622
-0.06495
0.02506
0.57316
0.66583
0.59207
0.59839
0.59731
0.59796
0.59680
0.59814
0.59757
0.59644
0.59600
0.59792
0.59800
0.59527
0.59611
0.59564
0.59321
0.59443
0.59764
0.59402
0.59291
0.59467
0.59632
0.59410
0.59324
0.59264
0.59258
0.59275
0.59338
0.59428
0.59336
0.59464
0.59353
0.59177
0.59012
0.59020
0.59016
0.59070
0.59279
0.59262
0.59093
0.59164
0.59268
0.58959
0.58579
0.58880
0.58956
0.59031
0.59017
0.58774
0.58815
0.59054
0.58956
0.58617
0.58651
0.58645
0.58415
0.58483
0.58599
0.58604
0.58693
0.58766
0.58655
0.58618
0.58680
0.58459
0.58611
0.58348
0.58208
0.58434
0.58690
0.58474
0.58474
0.58355
0.58238
0.58505
0.58528
0.58322
0.58454
0.58501
0.58549
0.58475
0.58308
0.58305
0.58401
0.58410
0.58475
0.58375
0.58263
0.58129
0.57930
0.57987
0.57892
0.58044
0.57973
