-0.00131
-0.02242
0.04415
-0.46028
0.17967
4.05625
4.69523
4.19080
4.25593
4.23485
4.23495
4.23323
4.23125
4.22962
4.23126
4.23049
4.22771
4.22771
4.22766
4.22698
4.22562
4.22491
4.22484
4.22439
4.22291
4.22161
4.22090
4.22157
4.21856
4.21835
4.21853
4.21799
4.21806
4.21855
4.21759
4.21281
4.20885
4.21024
4.20913
4.21015
4.20959
4.21057
4.21146
4.20851
4.20756
4.20480
4.20277
4.20360
4.20059
4.20108
4.20107
4.19913
4.19853
4.19753
4.19664
4.19418
4.19401
4.19500
4.19368
4.19228
4.19100
4.19245
4.19247
4.18886
4.18624
4.18553
4.18733
4.18736
4.18374
4.18609
4.18205
4.18015
4.18073
4.17722
4.17749
4.17815
4.17739
4.17796
4.17527
4.17646
4.17757
4.17397
4.16883
4.16582
4.16821
4.16721
4.16313
4.16339
4.16595
4.16541
4.16359
4.16559
4.16460
4.16401
4.16107
4.16102
4.16057
4.15902
4.15887
4.15844
