-0.00138
-0.02364
0.04656
-0.48541
0.18965
4.27713
4.95004
4.42020
4.48825
4.46430
4.46791
4.46924
4.46388
4.45825
4.46492
4.46509
4.46691
4.46701
4.46705
4.46749
4.47056
4.47124
4.46926
4.47164
4.46755
4.46636
4.46942
4.47011
4.47552
4.47925
4.47697
4.46975
4.47441
4.47408
4.47207
4.47187
4.47133
4.47538
4.47722
4.47681
4.47828
4.48011
4.48273
4.47791
4.47688
4.47693
4.47314
4.47703
4.47772
4.48117
4.48311
4.48286
4.48202
4.47684
4.48014
4.48139
4.48629
4.48585
4.48499
4.48641
4.48514
4.48537
4.48318
4.48159
4.48166
4.48245
4.48776
4.48947
4.48478
4.48328
4.48163
4.48284
4.48173
4.48119
4.48639
4.48710
4.48969
4.48831
4.48774
4.48907
4.49040
4.49175
4.49182
4.49099
4.49443
4.49503
4.49468
4.49086
4.48975
4.49815
4.49990
4.49613
4.49721
4.49040
4.48971
4.49184
4.49001
4.49161
4.49114
4.49331
