-0.00110
-0.01879
0.03699
-0.38578
0.15047
3.39902
3.93650
3.51989
3.57652
3.55599
3.55880
3.56296
3.56282
3.56302
3.56592
3.56779
3.56998
3.57404
3.57807
3.58087
3.58064
3.58158
3.58834
3.59008
3.59107
3.59386
3.59556
3.59428
3.59677
3.60185
3.60392
3.60614
3.60599
3.60748
3.61415
3.61820
3.61247
3.61519
3.61838
3.62454
3.62887
3.62824
3.62851
3.62906
3.63187
3.63605
3.64049
3.64463
3.64440
3.64428
3.64664
3.64513
3.64534
3.64844
3.64996
3.65474
3.65891
3.66001
3.65865
3.66420
3.66953
3.66972
3.67107
3.67143
3.67924
3.68879
3.68973
3.68364
3.68368
3.68871
3.68976
3.68933
3.69275
3.69887
3.70177
3.69640
3.70163
3.70371
3.70379
3.70906
3.71288
3.71697
3.71746
3.71873
3.72793
3.72653
3.72566
3.72931
3.72829
3.73303
3.73408
3.73893
3.74053
3.74395
3.74997
3.74955
3.74607
3.75139
3.75451
3.75554
