-0.00062
-0.01052
0.02070
-0.21600
0.08404
1.90329
2.20642
1.97415
2.00519
1.99498
1.99931
2.00356
2.00458
2.00405
2.00664
2.00881
2.01013
2.01358
2.01738
2.02357
2.02399
2.02183
2.02860
2.03151
2.03436
2.03642
2.03851
2.03896
2.03914
2.04593
2.04909
2.04675
2.04998
2.05527
2.06294
2.06824
2.06199
2.06239
2.06628
2.07138
2.07628
2.07603
2.07598
2.07651
2.07909
2.08551
2.08913
2.09275
2.09733
2.09572
2.09560
2.09807
2.09786
2.10078
2.10463
2.10698
2.11238
2.11349
2.11135
2.11738
2.12409
2.12647
2.12901
2.12621
2.13218
2.14195
2.14205
2.13746
2.14141
2.14515
2.14576
2.14653
2.15187
2.15611
2.15932
2.15772
2.16374
2.16539
2.16465
2.16968
2.17406
2.17311
2.17747
2.18325
2.18996
2.18970
2.18680
2.18872
2.19222
2.19483
2.19765
2.20183
2.20073
2.20799
2.21634
2.21413
2.21316
2.21964
2.22029
2.22235
