-0.00140
-0.02395
0.04715
-0.49170
0.19162
4.33313
5.01913
4.48380
4.55324
4.53040
4.53232
4.52923
4.53495
4.53748
4.53525
4.53697
4.53896
4.54206
4.54271
4.54289
4.54808
4.54822
4.54719
4.54680
4.54963
4.54393
4.54296
4.54899
4.55380
4.55442
4.55471
4.55063
4.54629
4.54871
4.55422
4.56096
4.56056
4.56323
4.56646
4.56550
4.56753
4.56718
4.56081
4.55872
4.56704
4.56878
4.56604
4.56913
4.57002
4.56978
4.57150
4.56923
4.57030
4.57455
4.57316
4.58101
4.58388
4.57993
4.58081
4.58119
4.58137
4.58214
4.57983
4.58242
4.59155
4.59276
4.59088
4.59559
4.59433
4.59371
4.59241
4.59342
4.59560
4.59862
4.59715
4.59817
4.60358
4.60237
4.60198
4.60268
4.60059
4.60033
4.60644
4.61152
4.61074
4.61017
4.60949
4.60903
4.61210
4.61195
4.61374
4.61626
4.61880
4.62373
4.62408
4.62278
4.62315
4.62515
4.62523
4.62473
