-0.00059
-0.01013
0.01992
-0.20787
0.08034
1.83427
2.12503
1.89213
1.93426
1.92497
1.92870
1.92555
1.89647
1.90921
1.91570
1.90444
1.89961
1.89177
1.89575
1.90249
1.88544
1.87429
1.90240
1.92377
1.91663
1.98248
2.00522
1.96329
1.90096
1.89489
1.92278
1.94371
1.99277
2.02690
1.95110
1.90719
1.90397
1.88784
1.88917
1.90682
1.91057
1.92299
2.00374
2.04051
1.95123
1.94762
1.99217
1.97252
1.97311
1.98616
1.99166
2.00816
2.02590
1.99066
1.97358
1.93671
1.91826
1.96173
1.96997
1.97072
1.99741
2.02151
2.04346
2.01386
1.95415
1.95004
1.95858
1.92256
1.92653
1.96255
1.99266
1.98134
1.97846
1.96821
1.97265
1.95911
1.93072
1.95275
1.97503
1.99112
2.02059
1.99656
1.96261
1.93988
1.94542
1.98946
1.99850
2.00245
1.98712
1.99506
1.98865
1.96475
1.93688
1.92967
1.93563
1.94141
1.94966
1.92635
1.93077
1.94909
