-0.00136
-0.02318
0.04568
-0.47609
0.18623
4.19488
4.85283
4.33179
4.39950
4.37738
4.37533
4.37212
4.37102
4.36868
4.36592
4.36550
4.36383
4.36346
4.36100
4.35968
4.35831
4.35775
4.35757
4.35462
4.35145
4.35016
4.34867
4.34913
4.34754
4.34502
4.34336
4.34178
4.33961
4.33745
4.33714
4.33804
4.33496
4.33269
4.33114
4.32922
4.32756
4.32651
4.32645
4.32529
4.32310
4.31947
4.31919
4.31904
4.31580
4.31434
4.31310
4.31051
4.30924
4.30723
4.30719
4.30484
4.30100
4.30099
4.30020
4.29865
4.29714
4.29587
4.29439
4.29352
4.29248
4.29068
4.28892
4.28812
4.28640
4.28471
4.28316
4.28105
4.27911
4.27741
4.27708
4.27611
4.27461
4.27287
4.27089
4.26937
4.26870
4.26643
4.26471
4.26310
4.26221
4.25949
4.25736
4.25630
4.25517
4.25363
4.25184
4.25158
4.24968
4.24690
4.24677
4.24484
4.24204
4.24076
4.23937
4.23803
