-0.00183
-0.03123
0.06150
-0.64115
0.25025
5.65017
6.54020
5.83797
5.93130
5.90211
5.89983
5.89959
5.89898
5.89956
5.90022
5.89954
5.89962
5.89999
5.89913
5.89790
5.89750
5.89731
5.89626
5.89724
5.89585
5.89312
5.89574
5.89620
5.89469
5.89561
5.89632
5.89568
5.89510
5.89420
5.89406
5.89374
5.89323
5.89456
5.89255
5.89222
5.89217
5.89054
5.89043
5.89078
5.89056
5.89114
5.89086
5.89035
5.88967
5.88932
5.88936
5.88890
5.88945
5.88941
5.88793
5.88894
5.88875
5.88727
5.88729
5.88738
5.88619
5.88661
5.88630
5.88435
5.88543
5.88326
5.88210
5.88304
5.88321
5.88359
5.88258
5.88244
5.88296
5.88179
5.88244
5.88045
5.87995
5.88024
5.87869
5.87915
5.87917
5.87866
5.87836
5.87751
5.87799
5.87769
5.87647
5.87570
5.87578
5.87632
5.87500
5.87315
5.87433
5.87291
5.87279
5.87323
5.87212
5.87119
5.87248
5.87208
